location,forecast_date,target,target_end_date,type,quantile,value
06,2021-06-28,1 day ahead inc hosp,2021-06-29,quantile,0.01,142.67088688816852
06,2021-06-28,1 day ahead inc hosp,2021-06-29,quantile,0.025,149.28667493832856
06,2021-06-28,1 day ahead inc hosp,2021-06-29,quantile,0.05,155.21241437834325
06,2021-06-28,1 day ahead inc hosp,2021-06-29,quantile,0.1,162.25928120312298
06,2021-06-28,1 day ahead inc hosp,2021-06-29,quantile,0.15,167.285701966389
06,2021-06-28,1 day ahead inc hosp,2021-06-29,quantile,0.2,170.95456274206734
06,2021-06-28,1 day ahead inc hosp,2021-06-29,quantile,0.25,175.08216235468757
06,2021-06-28,1 day ahead inc hosp,2021-06-29,quantile,0.3,177.2794627355885
06,2021-06-28,1 day ahead inc hosp,2021-06-29,quantile,0.35,180.30493622312326
06,2021-06-28,1 day ahead inc hosp,2021-06-29,quantile,0.4,183.32253699316146
06,2021-06-28,1 day ahead inc hosp,2021-06-29,quantile,0.45,185.98990587646097
06,2021-06-28,1 day ahead inc hosp,2021-06-29,quantile,0.5,188.37152757846587
06,2021-06-28,1 day ahead inc hosp,2021-06-29,quantile,0.55,190.839367249106
06,2021-06-28,1 day ahead inc hosp,2021-06-29,quantile,0.6,193.9549212770596
06,2021-06-28,1 day ahead inc hosp,2021-06-29,quantile,0.65,196.79981963317064
06,2021-06-28,1 day ahead inc hosp,2021-06-29,quantile,0.7,199.73803086995244
06,2021-06-28,1 day ahead inc hosp,2021-06-29,quantile,0.75,202.81213658092034
06,2021-06-28,1 day ahead inc hosp,2021-06-29,quantile,0.8,206.24042530825346
06,2021-06-28,1 day ahead inc hosp,2021-06-29,quantile,0.85,210.52191738913044
06,2021-06-28,1 day ahead inc hosp,2021-06-29,quantile,0.9,215.30795244197517
06,2021-06-28,1 day ahead inc hosp,2021-06-29,quantile,0.95,224.6059679605898
06,2021-06-28,1 day ahead inc hosp,2021-06-29,quantile,0.975,231.98865686357163
06,2021-06-28,1 day ahead inc hosp,2021-06-29,quantile,0.99,242.78791979177015
06,2021-06-28,2 day ahead inc hosp,2021-06-30,quantile,0.01,149.52502726163436
06,2021-06-28,2 day ahead inc hosp,2021-06-30,quantile,0.025,162.43244863642252
06,2021-06-28,2 day ahead inc hosp,2021-06-30,quantile,0.05,169.04822597759198
06,2021-06-28,2 day ahead inc hosp,2021-06-30,quantile,0.1,175.86410907927657
06,2021-06-28,2 day ahead inc hosp,2021-06-30,quantile,0.15,181.96938899829667
06,2021-06-28,2 day ahead inc hosp,2021-06-30,quantile,0.2,186.50956078776662
06,2021-06-28,2 day ahead inc hosp,2021-06-30,quantile,0.25,190.76475014816899
06,2021-06-28,2 day ahead inc hosp,2021-06-30,quantile,0.3,194.6412179597907
06,2021-06-28,2 day ahead inc hosp,2021-06-30,quantile,0.35,199.28914909985315
06,2021-06-28,2 day ahead inc hosp,2021-06-30,quantile,0.4,202.77134959946088
06,2021-06-28,2 day ahead inc hosp,2021-06-30,quantile,0.45,205.61519200429757
06,2021-06-28,2 day ahead inc hosp,2021-06-30,quantile,0.5,209.24512733613352
06,2021-06-28,2 day ahead inc hosp,2021-06-30,quantile,0.55,212.9561866402885
06,2021-06-28,2 day ahead inc hosp,2021-06-30,quantile,0.6,217.23697726137266
06,2021-06-28,2 day ahead inc hosp,2021-06-30,quantile,0.65,221.44000036622984
06,2021-06-28,2 day ahead inc hosp,2021-06-30,quantile,0.7,225.3341473419829
06,2021-06-28,2 day ahead inc hosp,2021-06-30,quantile,0.75,229.37032398624115
06,2021-06-28,2 day ahead inc hosp,2021-06-30,quantile,0.8,233.7234630908594
06,2021-06-28,2 day ahead inc hosp,2021-06-30,quantile,0.85,238.96273600230174
06,2021-06-28,2 day ahead inc hosp,2021-06-30,quantile,0.9,247.75267516633198
06,2021-06-28,2 day ahead inc hosp,2021-06-30,quantile,0.95,257.9496532491274
06,2021-06-28,2 day ahead inc hosp,2021-06-30,quantile,0.975,270.04314500191794
06,2021-06-28,2 day ahead inc hosp,2021-06-30,quantile,0.99,278.87718397587815
06,2021-06-28,3 day ahead inc hosp,2021-07-01,quantile,0.01,137.19126954518651
06,2021-06-28,3 day ahead inc hosp,2021-07-01,quantile,0.025,149.2067435246873
06,2021-06-28,3 day ahead inc hosp,2021-07-01,quantile,0.05,157.48642613864567
06,2021-06-28,3 day ahead inc hosp,2021-07-01,quantile,0.1,167.93035578873625
06,2021-06-28,3 day ahead inc hosp,2021-07-01,quantile,0.15,174.12873377774494
06,2021-06-28,3 day ahead inc hosp,2021-07-01,quantile,0.2,178.31829148845335
06,2021-06-28,3 day ahead inc hosp,2021-07-01,quantile,0.25,184.35477033203165
06,2021-06-28,3 day ahead inc hosp,2021-07-01,quantile,0.3,189.20029373003214
06,2021-06-28,3 day ahead inc hosp,2021-07-01,quantile,0.35,194.74849186808214
06,2021-06-28,3 day ahead inc hosp,2021-07-01,quantile,0.4,198.13663245915686
06,2021-06-28,3 day ahead inc hosp,2021-07-01,quantile,0.45,201.5863350257524
06,2021-06-28,3 day ahead inc hosp,2021-07-01,quantile,0.5,205.67943707608825
06,2021-06-28,3 day ahead inc hosp,2021-07-01,quantile,0.55,209.5027081058223
06,2021-06-28,3 day ahead inc hosp,2021-07-01,quantile,0.6,213.2655173709666
06,2021-06-28,3 day ahead inc hosp,2021-07-01,quantile,0.65,217.0251510433947
06,2021-06-28,3 day ahead inc hosp,2021-07-01,quantile,0.7,222.58156844880017
06,2021-06-28,3 day ahead inc hosp,2021-07-01,quantile,0.75,227.4292652242801
06,2021-06-28,3 day ahead inc hosp,2021-07-01,quantile,0.8,233.10243403023404
06,2021-06-28,3 day ahead inc hosp,2021-07-01,quantile,0.85,241.67498147523548
06,2021-06-28,3 day ahead inc hosp,2021-07-01,quantile,0.9,249.80528093494243
06,2021-06-28,3 day ahead inc hosp,2021-07-01,quantile,0.95,263.2587769730662
06,2021-06-28,3 day ahead inc hosp,2021-07-01,quantile,0.975,274.8785033290142
06,2021-06-28,3 day ahead inc hosp,2021-07-01,quantile,0.99,283.8054718885246
06,2021-06-28,4 day ahead inc hosp,2021-07-02,quantile,0.01,131.33364938410696
06,2021-06-28,4 day ahead inc hosp,2021-07-02,quantile,0.025,138.68294520291354
06,2021-06-28,4 day ahead inc hosp,2021-07-02,quantile,0.05,144.8115228247353
06,2021-06-28,4 day ahead inc hosp,2021-07-02,quantile,0.1,154.64114395811455
06,2021-06-28,4 day ahead inc hosp,2021-07-02,quantile,0.15,162.2780812585579
06,2021-06-28,4 day ahead inc hosp,2021-07-02,quantile,0.2,169.65859109520167
06,2021-06-28,4 day ahead inc hosp,2021-07-02,quantile,0.25,173.95494516324604
06,2021-06-28,4 day ahead inc hosp,2021-07-02,quantile,0.3,178.23180662952143
06,2021-06-28,4 day ahead inc hosp,2021-07-02,quantile,0.35,183.25308000082578
06,2021-06-28,4 day ahead inc hosp,2021-07-02,quantile,0.4,187.35386445264479
06,2021-06-28,4 day ahead inc hosp,2021-07-02,quantile,0.45,191.09690514736738
06,2021-06-28,4 day ahead inc hosp,2021-07-02,quantile,0.5,196.02137541810893
06,2021-06-28,4 day ahead inc hosp,2021-07-02,quantile,0.55,200.12636301516983
06,2021-06-28,4 day ahead inc hosp,2021-07-02,quantile,0.6,204.712755853188
06,2021-06-28,4 day ahead inc hosp,2021-07-02,quantile,0.65,209.77566994522323
06,2021-06-28,4 day ahead inc hosp,2021-07-02,quantile,0.7,214.97707081726128
06,2021-06-28,4 day ahead inc hosp,2021-07-02,quantile,0.75,219.89200630333275
06,2021-06-28,4 day ahead inc hosp,2021-07-02,quantile,0.8,227.52544323075782
06,2021-06-28,4 day ahead inc hosp,2021-07-02,quantile,0.85,234.47790421069413
06,2021-06-28,4 day ahead inc hosp,2021-07-02,quantile,0.9,245.0355562269572
06,2021-06-28,4 day ahead inc hosp,2021-07-02,quantile,0.95,258.2397289518035
06,2021-06-28,4 day ahead inc hosp,2021-07-02,quantile,0.975,270.7656248105465
06,2021-06-28,4 day ahead inc hosp,2021-07-02,quantile,0.99,282.3795026615321
06,2021-06-28,5 day ahead inc hosp,2021-07-03,quantile,0.01,112.94582239236064
06,2021-06-28,5 day ahead inc hosp,2021-07-03,quantile,0.025,122.98118808069097
06,2021-06-28,5 day ahead inc hosp,2021-07-03,quantile,0.05,133.23714450760934
06,2021-06-28,5 day ahead inc hosp,2021-07-03,quantile,0.1,142.45023240414451
06,2021-06-28,5 day ahead inc hosp,2021-07-03,quantile,0.15,149.8379551623603
06,2021-06-28,5 day ahead inc hosp,2021-07-03,quantile,0.2,156.68536301399848
06,2021-06-28,5 day ahead inc hosp,2021-07-03,quantile,0.25,163.75507131320245
06,2021-06-28,5 day ahead inc hosp,2021-07-03,quantile,0.3,168.81149460384088
06,2021-06-28,5 day ahead inc hosp,2021-07-03,quantile,0.35,172.71911927637103
06,2021-06-28,5 day ahead inc hosp,2021-07-03,quantile,0.4,177.3414705656729
06,2021-06-28,5 day ahead inc hosp,2021-07-03,quantile,0.45,182.46689134996038
06,2021-06-28,5 day ahead inc hosp,2021-07-03,quantile,0.5,187.50139459448954
06,2021-06-28,5 day ahead inc hosp,2021-07-03,quantile,0.55,191.65414153111925
06,2021-06-28,5 day ahead inc hosp,2021-07-03,quantile,0.6,196.22530065981888
06,2021-06-28,5 day ahead inc hosp,2021-07-03,quantile,0.65,201.27654582490615
06,2021-06-28,5 day ahead inc hosp,2021-07-03,quantile,0.7,207.56270875497532
06,2021-06-28,5 day ahead inc hosp,2021-07-03,quantile,0.75,213.80804947835364
06,2021-06-28,5 day ahead inc hosp,2021-07-03,quantile,0.8,220.05486873459176
06,2021-06-28,5 day ahead inc hosp,2021-07-03,quantile,0.85,228.46773262174776
06,2021-06-28,5 day ahead inc hosp,2021-07-03,quantile,0.9,237.0747237436135
06,2021-06-28,5 day ahead inc hosp,2021-07-03,quantile,0.95,252.57419125945106
06,2021-06-28,5 day ahead inc hosp,2021-07-03,quantile,0.975,265.297909821601
06,2021-06-28,5 day ahead inc hosp,2021-07-03,quantile,0.99,287.0844534075738
06,2021-06-28,6 day ahead inc hosp,2021-07-04,quantile,0.01,114.76768312096847
06,2021-06-28,6 day ahead inc hosp,2021-07-04,quantile,0.025,127.07167414400674
06,2021-06-28,6 day ahead inc hosp,2021-07-04,quantile,0.05,136.83320455391302
06,2021-06-28,6 day ahead inc hosp,2021-07-04,quantile,0.1,149.4011850028403
06,2021-06-28,6 day ahead inc hosp,2021-07-04,quantile,0.15,159.81686787596462
06,2021-06-28,6 day ahead inc hosp,2021-07-04,quantile,0.2,166.25045837716172
06,2021-06-28,6 day ahead inc hosp,2021-07-04,quantile,0.25,171.7110284768284
06,2021-06-28,6 day ahead inc hosp,2021-07-04,quantile,0.3,178.3791518509477
06,2021-06-28,6 day ahead inc hosp,2021-07-04,quantile,0.35,186.12016986357858
06,2021-06-28,6 day ahead inc hosp,2021-07-04,quantile,0.4,190.69665107531222
06,2021-06-28,6 day ahead inc hosp,2021-07-04,quantile,0.45,196.53620603242936
06,2021-06-28,6 day ahead inc hosp,2021-07-04,quantile,0.5,200.994730541475
06,2021-06-28,6 day ahead inc hosp,2021-07-04,quantile,0.55,207.57322983532487
06,2021-06-28,6 day ahead inc hosp,2021-07-04,quantile,0.6,212.88488943949562
06,2021-06-28,6 day ahead inc hosp,2021-07-04,quantile,0.65,218.49969904221905
06,2021-06-28,6 day ahead inc hosp,2021-07-04,quantile,0.7,224.56848906152953
06,2021-06-28,6 day ahead inc hosp,2021-07-04,quantile,0.75,232.0707345905266
06,2021-06-28,6 day ahead inc hosp,2021-07-04,quantile,0.8,237.13304202447296
06,2021-06-28,6 day ahead inc hosp,2021-07-04,quantile,0.85,246.0998705104226
06,2021-06-28,6 day ahead inc hosp,2021-07-04,quantile,0.9,257.81753473811693
06,2021-06-28,6 day ahead inc hosp,2021-07-04,quantile,0.95,275.0851187834327
06,2021-06-28,6 day ahead inc hosp,2021-07-04,quantile,0.975,286.8028245524194
06,2021-06-28,6 day ahead inc hosp,2021-07-04,quantile,0.99,305.6319955364959
06,2021-06-28,7 day ahead inc hosp,2021-07-05,quantile,0.01,128.08557400750144
06,2021-06-28,7 day ahead inc hosp,2021-07-05,quantile,0.025,144.0788782659268
06,2021-06-28,7 day ahead inc hosp,2021-07-05,quantile,0.05,156.44173522302236
06,2021-06-28,7 day ahead inc hosp,2021-07-05,quantile,0.1,170.38874229408972
06,2021-06-28,7 day ahead inc hosp,2021-07-05,quantile,0.15,181.41749053962542
06,2021-06-28,7 day ahead inc hosp,2021-07-05,quantile,0.2,190.06322338819348
06,2021-06-28,7 day ahead inc hosp,2021-07-05,quantile,0.25,198.60356273510763
06,2021-06-28,7 day ahead inc hosp,2021-07-05,quantile,0.3,206.31365705205704
06,2021-06-28,7 day ahead inc hosp,2021-07-05,quantile,0.35,213.5268532378059
06,2021-06-28,7 day ahead inc hosp,2021-07-05,quantile,0.4,220.8235170779822
06,2021-06-28,7 day ahead inc hosp,2021-07-05,quantile,0.45,226.42708962986438
06,2021-06-28,7 day ahead inc hosp,2021-07-05,quantile,0.5,233.34674854056092
06,2021-06-28,7 day ahead inc hosp,2021-07-05,quantile,0.55,238.5198618663865
06,2021-06-28,7 day ahead inc hosp,2021-07-05,quantile,0.6,244.3733443161759
06,2021-06-28,7 day ahead inc hosp,2021-07-05,quantile,0.65,250.99207790678457
06,2021-06-28,7 day ahead inc hosp,2021-07-05,quantile,0.7,257.0131770724163
06,2021-06-28,7 day ahead inc hosp,2021-07-05,quantile,0.75,264.358617471802
06,2021-06-28,7 day ahead inc hosp,2021-07-05,quantile,0.8,275.1515049609163
06,2021-06-28,7 day ahead inc hosp,2021-07-05,quantile,0.85,283.21657626888043
06,2021-06-28,7 day ahead inc hosp,2021-07-05,quantile,0.9,295.44954586888286
06,2021-06-28,7 day ahead inc hosp,2021-07-05,quantile,0.95,321.29347945247525
06,2021-06-28,7 day ahead inc hosp,2021-07-05,quantile,0.975,348.9829156518527
06,2021-06-28,7 day ahead inc hosp,2021-07-05,quantile,0.99,380.571059711674
06,2021-06-28,8 day ahead inc hosp,2021-07-06,quantile,0.01,115.14416454702908
06,2021-06-28,8 day ahead inc hosp,2021-07-06,quantile,0.025,127.52572102115374
06,2021-06-28,8 day ahead inc hosp,2021-07-06,quantile,0.05,139.15193186638948
06,2021-06-28,8 day ahead inc hosp,2021-07-06,quantile,0.1,159.08510548788882
06,2021-06-28,8 day ahead inc hosp,2021-07-06,quantile,0.15,170.59172477944472
06,2021-06-28,8 day ahead inc hosp,2021-07-06,quantile,0.2,180.10573503936916
06,2021-06-28,8 day ahead inc hosp,2021-07-06,quantile,0.25,190.25810061255075
06,2021-06-28,8 day ahead inc hosp,2021-07-06,quantile,0.3,199.82629557439267
06,2021-06-28,8 day ahead inc hosp,2021-07-06,quantile,0.35,207.18456777557037
06,2021-06-28,8 day ahead inc hosp,2021-07-06,quantile,0.4,215.1287044019436
06,2021-06-28,8 day ahead inc hosp,2021-07-06,quantile,0.45,221.19186845788423
06,2021-06-28,8 day ahead inc hosp,2021-07-06,quantile,0.5,228.01043737582557
06,2021-06-28,8 day ahead inc hosp,2021-07-06,quantile,0.55,235.58868629872947
06,2021-06-28,8 day ahead inc hosp,2021-07-06,quantile,0.6,245.33641180390384
06,2021-06-28,8 day ahead inc hosp,2021-07-06,quantile,0.65,252.80732776725304
06,2021-06-28,8 day ahead inc hosp,2021-07-06,quantile,0.7,259.33613665233855
06,2021-06-28,8 day ahead inc hosp,2021-07-06,quantile,0.75,269.0058905881873
06,2021-06-28,8 day ahead inc hosp,2021-07-06,quantile,0.8,277.1436703625022
06,2021-06-28,8 day ahead inc hosp,2021-07-06,quantile,0.85,290.006076631494
06,2021-06-28,8 day ahead inc hosp,2021-07-06,quantile,0.9,306.70219645693766
06,2021-06-28,8 day ahead inc hosp,2021-07-06,quantile,0.95,336.9310422479684
06,2021-06-28,8 day ahead inc hosp,2021-07-06,quantile,0.975,359.3137459808728
06,2021-06-28,8 day ahead inc hosp,2021-07-06,quantile,0.99,407.77279519727387
06,2021-06-28,9 day ahead inc hosp,2021-07-07,quantile,0.01,111.7156805134059
06,2021-06-28,9 day ahead inc hosp,2021-07-07,quantile,0.025,127.50310121328855
06,2021-06-28,9 day ahead inc hosp,2021-07-07,quantile,0.05,143.48663087355314
06,2021-06-28,9 day ahead inc hosp,2021-07-07,quantile,0.1,160.89408819099853
06,2021-06-28,9 day ahead inc hosp,2021-07-07,quantile,0.15,174.251334929397
06,2021-06-28,9 day ahead inc hosp,2021-07-07,quantile,0.2,188.03084501983378
06,2021-06-28,9 day ahead inc hosp,2021-07-07,quantile,0.25,198.0594738012484
06,2021-06-28,9 day ahead inc hosp,2021-07-07,quantile,0.3,206.1019142557959
06,2021-06-28,9 day ahead inc hosp,2021-07-07,quantile,0.35,212.92134915170598
06,2021-06-28,9 day ahead inc hosp,2021-07-07,quantile,0.4,219.44290450260846
06,2021-06-28,9 day ahead inc hosp,2021-07-07,quantile,0.45,228.05684590995236
06,2021-06-28,9 day ahead inc hosp,2021-07-07,quantile,0.5,235.64438513735533
06,2021-06-28,9 day ahead inc hosp,2021-07-07,quantile,0.55,245.46891558254396
06,2021-06-28,9 day ahead inc hosp,2021-07-07,quantile,0.6,254.76932511912224
06,2021-06-28,9 day ahead inc hosp,2021-07-07,quantile,0.65,262.58070713753216
06,2021-06-28,9 day ahead inc hosp,2021-07-07,quantile,0.7,274.014112463191
06,2021-06-28,9 day ahead inc hosp,2021-07-07,quantile,0.75,283.1834070754214
06,2021-06-28,9 day ahead inc hosp,2021-07-07,quantile,0.8,296.25405865249735
06,2021-06-28,9 day ahead inc hosp,2021-07-07,quantile,0.85,312.1521528781092
06,2021-06-28,9 day ahead inc hosp,2021-07-07,quantile,0.9,330.89519800984596
06,2021-06-28,9 day ahead inc hosp,2021-07-07,quantile,0.95,372.26100035787704
06,2021-06-28,9 day ahead inc hosp,2021-07-07,quantile,0.975,413.65330069724763
06,2021-06-28,9 day ahead inc hosp,2021-07-07,quantile,0.99,452.82570531709354
06,2021-06-28,10 day ahead inc hosp,2021-07-08,quantile,0.01,106.19043065451787
06,2021-06-28,10 day ahead inc hosp,2021-07-08,quantile,0.025,121.16579975604519
06,2021-06-28,10 day ahead inc hosp,2021-07-08,quantile,0.05,139.10795641000624
06,2021-06-28,10 day ahead inc hosp,2021-07-08,quantile,0.1,157.45875806252468
06,2021-06-28,10 day ahead inc hosp,2021-07-08,quantile,0.15,171.47104246961737
06,2021-06-28,10 day ahead inc hosp,2021-07-08,quantile,0.2,182.88423310968193
06,2021-06-28,10 day ahead inc hosp,2021-07-08,quantile,0.25,192.707037537861
06,2021-06-28,10 day ahead inc hosp,2021-07-08,quantile,0.3,201.96829939150115
06,2021-06-28,10 day ahead inc hosp,2021-07-08,quantile,0.35,212.41434937712006
06,2021-06-28,10 day ahead inc hosp,2021-07-08,quantile,0.4,220.2699442426458
06,2021-06-28,10 day ahead inc hosp,2021-07-08,quantile,0.45,229.74409369979017
06,2021-06-28,10 day ahead inc hosp,2021-07-08,quantile,0.5,237.6129564685574
06,2021-06-28,10 day ahead inc hosp,2021-07-08,quantile,0.55,245.80509552503224
06,2021-06-28,10 day ahead inc hosp,2021-07-08,quantile,0.6,256.2980853166213
06,2021-06-28,10 day ahead inc hosp,2021-07-08,quantile,0.65,266.2909455404247
06,2021-06-28,10 day ahead inc hosp,2021-07-08,quantile,0.7,278.1570846797917
06,2021-06-28,10 day ahead inc hosp,2021-07-08,quantile,0.75,291.6081996781622
06,2021-06-28,10 day ahead inc hosp,2021-07-08,quantile,0.8,305.00575372545626
06,2021-06-28,10 day ahead inc hosp,2021-07-08,quantile,0.85,319.0908139482807
06,2021-06-28,10 day ahead inc hosp,2021-07-08,quantile,0.9,344.0761025285045
06,2021-06-28,10 day ahead inc hosp,2021-07-08,quantile,0.95,377.6256420583371
06,2021-06-28,10 day ahead inc hosp,2021-07-08,quantile,0.975,412.49072632971115
06,2021-06-28,10 day ahead inc hosp,2021-07-08,quantile,0.99,465.8964566230658
06,2021-06-28,11 day ahead inc hosp,2021-07-09,quantile,0.01,90.85950086646402
06,2021-06-28,11 day ahead inc hosp,2021-07-09,quantile,0.025,108.06256195490731
06,2021-06-28,11 day ahead inc hosp,2021-07-09,quantile,0.05,123.7647416455058
06,2021-06-28,11 day ahead inc hosp,2021-07-09,quantile,0.1,143.45959426438125
06,2021-06-28,11 day ahead inc hosp,2021-07-09,quantile,0.15,160.563432737639
06,2021-06-28,11 day ahead inc hosp,2021-07-09,quantile,0.2,174.108250349454
06,2021-06-28,11 day ahead inc hosp,2021-07-09,quantile,0.25,186.52406405530184
06,2021-06-28,11 day ahead inc hosp,2021-07-09,quantile,0.3,196.29483870669853
06,2021-06-28,11 day ahead inc hosp,2021-07-09,quantile,0.35,204.0720549810267
06,2021-06-28,11 day ahead inc hosp,2021-07-09,quantile,0.4,210.5373104421732
06,2021-06-28,11 day ahead inc hosp,2021-07-09,quantile,0.45,219.8626945235985
06,2021-06-28,11 day ahead inc hosp,2021-07-09,quantile,0.5,228.9257127518431
06,2021-06-28,11 day ahead inc hosp,2021-07-09,quantile,0.55,240.12139141107227
06,2021-06-28,11 day ahead inc hosp,2021-07-09,quantile,0.6,249.87749857723702
06,2021-06-28,11 day ahead inc hosp,2021-07-09,quantile,0.65,260.1805716183837
06,2021-06-28,11 day ahead inc hosp,2021-07-09,quantile,0.7,273.38648731071794
06,2021-06-28,11 day ahead inc hosp,2021-07-09,quantile,0.75,291.5217767598453
06,2021-06-28,11 day ahead inc hosp,2021-07-09,quantile,0.8,301.6073474618512
06,2021-06-28,11 day ahead inc hosp,2021-07-09,quantile,0.85,322.3880298398982
06,2021-06-28,11 day ahead inc hosp,2021-07-09,quantile,0.9,349.4340094469796
06,2021-06-28,11 day ahead inc hosp,2021-07-09,quantile,0.95,379.6876749333058
06,2021-06-28,11 day ahead inc hosp,2021-07-09,quantile,0.975,419.8613650389379
06,2021-06-28,11 day ahead inc hosp,2021-07-09,quantile,0.99,463.8903837340576
06,2021-06-28,12 day ahead inc hosp,2021-07-10,quantile,0.01,77.2549500957143
06,2021-06-28,12 day ahead inc hosp,2021-07-10,quantile,0.025,97.33321149307815
06,2021-06-28,12 day ahead inc hosp,2021-07-10,quantile,0.05,110.23874082180764
06,2021-06-28,12 day ahead inc hosp,2021-07-10,quantile,0.1,133.32137674119107
06,2021-06-28,12 day ahead inc hosp,2021-07-10,quantile,0.15,150.2911553101609
06,2021-06-28,12 day ahead inc hosp,2021-07-10,quantile,0.2,163.30951942387708
06,2021-06-28,12 day ahead inc hosp,2021-07-10,quantile,0.25,175.1832459578443
06,2021-06-28,12 day ahead inc hosp,2021-07-10,quantile,0.3,184.11523333120255
06,2021-06-28,12 day ahead inc hosp,2021-07-10,quantile,0.35,193.1735511584519
06,2021-06-28,12 day ahead inc hosp,2021-07-10,quantile,0.4,204.4986676132365
06,2021-06-28,12 day ahead inc hosp,2021-07-10,quantile,0.45,213.25731929630078
06,2021-06-28,12 day ahead inc hosp,2021-07-10,quantile,0.5,222.86026808615193
06,2021-06-28,12 day ahead inc hosp,2021-07-10,quantile,0.55,232.85381068326717
06,2021-06-28,12 day ahead inc hosp,2021-07-10,quantile,0.6,242.8160730751252
06,2021-06-28,12 day ahead inc hosp,2021-07-10,quantile,0.65,255.02524666012204
06,2021-06-28,12 day ahead inc hosp,2021-07-10,quantile,0.7,266.72217009257446
06,2021-06-28,12 day ahead inc hosp,2021-07-10,quantile,0.75,282.66854880109065
06,2021-06-28,12 day ahead inc hosp,2021-07-10,quantile,0.8,297.23313810162637
06,2021-06-28,12 day ahead inc hosp,2021-07-10,quantile,0.85,320.7380695706519
06,2021-06-28,12 day ahead inc hosp,2021-07-10,quantile,0.9,347.9469024275718
06,2021-06-28,12 day ahead inc hosp,2021-07-10,quantile,0.95,379.0760676954446
06,2021-06-28,12 day ahead inc hosp,2021-07-10,quantile,0.975,426.4366976330968
06,2021-06-28,12 day ahead inc hosp,2021-07-10,quantile,0.99,489.269256256231
06,2021-06-28,13 day ahead inc hosp,2021-07-11,quantile,0.01,78.3102588388311
06,2021-06-28,13 day ahead inc hosp,2021-07-11,quantile,0.025,89.27985074762778
06,2021-06-28,13 day ahead inc hosp,2021-07-11,quantile,0.05,109.98267565776104
06,2021-06-28,13 day ahead inc hosp,2021-07-11,quantile,0.1,132.78648958319644
06,2021-06-28,13 day ahead inc hosp,2021-07-11,quantile,0.15,152.63539161023175
06,2021-06-28,13 day ahead inc hosp,2021-07-11,quantile,0.2,165.74768097896734
06,2021-06-28,13 day ahead inc hosp,2021-07-11,quantile,0.25,177.77283726171822
06,2021-06-28,13 day ahead inc hosp,2021-07-11,quantile,0.3,188.95803716019236
06,2021-06-28,13 day ahead inc hosp,2021-07-11,quantile,0.35,200.36891791578054
06,2021-06-28,13 day ahead inc hosp,2021-07-11,quantile,0.4,210.3552607177224
06,2021-06-28,13 day ahead inc hosp,2021-07-11,quantile,0.45,221.81661249860053
06,2021-06-28,13 day ahead inc hosp,2021-07-11,quantile,0.5,232.99482979332035
06,2021-06-28,13 day ahead inc hosp,2021-07-11,quantile,0.55,241.9705222490775
06,2021-06-28,13 day ahead inc hosp,2021-07-11,quantile,0.6,253.60352917939153
06,2021-06-28,13 day ahead inc hosp,2021-07-11,quantile,0.65,266.7261338242249
06,2021-06-28,13 day ahead inc hosp,2021-07-11,quantile,0.7,279.13191845760736
06,2021-06-28,13 day ahead inc hosp,2021-07-11,quantile,0.75,294.91659472216156
06,2021-06-28,13 day ahead inc hosp,2021-07-11,quantile,0.8,316.85192420861165
06,2021-06-28,13 day ahead inc hosp,2021-07-11,quantile,0.85,342.34590139720234
06,2021-06-28,13 day ahead inc hosp,2021-07-11,quantile,0.9,369.5977062234863
06,2021-06-28,13 day ahead inc hosp,2021-07-11,quantile,0.95,416.012972014651
06,2021-06-28,13 day ahead inc hosp,2021-07-11,quantile,0.975,443.76603853854436
06,2021-06-28,13 day ahead inc hosp,2021-07-11,quantile,0.99,509.9272023512538
06,2021-06-28,14 day ahead inc hosp,2021-07-12,quantile,0.01,81.66712667505503
06,2021-06-28,14 day ahead inc hosp,2021-07-12,quantile,0.025,96.85686809348138
06,2021-06-28,14 day ahead inc hosp,2021-07-12,quantile,0.05,117.7305831233194
06,2021-06-28,14 day ahead inc hosp,2021-07-12,quantile,0.1,147.31696528784803
06,2021-06-28,14 day ahead inc hosp,2021-07-12,quantile,0.15,165.93046877874096
06,2021-06-28,14 day ahead inc hosp,2021-07-12,quantile,0.2,182.88132829003445
06,2021-06-28,14 day ahead inc hosp,2021-07-12,quantile,0.25,194.07042378174307
06,2021-06-28,14 day ahead inc hosp,2021-07-12,quantile,0.3,205.84042701330753
06,2021-06-28,14 day ahead inc hosp,2021-07-12,quantile,0.35,216.85987394331127
06,2021-06-28,14 day ahead inc hosp,2021-07-12,quantile,0.4,227.25449707401663
06,2021-06-28,14 day ahead inc hosp,2021-07-12,quantile,0.45,241.040009631992
06,2021-06-28,14 day ahead inc hosp,2021-07-12,quantile,0.5,251.54180499176022
06,2021-06-28,14 day ahead inc hosp,2021-07-12,quantile,0.55,264.62528445561264
06,2021-06-28,14 day ahead inc hosp,2021-07-12,quantile,0.6,279.13581242739116
06,2021-06-28,14 day ahead inc hosp,2021-07-12,quantile,0.65,294.28639765767826
06,2021-06-28,14 day ahead inc hosp,2021-07-12,quantile,0.7,311.5120887632403
06,2021-06-28,14 day ahead inc hosp,2021-07-12,quantile,0.75,331.56025710336513
06,2021-06-28,14 day ahead inc hosp,2021-07-12,quantile,0.8,354.2873293434635
06,2021-06-28,14 day ahead inc hosp,2021-07-12,quantile,0.85,381.09230690658086
06,2021-06-28,14 day ahead inc hosp,2021-07-12,quantile,0.9,409.75797939541064
06,2021-06-28,14 day ahead inc hosp,2021-07-12,quantile,0.95,472.3152706224211
06,2021-06-28,14 day ahead inc hosp,2021-07-12,quantile,0.975,509.70694325064585
06,2021-06-28,14 day ahead inc hosp,2021-07-12,quantile,0.99,565.5763033524725
06,2021-06-28,15 day ahead inc hosp,2021-07-13,quantile,0.01,69.29782157771648
06,2021-06-28,15 day ahead inc hosp,2021-07-13,quantile,0.025,90.12024044865517
06,2021-06-28,15 day ahead inc hosp,2021-07-13,quantile,0.05,115.48357350470464
06,2021-06-28,15 day ahead inc hosp,2021-07-13,quantile,0.1,141.2302810078009
06,2021-06-28,15 day ahead inc hosp,2021-07-13,quantile,0.15,160.7961384218468
06,2021-06-28,15 day ahead inc hosp,2021-07-13,quantile,0.2,177.4068133147633
06,2021-06-28,15 day ahead inc hosp,2021-07-13,quantile,0.25,190.46181575354044
06,2021-06-28,15 day ahead inc hosp,2021-07-13,quantile,0.3,200.64020914126638
06,2021-06-28,15 day ahead inc hosp,2021-07-13,quantile,0.35,214.85924310142062
06,2021-06-28,15 day ahead inc hosp,2021-07-13,quantile,0.4,229.05665764596677
06,2021-06-28,15 day ahead inc hosp,2021-07-13,quantile,0.45,244.05110916451656
06,2021-06-28,15 day ahead inc hosp,2021-07-13,quantile,0.5,257.3263594116209
06,2021-06-28,15 day ahead inc hosp,2021-07-13,quantile,0.55,266.75411273871043
06,2021-06-28,15 day ahead inc hosp,2021-07-13,quantile,0.6,283.6391518311788
06,2021-06-28,15 day ahead inc hosp,2021-07-13,quantile,0.65,297.55714665685025
06,2021-06-28,15 day ahead inc hosp,2021-07-13,quantile,0.7,317.1836270042937
06,2021-06-28,15 day ahead inc hosp,2021-07-13,quantile,0.75,336.8363014076696
06,2021-06-28,15 day ahead inc hosp,2021-07-13,quantile,0.8,356.64168271874206
06,2021-06-28,15 day ahead inc hosp,2021-07-13,quantile,0.85,384.2960696302317
06,2021-06-28,15 day ahead inc hosp,2021-07-13,quantile,0.9,423.7584123207513
06,2021-06-28,15 day ahead inc hosp,2021-07-13,quantile,0.95,488.3720356739534
06,2021-06-28,15 day ahead inc hosp,2021-07-13,quantile,0.975,539.8310633099642
06,2021-06-28,15 day ahead inc hosp,2021-07-13,quantile,0.99,612.1901095030787
06,2021-06-28,16 day ahead inc hosp,2021-07-14,quantile,0.01,65.52171092268145
06,2021-06-28,16 day ahead inc hosp,2021-07-14,quantile,0.025,86.68211894755879
06,2021-06-28,16 day ahead inc hosp,2021-07-14,quantile,0.05,114.02996808142778
06,2021-06-28,16 day ahead inc hosp,2021-07-14,quantile,0.1,140.5087097080045
06,2021-06-28,16 day ahead inc hosp,2021-07-14,quantile,0.15,157.60647651101195
06,2021-06-28,16 day ahead inc hosp,2021-07-14,quantile,0.2,175.78072243728278
06,2021-06-28,16 day ahead inc hosp,2021-07-14,quantile,0.25,190.01841327020048
06,2021-06-28,16 day ahead inc hosp,2021-07-14,quantile,0.3,201.81941810679035
06,2021-06-28,16 day ahead inc hosp,2021-07-14,quantile,0.35,219.82990804962537
06,2021-06-28,16 day ahead inc hosp,2021-07-14,quantile,0.4,230.879737723587
06,2021-06-28,16 day ahead inc hosp,2021-07-14,quantile,0.45,246.15651492919648
06,2021-06-28,16 day ahead inc hosp,2021-07-14,quantile,0.5,257.8661137586826
06,2021-06-28,16 day ahead inc hosp,2021-07-14,quantile,0.55,274.73547120374946
06,2021-06-28,16 day ahead inc hosp,2021-07-14,quantile,0.6,288.5840983541248
06,2021-06-28,16 day ahead inc hosp,2021-07-14,quantile,0.65,304.21760822203015
06,2021-06-28,16 day ahead inc hosp,2021-07-14,quantile,0.7,321.7371067068646
06,2021-06-28,16 day ahead inc hosp,2021-07-14,quantile,0.75,347.7405058417683
06,2021-06-28,16 day ahead inc hosp,2021-07-14,quantile,0.8,372.06890766621956
06,2021-06-28,16 day ahead inc hosp,2021-07-14,quantile,0.85,404.7125088211793
06,2021-06-28,16 day ahead inc hosp,2021-07-14,quantile,0.9,448.6504516047491
06,2021-06-28,16 day ahead inc hosp,2021-07-14,quantile,0.95,525.4011455314135
06,2021-06-28,16 day ahead inc hosp,2021-07-14,quantile,0.975,596.5030066117029
06,2021-06-28,16 day ahead inc hosp,2021-07-14,quantile,0.99,656.8215437669937
06,2021-06-28,17 day ahead inc hosp,2021-07-15,quantile,0.01,66.41085650114513
06,2021-06-28,17 day ahead inc hosp,2021-07-15,quantile,0.025,80.08089949324098
06,2021-06-28,17 day ahead inc hosp,2021-07-15,quantile,0.05,106.56368896938739
06,2021-06-28,17 day ahead inc hosp,2021-07-15,quantile,0.1,137.56229761745072
06,2021-06-28,17 day ahead inc hosp,2021-07-15,quantile,0.15,155.72211219374518
06,2021-06-28,17 day ahead inc hosp,2021-07-15,quantile,0.2,170.28380286705226
06,2021-06-28,17 day ahead inc hosp,2021-07-15,quantile,0.25,186.5151955385277
06,2021-06-28,17 day ahead inc hosp,2021-07-15,quantile,0.3,200.08899541563466
06,2021-06-28,17 day ahead inc hosp,2021-07-15,quantile,0.35,217.73844789609694
06,2021-06-28,17 day ahead inc hosp,2021-07-15,quantile,0.4,231.67327877029166
06,2021-06-28,17 day ahead inc hosp,2021-07-15,quantile,0.45,245.95167207033785
06,2021-06-28,17 day ahead inc hosp,2021-07-15,quantile,0.5,261.2682523004584
06,2021-06-28,17 day ahead inc hosp,2021-07-15,quantile,0.55,276.33228104741244
06,2021-06-28,17 day ahead inc hosp,2021-07-15,quantile,0.6,292.4249384533242
06,2021-06-28,17 day ahead inc hosp,2021-07-15,quantile,0.65,310.0808518727873
06,2021-06-28,17 day ahead inc hosp,2021-07-15,quantile,0.7,335.7330273437433
06,2021-06-28,17 day ahead inc hosp,2021-07-15,quantile,0.75,358.343267475396
06,2021-06-28,17 day ahead inc hosp,2021-07-15,quantile,0.8,384.10090316962186
06,2021-06-28,17 day ahead inc hosp,2021-07-15,quantile,0.85,410.192569509707
06,2021-06-28,17 day ahead inc hosp,2021-07-15,quantile,0.9,453.5128274652802
06,2021-06-28,17 day ahead inc hosp,2021-07-15,quantile,0.95,557.9457780954557
06,2021-06-28,17 day ahead inc hosp,2021-07-15,quantile,0.975,638.5006810955298
06,2021-06-28,17 day ahead inc hosp,2021-07-15,quantile,0.99,709.2290859062726
06,2021-06-28,18 day ahead inc hosp,2021-07-16,quantile,0.01,52.12672834317274
06,2021-06-28,18 day ahead inc hosp,2021-07-16,quantile,0.025,74.63873982050603
06,2021-06-28,18 day ahead inc hosp,2021-07-16,quantile,0.05,100.99477446242196
06,2021-06-28,18 day ahead inc hosp,2021-07-16,quantile,0.1,128.4691517070391
06,2021-06-28,18 day ahead inc hosp,2021-07-16,quantile,0.15,147.59276829670526
06,2021-06-28,18 day ahead inc hosp,2021-07-16,quantile,0.2,165.2542527000778
06,2021-06-28,18 day ahead inc hosp,2021-07-16,quantile,0.25,182.00723805506013
06,2021-06-28,18 day ahead inc hosp,2021-07-16,quantile,0.3,195.50346021850348
06,2021-06-28,18 day ahead inc hosp,2021-07-16,quantile,0.35,210.61704993368352
06,2021-06-28,18 day ahead inc hosp,2021-07-16,quantile,0.4,226.875947886954
06,2021-06-28,18 day ahead inc hosp,2021-07-16,quantile,0.45,241.22947682371654
06,2021-06-28,18 day ahead inc hosp,2021-07-16,quantile,0.5,255.98850905738092
06,2021-06-28,18 day ahead inc hosp,2021-07-16,quantile,0.55,267.97313442857353
06,2021-06-28,18 day ahead inc hosp,2021-07-16,quantile,0.6,287.0700624102604
06,2021-06-28,18 day ahead inc hosp,2021-07-16,quantile,0.65,310.17708080651784
06,2021-06-28,18 day ahead inc hosp,2021-07-16,quantile,0.7,328.89027950413487
06,2021-06-28,18 day ahead inc hosp,2021-07-16,quantile,0.75,355.1105365836411
06,2021-06-28,18 day ahead inc hosp,2021-07-16,quantile,0.8,384.363155016939
06,2021-06-28,18 day ahead inc hosp,2021-07-16,quantile,0.85,416.03893733919176
06,2021-06-28,18 day ahead inc hosp,2021-07-16,quantile,0.9,462.2406059424755
06,2021-06-28,18 day ahead inc hosp,2021-07-16,quantile,0.95,570.1151208371944
06,2021-06-28,18 day ahead inc hosp,2021-07-16,quantile,0.975,655.8549198110147
06,2021-06-28,18 day ahead inc hosp,2021-07-16,quantile,0.99,750.7134611459853
06,2021-06-28,19 day ahead inc hosp,2021-07-17,quantile,0.01,42.73825092815396
06,2021-06-28,19 day ahead inc hosp,2021-07-17,quantile,0.025,67.62989830609284
06,2021-06-28,19 day ahead inc hosp,2021-07-17,quantile,0.05,92.18315493724359
06,2021-06-28,19 day ahead inc hosp,2021-07-17,quantile,0.1,119.3045630531278
06,2021-06-28,19 day ahead inc hosp,2021-07-17,quantile,0.15,140.8492517259978
06,2021-06-28,19 day ahead inc hosp,2021-07-17,quantile,0.2,158.17798746469376
06,2021-06-28,19 day ahead inc hosp,2021-07-17,quantile,0.25,170.9772594438268
06,2021-06-28,19 day ahead inc hosp,2021-07-17,quantile,0.3,186.36579828778093
06,2021-06-28,19 day ahead inc hosp,2021-07-17,quantile,0.35,204.8595758276963
06,2021-06-28,19 day ahead inc hosp,2021-07-17,quantile,0.4,221.32502320421992
06,2021-06-28,19 day ahead inc hosp,2021-07-17,quantile,0.45,235.67920322894938
06,2021-06-28,19 day ahead inc hosp,2021-07-17,quantile,0.5,251.959997299674
06,2021-06-28,19 day ahead inc hosp,2021-07-17,quantile,0.55,271.1395454250265
06,2021-06-28,19 day ahead inc hosp,2021-07-17,quantile,0.6,284.7035013756274
06,2021-06-28,19 day ahead inc hosp,2021-07-17,quantile,0.65,299.28756264999646
06,2021-06-28,19 day ahead inc hosp,2021-07-17,quantile,0.7,326.14371728534974
06,2021-06-28,19 day ahead inc hosp,2021-07-17,quantile,0.75,351.9120968805458
06,2021-06-28,19 day ahead inc hosp,2021-07-17,quantile,0.8,388.9031094593759
06,2021-06-28,19 day ahead inc hosp,2021-07-17,quantile,0.85,423.667905515195
06,2021-06-28,19 day ahead inc hosp,2021-07-17,quantile,0.9,468.70889442475095
06,2021-06-28,19 day ahead inc hosp,2021-07-17,quantile,0.95,560.8388469588918
06,2021-06-28,19 day ahead inc hosp,2021-07-17,quantile,0.975,697.1740414003579
06,2021-06-28,19 day ahead inc hosp,2021-07-17,quantile,0.99,771.2335323103796
06,2021-06-28,20 day ahead inc hosp,2021-07-18,quantile,0.01,38.836031291808936
06,2021-06-28,20 day ahead inc hosp,2021-07-18,quantile,0.025,63.112370369622084
06,2021-06-28,20 day ahead inc hosp,2021-07-18,quantile,0.05,90.05013252200845
06,2021-06-28,20 day ahead inc hosp,2021-07-18,quantile,0.1,115.5695077520302
06,2021-06-28,20 day ahead inc hosp,2021-07-18,quantile,0.15,138.34858116090743
06,2021-06-28,20 day ahead inc hosp,2021-07-18,quantile,0.2,157.02574462002076
06,2021-06-28,20 day ahead inc hosp,2021-07-18,quantile,0.25,170.98312426821582
06,2021-06-28,20 day ahead inc hosp,2021-07-18,quantile,0.3,188.0404666215056
06,2021-06-28,20 day ahead inc hosp,2021-07-18,quantile,0.35,206.04291247559627
06,2021-06-28,20 day ahead inc hosp,2021-07-18,quantile,0.4,220.84018143181365
06,2021-06-28,20 day ahead inc hosp,2021-07-18,quantile,0.45,237.50474856290995
06,2021-06-28,20 day ahead inc hosp,2021-07-18,quantile,0.5,254.27456768448198
06,2021-06-28,20 day ahead inc hosp,2021-07-18,quantile,0.55,274.6255794896434
06,2021-06-28,20 day ahead inc hosp,2021-07-18,quantile,0.6,289.7505192469575
06,2021-06-28,20 day ahead inc hosp,2021-07-18,quantile,0.65,310.1113138771552
06,2021-06-28,20 day ahead inc hosp,2021-07-18,quantile,0.7,336.7755240988797
06,2021-06-28,20 day ahead inc hosp,2021-07-18,quantile,0.75,367.1884349393212
06,2021-06-28,20 day ahead inc hosp,2021-07-18,quantile,0.8,397.042705810206
06,2021-06-28,20 day ahead inc hosp,2021-07-18,quantile,0.85,436.09221952275936
06,2021-06-28,20 day ahead inc hosp,2021-07-18,quantile,0.9,504.52706783447525
06,2021-06-28,20 day ahead inc hosp,2021-07-18,quantile,0.95,599.8448521299468
06,2021-06-28,20 day ahead inc hosp,2021-07-18,quantile,0.975,674.9940058452117
06,2021-06-28,20 day ahead inc hosp,2021-07-18,quantile,0.99,794.6144791308226
06,2021-06-28,21 day ahead inc hosp,2021-07-19,quantile,0.01,43.49015060826364
06,2021-06-28,21 day ahead inc hosp,2021-07-19,quantile,0.025,59.86617661367299
06,2021-06-28,21 day ahead inc hosp,2021-07-19,quantile,0.05,86.30003960273709
06,2021-06-28,21 day ahead inc hosp,2021-07-19,quantile,0.1,123.70049958258299
06,2021-06-28,21 day ahead inc hosp,2021-07-19,quantile,0.15,142.0298606080223
06,2021-06-28,21 day ahead inc hosp,2021-07-19,quantile,0.2,165.51912035100852
06,2021-06-28,21 day ahead inc hosp,2021-07-19,quantile,0.25,180.56417210589393
06,2021-06-28,21 day ahead inc hosp,2021-07-19,quantile,0.3,200.8033206505614
06,2021-06-28,21 day ahead inc hosp,2021-07-19,quantile,0.35,216.57749188835155
06,2021-06-28,21 day ahead inc hosp,2021-07-19,quantile,0.4,234.06453040972738
06,2021-06-28,21 day ahead inc hosp,2021-07-19,quantile,0.45,253.03424891763177
06,2021-06-28,21 day ahead inc hosp,2021-07-19,quantile,0.5,275.794018127947
06,2021-06-28,21 day ahead inc hosp,2021-07-19,quantile,0.55,289.8892193453924
06,2021-06-28,21 day ahead inc hosp,2021-07-19,quantile,0.6,306.6084108020661
06,2021-06-28,21 day ahead inc hosp,2021-07-19,quantile,0.65,330.8338409504806
06,2021-06-28,21 day ahead inc hosp,2021-07-19,quantile,0.7,354.9195963279179
06,2021-06-28,21 day ahead inc hosp,2021-07-19,quantile,0.75,382.0692544223526
06,2021-06-28,21 day ahead inc hosp,2021-07-19,quantile,0.8,424.4454055488416
06,2021-06-28,21 day ahead inc hosp,2021-07-19,quantile,0.85,476.3271307012001
06,2021-06-28,21 day ahead inc hosp,2021-07-19,quantile,0.9,552.8853297838652
06,2021-06-28,21 day ahead inc hosp,2021-07-19,quantile,0.95,640.9847315604102
06,2021-06-28,21 day ahead inc hosp,2021-07-19,quantile,0.975,732.8054487771966
06,2021-06-28,21 day ahead inc hosp,2021-07-19,quantile,0.99,854.5480592091942
06,2021-06-28,22 day ahead inc hosp,2021-07-20,quantile,0.01,38.65960962995999
06,2021-06-28,22 day ahead inc hosp,2021-07-20,quantile,0.025,58.475939858634526
06,2021-06-28,22 day ahead inc hosp,2021-07-20,quantile,0.05,88.85844096237251
06,2021-06-28,22 day ahead inc hosp,2021-07-20,quantile,0.1,115.56306810158759
06,2021-06-28,22 day ahead inc hosp,2021-07-20,quantile,0.15,138.03032477414197
06,2021-06-28,22 day ahead inc hosp,2021-07-20,quantile,0.2,161.3415379090166
06,2021-06-28,22 day ahead inc hosp,2021-07-20,quantile,0.25,181.12822859892785
06,2021-06-28,22 day ahead inc hosp,2021-07-20,quantile,0.3,201.72043847233792
06,2021-06-28,22 day ahead inc hosp,2021-07-20,quantile,0.35,218.94327786437967
06,2021-06-28,22 day ahead inc hosp,2021-07-20,quantile,0.4,236.35418554942774
06,2021-06-28,22 day ahead inc hosp,2021-07-20,quantile,0.45,255.37699804369043
06,2021-06-28,22 day ahead inc hosp,2021-07-20,quantile,0.5,277.57559495934214
06,2021-06-28,22 day ahead inc hosp,2021-07-20,quantile,0.55,295.84544459539785
06,2021-06-28,22 day ahead inc hosp,2021-07-20,quantile,0.6,315.0408369591102
06,2021-06-28,22 day ahead inc hosp,2021-07-20,quantile,0.65,337.5615687544299
06,2021-06-28,22 day ahead inc hosp,2021-07-20,quantile,0.7,366.16703800710525
06,2021-06-28,22 day ahead inc hosp,2021-07-20,quantile,0.75,393.2618635992328
06,2021-06-28,22 day ahead inc hosp,2021-07-20,quantile,0.8,433.80137506356766
06,2021-06-28,22 day ahead inc hosp,2021-07-20,quantile,0.85,487.1352212009982
06,2021-06-28,22 day ahead inc hosp,2021-07-20,quantile,0.9,576.1091664070871
06,2021-06-28,22 day ahead inc hosp,2021-07-20,quantile,0.95,690.3043769348062
06,2021-06-28,22 day ahead inc hosp,2021-07-20,quantile,0.975,769.1574331423487
06,2021-06-28,22 day ahead inc hosp,2021-07-20,quantile,0.99,897.6967548564346
06,2021-06-28,23 day ahead inc hosp,2021-07-21,quantile,0.01,32.96090337414985
06,2021-06-28,23 day ahead inc hosp,2021-07-21,quantile,0.025,59.93121266212769
06,2021-06-28,23 day ahead inc hosp,2021-07-21,quantile,0.05,82.86328893095606
06,2021-06-28,23 day ahead inc hosp,2021-07-21,quantile,0.1,112.63767175371908
06,2021-06-28,23 day ahead inc hosp,2021-07-21,quantile,0.15,138.51897749654742
06,2021-06-28,23 day ahead inc hosp,2021-07-21,quantile,0.2,159.74958608347816
06,2021-06-28,23 day ahead inc hosp,2021-07-21,quantile,0.25,180.0564376329602
06,2021-06-28,23 day ahead inc hosp,2021-07-21,quantile,0.3,203.61945541544446
06,2021-06-28,23 day ahead inc hosp,2021-07-21,quantile,0.35,219.71465779447888
06,2021-06-28,23 day ahead inc hosp,2021-07-21,quantile,0.4,239.66238352971473
06,2021-06-28,23 day ahead inc hosp,2021-07-21,quantile,0.45,258.9171894149354
06,2021-06-28,23 day ahead inc hosp,2021-07-21,quantile,0.5,276.5550798923693
06,2021-06-28,23 day ahead inc hosp,2021-07-21,quantile,0.55,296.32804446851316
06,2021-06-28,23 day ahead inc hosp,2021-07-21,quantile,0.6,317.32477715501545
06,2021-06-28,23 day ahead inc hosp,2021-07-21,quantile,0.65,348.0989870789801
06,2021-06-28,23 day ahead inc hosp,2021-07-21,quantile,0.7,378.6172007132737
06,2021-06-28,23 day ahead inc hosp,2021-07-21,quantile,0.75,411.0990007998596
06,2021-06-28,23 day ahead inc hosp,2021-07-21,quantile,0.8,450.3035847242925
06,2021-06-28,23 day ahead inc hosp,2021-07-21,quantile,0.85,505.3492555688781
06,2021-06-28,23 day ahead inc hosp,2021-07-21,quantile,0.9,588.2892893269216
06,2021-06-28,23 day ahead inc hosp,2021-07-21,quantile,0.95,720.7150839958457
06,2021-06-28,23 day ahead inc hosp,2021-07-21,quantile,0.975,822.9580488633576
06,2021-06-28,23 day ahead inc hosp,2021-07-21,quantile,0.99,980.6112979097287
06,2021-06-28,24 day ahead inc hosp,2021-07-22,quantile,0.01,27.44767297486225
06,2021-06-28,24 day ahead inc hosp,2021-07-22,quantile,0.025,52.73701053950555
06,2021-06-28,24 day ahead inc hosp,2021-07-22,quantile,0.05,77.42895809539719
06,2021-06-28,24 day ahead inc hosp,2021-07-22,quantile,0.1,108.72036190285066
06,2021-06-28,24 day ahead inc hosp,2021-07-22,quantile,0.15,133.05051204365344
06,2021-06-28,24 day ahead inc hosp,2021-07-22,quantile,0.2,156.72055856661714
06,2021-06-28,24 day ahead inc hosp,2021-07-22,quantile,0.25,179.95056759136287
06,2021-06-28,24 day ahead inc hosp,2021-07-22,quantile,0.3,198.49302922692644
06,2021-06-28,24 day ahead inc hosp,2021-07-22,quantile,0.35,215.91268150487463
06,2021-06-28,24 day ahead inc hosp,2021-07-22,quantile,0.4,240.9140362556884
06,2021-06-28,24 day ahead inc hosp,2021-07-22,quantile,0.45,265.6219990263209
06,2021-06-28,24 day ahead inc hosp,2021-07-22,quantile,0.5,281.8692840522301
06,2021-06-28,24 day ahead inc hosp,2021-07-22,quantile,0.55,299.9575457505782
06,2021-06-28,24 day ahead inc hosp,2021-07-22,quantile,0.6,324.9956425880144
06,2021-06-28,24 day ahead inc hosp,2021-07-22,quantile,0.65,347.16275456370727
06,2021-06-28,24 day ahead inc hosp,2021-07-22,quantile,0.7,379.5501187151346
06,2021-06-28,24 day ahead inc hosp,2021-07-22,quantile,0.75,419.4168631847131
06,2021-06-28,24 day ahead inc hosp,2021-07-22,quantile,0.8,459.72473708802437
06,2021-06-28,24 day ahead inc hosp,2021-07-22,quantile,0.85,526.6397594664655
06,2021-06-28,24 day ahead inc hosp,2021-07-22,quantile,0.9,601.3255390919046
06,2021-06-28,24 day ahead inc hosp,2021-07-22,quantile,0.95,744.7399992065019
06,2021-06-28,24 day ahead inc hosp,2021-07-22,quantile,0.975,890.5124227459602
06,2021-06-28,24 day ahead inc hosp,2021-07-22,quantile,0.99,1013.3818797888512
06,2021-06-28,25 day ahead inc hosp,2021-07-23,quantile,0.01,25.937642485168507
06,2021-06-28,25 day ahead inc hosp,2021-07-23,quantile,0.025,54.64874922852657
06,2021-06-28,25 day ahead inc hosp,2021-07-23,quantile,0.05,78.4719075486185
06,2021-06-28,25 day ahead inc hosp,2021-07-23,quantile,0.1,101.02241028315909
06,2021-06-28,25 day ahead inc hosp,2021-07-23,quantile,0.15,132.0123181663465
06,2021-06-28,25 day ahead inc hosp,2021-07-23,quantile,0.2,150.41233185988622
06,2021-06-28,25 day ahead inc hosp,2021-07-23,quantile,0.25,169.52757004531978
06,2021-06-28,25 day ahead inc hosp,2021-07-23,quantile,0.3,194.9298935289852
06,2021-06-28,25 day ahead inc hosp,2021-07-23,quantile,0.35,216.5054163457833
06,2021-06-28,25 day ahead inc hosp,2021-07-23,quantile,0.4,240.42130460348844
06,2021-06-28,25 day ahead inc hosp,2021-07-23,quantile,0.45,258.24674152898433
06,2021-06-28,25 day ahead inc hosp,2021-07-23,quantile,0.5,274.39347593219185
06,2021-06-28,25 day ahead inc hosp,2021-07-23,quantile,0.55,298.8538304374166
06,2021-06-28,25 day ahead inc hosp,2021-07-23,quantile,0.6,320.86153566949696
06,2021-06-28,25 day ahead inc hosp,2021-07-23,quantile,0.65,351.4896482549047
06,2021-06-28,25 day ahead inc hosp,2021-07-23,quantile,0.7,389.2828736572466
06,2021-06-28,25 day ahead inc hosp,2021-07-23,quantile,0.75,420.4169684841443
06,2021-06-28,25 day ahead inc hosp,2021-07-23,quantile,0.8,465.2934804127405
06,2021-06-28,25 day ahead inc hosp,2021-07-23,quantile,0.85,526.9457296039409
06,2021-06-28,25 day ahead inc hosp,2021-07-23,quantile,0.9,608.3991445162517
06,2021-06-28,25 day ahead inc hosp,2021-07-23,quantile,0.95,763.9163637069017
06,2021-06-28,25 day ahead inc hosp,2021-07-23,quantile,0.975,953.4863217035636
06,2021-06-28,25 day ahead inc hosp,2021-07-23,quantile,0.99,1084.6389561458657
06,2021-06-28,26 day ahead inc hosp,2021-07-24,quantile,0.01,21.736625610501804
06,2021-06-28,26 day ahead inc hosp,2021-07-24,quantile,0.025,47.43908234865033
06,2021-06-28,26 day ahead inc hosp,2021-07-24,quantile,0.05,67.14681530964465
06,2021-06-28,26 day ahead inc hosp,2021-07-24,quantile,0.1,98.69465566890732
06,2021-06-28,26 day ahead inc hosp,2021-07-24,quantile,0.15,119.96869744143883
06,2021-06-28,26 day ahead inc hosp,2021-07-24,quantile,0.2,145.51558418770506
06,2021-06-28,26 day ahead inc hosp,2021-07-24,quantile,0.25,166.04689906025396
06,2021-06-28,26 day ahead inc hosp,2021-07-24,quantile,0.3,190.88887273738328
06,2021-06-28,26 day ahead inc hosp,2021-07-24,quantile,0.35,214.42400983132433
06,2021-06-28,26 day ahead inc hosp,2021-07-24,quantile,0.4,234.6253793764911
06,2021-06-28,26 day ahead inc hosp,2021-07-24,quantile,0.45,253.87334588026349
06,2021-06-28,26 day ahead inc hosp,2021-07-24,quantile,0.5,273.5516502618678
06,2021-06-28,26 day ahead inc hosp,2021-07-24,quantile,0.55,296.29064818452616
06,2021-06-28,26 day ahead inc hosp,2021-07-24,quantile,0.6,317.3773879080569
06,2021-06-28,26 day ahead inc hosp,2021-07-24,quantile,0.65,347.2608599194588
06,2021-06-28,26 day ahead inc hosp,2021-07-24,quantile,0.7,376.7335776281613
06,2021-06-28,26 day ahead inc hosp,2021-07-24,quantile,0.75,434.6524933435771
06,2021-06-28,26 day ahead inc hosp,2021-07-24,quantile,0.8,481.16170660534505
06,2021-06-28,26 day ahead inc hosp,2021-07-24,quantile,0.85,531.7528763954211
06,2021-06-28,26 day ahead inc hosp,2021-07-24,quantile,0.9,613.177805747795
06,2021-06-28,26 day ahead inc hosp,2021-07-24,quantile,0.95,752.2906677626933
06,2021-06-28,26 day ahead inc hosp,2021-07-24,quantile,0.975,951.1801227383378
06,2021-06-28,26 day ahead inc hosp,2021-07-24,quantile,0.99,1107.1591454209247
06,2021-06-28,27 day ahead inc hosp,2021-07-25,quantile,0.01,18.74792556370495
06,2021-06-28,27 day ahead inc hosp,2021-07-25,quantile,0.025,44.95864440914901
06,2021-06-28,27 day ahead inc hosp,2021-07-25,quantile,0.05,62.32780559229675
06,2021-06-28,27 day ahead inc hosp,2021-07-25,quantile,0.1,93.96839384988145
06,2021-06-28,27 day ahead inc hosp,2021-07-25,quantile,0.15,119.57312219560103
06,2021-06-28,27 day ahead inc hosp,2021-07-25,quantile,0.2,139.540327955401
06,2021-06-28,27 day ahead inc hosp,2021-07-25,quantile,0.25,163.01019376474588
06,2021-06-28,27 day ahead inc hosp,2021-07-25,quantile,0.3,184.77742719795071
06,2021-06-28,27 day ahead inc hosp,2021-07-25,quantile,0.35,211.8544628591995
06,2021-06-28,27 day ahead inc hosp,2021-07-25,quantile,0.4,233.0640118642144
06,2021-06-28,27 day ahead inc hosp,2021-07-25,quantile,0.45,255.31239660155524
06,2021-06-28,27 day ahead inc hosp,2021-07-25,quantile,0.5,281.23826626469724
06,2021-06-28,27 day ahead inc hosp,2021-07-25,quantile,0.55,303.6353927027412
06,2021-06-28,27 day ahead inc hosp,2021-07-25,quantile,0.6,328.8194090583492
06,2021-06-28,27 day ahead inc hosp,2021-07-25,quantile,0.65,357.72079819876257
06,2021-06-28,27 day ahead inc hosp,2021-07-25,quantile,0.7,390.03426460351176
06,2021-06-28,27 day ahead inc hosp,2021-07-25,quantile,0.75,440.9480412679631
06,2021-06-28,27 day ahead inc hosp,2021-07-25,quantile,0.8,490.762320289763
06,2021-06-28,27 day ahead inc hosp,2021-07-25,quantile,0.85,558.9139717267204
06,2021-06-28,27 day ahead inc hosp,2021-07-25,quantile,0.9,653.412993060736
06,2021-06-28,27 day ahead inc hosp,2021-07-25,quantile,0.95,806.9899244124059
06,2021-06-28,27 day ahead inc hosp,2021-07-25,quantile,0.975,951.8583799753114
06,2021-06-28,27 day ahead inc hosp,2021-07-25,quantile,0.99,1169.5854470642214
06,2021-06-28,28 day ahead inc hosp,2021-07-26,quantile,0.01,17.66594832124029
06,2021-06-28,28 day ahead inc hosp,2021-07-26,quantile,0.025,43.70007069823819
06,2021-06-28,28 day ahead inc hosp,2021-07-26,quantile,0.05,57.71116468628355
06,2021-06-28,28 day ahead inc hosp,2021-07-26,quantile,0.1,91.77206205376228
06,2021-06-28,28 day ahead inc hosp,2021-07-26,quantile,0.15,121.45123558412773
06,2021-06-28,28 day ahead inc hosp,2021-07-26,quantile,0.2,145.6530826506372
06,2021-06-28,28 day ahead inc hosp,2021-07-26,quantile,0.25,170.71163677808474
06,2021-06-28,28 day ahead inc hosp,2021-07-26,quantile,0.3,189.64398582818782
06,2021-06-28,28 day ahead inc hosp,2021-07-26,quantile,0.35,210.4526667528086
06,2021-06-28,28 day ahead inc hosp,2021-07-26,quantile,0.4,237.5309172818304
06,2021-06-28,28 day ahead inc hosp,2021-07-26,quantile,0.45,258.5044616608075
06,2021-06-28,28 day ahead inc hosp,2021-07-26,quantile,0.5,286.3947407229538
06,2021-06-28,28 day ahead inc hosp,2021-07-26,quantile,0.55,315.2366523824273
06,2021-06-28,28 day ahead inc hosp,2021-07-26,quantile,0.6,337.9280905760709
06,2021-06-28,28 day ahead inc hosp,2021-07-26,quantile,0.65,367.45573173768196
06,2021-06-28,28 day ahead inc hosp,2021-07-26,quantile,0.7,404.3672363089395
06,2021-06-28,28 day ahead inc hosp,2021-07-26,quantile,0.75,456.5797587089241
06,2021-06-28,28 day ahead inc hosp,2021-07-26,quantile,0.8,506.7791552900692
06,2021-06-28,28 day ahead inc hosp,2021-07-26,quantile,0.85,573.4081558419401
06,2021-06-28,28 day ahead inc hosp,2021-07-26,quantile,0.9,679.4658272742834
06,2021-06-28,28 day ahead inc hosp,2021-07-26,quantile,0.95,826.8207136023177
06,2021-06-28,28 day ahead inc hosp,2021-07-26,quantile,0.975,1002.902116981714
06,2021-06-28,28 day ahead inc hosp,2021-07-26,quantile,0.99,1255.9454198511173
