location,forecast_date,target,target_end_date,type,quantile,value
06,2021-05-24,1 day ahead inc hosp,2021-05-25,quantile,0.01,137.13855947435667
06,2021-05-24,1 day ahead inc hosp,2021-05-25,quantile,0.025,143.63087033880564
06,2021-05-24,1 day ahead inc hosp,2021-05-25,quantile,0.05,147.41710660049185
06,2021-05-24,1 day ahead inc hosp,2021-05-25,quantile,0.1,152.5883546820235
06,2021-05-24,1 day ahead inc hosp,2021-05-25,quantile,0.15,157.21170434175093
06,2021-05-24,1 day ahead inc hosp,2021-05-25,quantile,0.2,161.64024371014898
06,2021-05-24,1 day ahead inc hosp,2021-05-25,quantile,0.25,164.28207142670473
06,2021-05-24,1 day ahead inc hosp,2021-05-25,quantile,0.3,167.3036374868117
06,2021-05-24,1 day ahead inc hosp,2021-05-25,quantile,0.35,170.19570206218884
06,2021-05-24,1 day ahead inc hosp,2021-05-25,quantile,0.4,173.188333138313
06,2021-05-24,1 day ahead inc hosp,2021-05-25,quantile,0.45,175.9389925054941
06,2021-05-24,1 day ahead inc hosp,2021-05-25,quantile,0.5,178.70386402670457
06,2021-05-24,1 day ahead inc hosp,2021-05-25,quantile,0.55,181.75116012383742
06,2021-05-24,1 day ahead inc hosp,2021-05-25,quantile,0.6,184.47832391547453
06,2021-05-24,1 day ahead inc hosp,2021-05-25,quantile,0.65,187.28433883470083
06,2021-05-24,1 day ahead inc hosp,2021-05-25,quantile,0.7,190.75250387308625
06,2021-05-24,1 day ahead inc hosp,2021-05-25,quantile,0.75,194.42904033546463
06,2021-05-24,1 day ahead inc hosp,2021-05-25,quantile,0.8,197.44012377144648
06,2021-05-24,1 day ahead inc hosp,2021-05-25,quantile,0.85,201.15808451582078
06,2021-05-24,1 day ahead inc hosp,2021-05-25,quantile,0.9,208.968309382031
06,2021-05-24,1 day ahead inc hosp,2021-05-25,quantile,0.95,220.59954946737176
06,2021-05-24,1 day ahead inc hosp,2021-05-25,quantile,0.975,227.7820689713028
06,2021-05-24,1 day ahead inc hosp,2021-05-25,quantile,0.99,239.31454305388397
06,2021-05-24,2 day ahead inc hosp,2021-05-26,quantile,0.01,123.33369727409288
06,2021-05-24,2 day ahead inc hosp,2021-05-26,quantile,0.025,127.7396697345735
06,2021-05-24,2 day ahead inc hosp,2021-05-26,quantile,0.05,133.70989874895605
06,2021-05-24,2 day ahead inc hosp,2021-05-26,quantile,0.1,140.3248215027715
06,2021-05-24,2 day ahead inc hosp,2021-05-26,quantile,0.15,146.05404565130502
06,2021-05-24,2 day ahead inc hosp,2021-05-26,quantile,0.2,149.47900048201544
06,2021-05-24,2 day ahead inc hosp,2021-05-26,quantile,0.25,153.0783163592692
06,2021-05-24,2 day ahead inc hosp,2021-05-26,quantile,0.3,156.14400270293072
06,2021-05-24,2 day ahead inc hosp,2021-05-26,quantile,0.35,159.1030816094698
06,2021-05-24,2 day ahead inc hosp,2021-05-26,quantile,0.4,162.05378424110924
06,2021-05-24,2 day ahead inc hosp,2021-05-26,quantile,0.45,164.60061645141445
06,2021-05-24,2 day ahead inc hosp,2021-05-26,quantile,0.5,166.68250036824548
06,2021-05-24,2 day ahead inc hosp,2021-05-26,quantile,0.55,169.42719863268547
06,2021-05-24,2 day ahead inc hosp,2021-05-26,quantile,0.6,172.30743589919211
06,2021-05-24,2 day ahead inc hosp,2021-05-26,quantile,0.65,175.05095836688332
06,2021-05-24,2 day ahead inc hosp,2021-05-26,quantile,0.7,178.47172310069564
06,2021-05-24,2 day ahead inc hosp,2021-05-26,quantile,0.75,181.37230683853016
06,2021-05-24,2 day ahead inc hosp,2021-05-26,quantile,0.8,185.45179635830286
06,2021-05-24,2 day ahead inc hosp,2021-05-26,quantile,0.85,189.77569135258994
06,2021-05-24,2 day ahead inc hosp,2021-05-26,quantile,0.9,195.05872676236322
06,2021-05-24,2 day ahead inc hosp,2021-05-26,quantile,0.95,204.22516917750033
06,2021-05-24,2 day ahead inc hosp,2021-05-26,quantile,0.975,213.20313607237168
06,2021-05-24,2 day ahead inc hosp,2021-05-26,quantile,0.99,223.841549407146
06,2021-05-24,3 day ahead inc hosp,2021-05-27,quantile,0.01,117.43857523822408
06,2021-05-24,3 day ahead inc hosp,2021-05-27,quantile,0.025,123.11837836692139
06,2021-05-24,3 day ahead inc hosp,2021-05-27,quantile,0.05,128.78255202005866
06,2021-05-24,3 day ahead inc hosp,2021-05-27,quantile,0.1,135.5298967440609
06,2021-05-24,3 day ahead inc hosp,2021-05-27,quantile,0.15,139.59413636444472
06,2021-05-24,3 day ahead inc hosp,2021-05-27,quantile,0.2,144.54914900557188
06,2021-05-24,3 day ahead inc hosp,2021-05-27,quantile,0.25,147.45359291249343
06,2021-05-24,3 day ahead inc hosp,2021-05-27,quantile,0.3,150.71037458513203
06,2021-05-24,3 day ahead inc hosp,2021-05-27,quantile,0.35,153.09962954322208
06,2021-05-24,3 day ahead inc hosp,2021-05-27,quantile,0.4,157.20825745240077
06,2021-05-24,3 day ahead inc hosp,2021-05-27,quantile,0.45,159.81279490476373
06,2021-05-24,3 day ahead inc hosp,2021-05-27,quantile,0.5,162.49796615325724
06,2021-05-24,3 day ahead inc hosp,2021-05-27,quantile,0.55,165.25179312276197
06,2021-05-24,3 day ahead inc hosp,2021-05-27,quantile,0.6,168.0608699737623
06,2021-05-24,3 day ahead inc hosp,2021-05-27,quantile,0.65,171.23043385357022
06,2021-05-24,3 day ahead inc hosp,2021-05-27,quantile,0.7,174.28014253720127
06,2021-05-24,3 day ahead inc hosp,2021-05-27,quantile,0.75,177.36974722880257
06,2021-05-24,3 day ahead inc hosp,2021-05-27,quantile,0.8,181.3635873183526
06,2021-05-24,3 day ahead inc hosp,2021-05-27,quantile,0.85,187.45277374961594
06,2021-05-24,3 day ahead inc hosp,2021-05-27,quantile,0.9,194.64979339733262
06,2021-05-24,3 day ahead inc hosp,2021-05-27,quantile,0.95,203.41970011518836
06,2021-05-24,3 day ahead inc hosp,2021-05-27,quantile,0.975,212.02911987140868
06,2021-05-24,3 day ahead inc hosp,2021-05-27,quantile,0.99,226.7421239959859
06,2021-05-24,4 day ahead inc hosp,2021-05-28,quantile,0.01,118.03995188132554
06,2021-05-24,4 day ahead inc hosp,2021-05-28,quantile,0.025,124.75028674084744
06,2021-05-24,4 day ahead inc hosp,2021-05-28,quantile,0.05,131.82331104276065
06,2021-05-24,4 day ahead inc hosp,2021-05-28,quantile,0.1,139.5437197905188
06,2021-05-24,4 day ahead inc hosp,2021-05-28,quantile,0.15,144.97631149742253
06,2021-05-24,4 day ahead inc hosp,2021-05-28,quantile,0.2,149.39086189719805
06,2021-05-24,4 day ahead inc hosp,2021-05-28,quantile,0.25,153.12447315328473
06,2021-05-24,4 day ahead inc hosp,2021-05-28,quantile,0.3,156.81976414838536
06,2021-05-24,4 day ahead inc hosp,2021-05-28,quantile,0.35,160.2548766906024
06,2021-05-24,4 day ahead inc hosp,2021-05-28,quantile,0.4,163.44769378895583
06,2021-05-24,4 day ahead inc hosp,2021-05-28,quantile,0.45,166.0841206213449
06,2021-05-24,4 day ahead inc hosp,2021-05-28,quantile,0.5,168.9825918888225
06,2021-05-24,4 day ahead inc hosp,2021-05-28,quantile,0.55,172.81057109379586
06,2021-05-24,4 day ahead inc hosp,2021-05-28,quantile,0.6,176.57596622973037
06,2021-05-24,4 day ahead inc hosp,2021-05-28,quantile,0.65,179.68194300050433
06,2021-05-24,4 day ahead inc hosp,2021-05-28,quantile,0.7,182.24117299922122
06,2021-05-24,4 day ahead inc hosp,2021-05-28,quantile,0.75,185.7339982460758
06,2021-05-24,4 day ahead inc hosp,2021-05-28,quantile,0.8,190.56819444856743
06,2021-05-24,4 day ahead inc hosp,2021-05-28,quantile,0.85,196.3383520699655
06,2021-05-24,4 day ahead inc hosp,2021-05-28,quantile,0.9,203.5708655691278
06,2021-05-24,4 day ahead inc hosp,2021-05-28,quantile,0.95,216.15573664434086
06,2021-05-24,4 day ahead inc hosp,2021-05-28,quantile,0.975,225.3881276201122
06,2021-05-24,4 day ahead inc hosp,2021-05-28,quantile,0.99,232.2798836614456
06,2021-05-24,5 day ahead inc hosp,2021-05-29,quantile,0.01,101.86780029258514
06,2021-05-24,5 day ahead inc hosp,2021-05-29,quantile,0.025,106.24023389473992
06,2021-05-24,5 day ahead inc hosp,2021-05-29,quantile,0.05,112.71237442700895
06,2021-05-24,5 day ahead inc hosp,2021-05-29,quantile,0.1,119.59834095051728
06,2021-05-24,5 day ahead inc hosp,2021-05-29,quantile,0.15,124.47896009244361
06,2021-05-24,5 day ahead inc hosp,2021-05-29,quantile,0.2,128.74847922448632
06,2021-05-24,5 day ahead inc hosp,2021-05-29,quantile,0.25,132.33538898654226
06,2021-05-24,5 day ahead inc hosp,2021-05-29,quantile,0.3,135.59181944228473
06,2021-05-24,5 day ahead inc hosp,2021-05-29,quantile,0.35,138.56741232358291
06,2021-05-24,5 day ahead inc hosp,2021-05-29,quantile,0.4,141.14175910759786
06,2021-05-24,5 day ahead inc hosp,2021-05-29,quantile,0.45,144.32691019992993
06,2021-05-24,5 day ahead inc hosp,2021-05-29,quantile,0.5,147.22646210125072
06,2021-05-24,5 day ahead inc hosp,2021-05-29,quantile,0.55,151.03055549280168
06,2021-05-24,5 day ahead inc hosp,2021-05-29,quantile,0.6,154.20293553795688
06,2021-05-24,5 day ahead inc hosp,2021-05-29,quantile,0.65,157.70891231910264
06,2021-05-24,5 day ahead inc hosp,2021-05-29,quantile,0.7,161.8280473031314
06,2021-05-24,5 day ahead inc hosp,2021-05-29,quantile,0.75,165.73591267940287
06,2021-05-24,5 day ahead inc hosp,2021-05-29,quantile,0.8,169.78140181508854
06,2021-05-24,5 day ahead inc hosp,2021-05-29,quantile,0.85,174.65390514590746
06,2021-05-24,5 day ahead inc hosp,2021-05-29,quantile,0.9,180.32878430750483
06,2021-05-24,5 day ahead inc hosp,2021-05-29,quantile,0.95,189.40555331769005
06,2021-05-24,5 day ahead inc hosp,2021-05-29,quantile,0.975,198.82468520633415
06,2021-05-24,5 day ahead inc hosp,2021-05-29,quantile,0.99,209.62768533867205
06,2021-05-24,6 day ahead inc hosp,2021-05-30,quantile,0.01,92.02124720281427
06,2021-05-24,6 day ahead inc hosp,2021-05-30,quantile,0.025,99.34521097597735
06,2021-05-24,6 day ahead inc hosp,2021-05-30,quantile,0.05,105.63366902579546
06,2021-05-24,6 day ahead inc hosp,2021-05-30,quantile,0.1,113.94396865197383
06,2021-05-24,6 day ahead inc hosp,2021-05-30,quantile,0.15,119.15156154889854
06,2021-05-24,6 day ahead inc hosp,2021-05-30,quantile,0.2,123.65975798039126
06,2021-05-24,6 day ahead inc hosp,2021-05-30,quantile,0.25,127.21499636494616
06,2021-05-24,6 day ahead inc hosp,2021-05-30,quantile,0.3,130.60782255199905
06,2021-05-24,6 day ahead inc hosp,2021-05-30,quantile,0.35,133.757836578773
06,2021-05-24,6 day ahead inc hosp,2021-05-30,quantile,0.4,136.87317842221455
06,2021-05-24,6 day ahead inc hosp,2021-05-30,quantile,0.45,140.46684812414114
06,2021-05-24,6 day ahead inc hosp,2021-05-30,quantile,0.5,143.80630312971925
06,2021-05-24,6 day ahead inc hosp,2021-05-30,quantile,0.55,147.3590258439203
06,2021-05-24,6 day ahead inc hosp,2021-05-30,quantile,0.6,150.3014003310562
06,2021-05-24,6 day ahead inc hosp,2021-05-30,quantile,0.65,154.56780548826816
06,2021-05-24,6 day ahead inc hosp,2021-05-30,quantile,0.7,158.23324416964184
06,2021-05-24,6 day ahead inc hosp,2021-05-30,quantile,0.75,160.99342628083454
06,2021-05-24,6 day ahead inc hosp,2021-05-30,quantile,0.8,165.60985860705267
06,2021-05-24,6 day ahead inc hosp,2021-05-30,quantile,0.85,170.52848635382583
06,2021-05-24,6 day ahead inc hosp,2021-05-30,quantile,0.9,177.06107955365437
06,2021-05-24,6 day ahead inc hosp,2021-05-30,quantile,0.95,187.65981577738646
06,2021-05-24,6 day ahead inc hosp,2021-05-30,quantile,0.975,197.37864932816274
06,2021-05-24,6 day ahead inc hosp,2021-05-30,quantile,0.99,205.62295391170102
06,2021-05-24,7 day ahead inc hosp,2021-05-31,quantile,0.01,106.23562656296232
06,2021-05-24,7 day ahead inc hosp,2021-05-31,quantile,0.025,119.37167450662767
06,2021-05-24,7 day ahead inc hosp,2021-05-31,quantile,0.05,128.05545877887587
06,2021-05-24,7 day ahead inc hosp,2021-05-31,quantile,0.1,137.60905488670227
06,2021-05-24,7 day ahead inc hosp,2021-05-31,quantile,0.15,143.72640464914483
06,2021-05-24,7 day ahead inc hosp,2021-05-31,quantile,0.2,148.86993719339492
06,2021-05-24,7 day ahead inc hosp,2021-05-31,quantile,0.25,152.05569931138288
06,2021-05-24,7 day ahead inc hosp,2021-05-31,quantile,0.3,156.23206481815478
06,2021-05-24,7 day ahead inc hosp,2021-05-31,quantile,0.35,160.20088202251674
06,2021-05-24,7 day ahead inc hosp,2021-05-31,quantile,0.4,164.8257593587295
06,2021-05-24,7 day ahead inc hosp,2021-05-31,quantile,0.45,168.29724854687757
06,2021-05-24,7 day ahead inc hosp,2021-05-31,quantile,0.5,171.7546284060626
06,2021-05-24,7 day ahead inc hosp,2021-05-31,quantile,0.55,175.2259131698774
06,2021-05-24,7 day ahead inc hosp,2021-05-31,quantile,0.6,179.06091477610173
06,2021-05-24,7 day ahead inc hosp,2021-05-31,quantile,0.65,183.1769703552807
06,2021-05-24,7 day ahead inc hosp,2021-05-31,quantile,0.7,187.47968490017058
06,2021-05-24,7 day ahead inc hosp,2021-05-31,quantile,0.75,192.91091933958492
06,2021-05-24,7 day ahead inc hosp,2021-05-31,quantile,0.8,198.25107157798308
06,2021-05-24,7 day ahead inc hosp,2021-05-31,quantile,0.85,205.626939726778
06,2021-05-24,7 day ahead inc hosp,2021-05-31,quantile,0.9,213.1935254117683
06,2021-05-24,7 day ahead inc hosp,2021-05-31,quantile,0.95,227.81168882846188
06,2021-05-24,7 day ahead inc hosp,2021-05-31,quantile,0.975,239.9004047815005
06,2021-05-24,7 day ahead inc hosp,2021-05-31,quantile,0.99,260.3654945600416
06,2021-05-24,8 day ahead inc hosp,2021-06-01,quantile,0.01,101.20472752064943
06,2021-05-24,8 day ahead inc hosp,2021-06-01,quantile,0.025,111.3108472619116
06,2021-05-24,8 day ahead inc hosp,2021-06-01,quantile,0.05,120.52891327968855
06,2021-05-24,8 day ahead inc hosp,2021-06-01,quantile,0.1,131.51063551481138
06,2021-05-24,8 day ahead inc hosp,2021-06-01,quantile,0.15,139.03486060554786
06,2021-05-24,8 day ahead inc hosp,2021-06-01,quantile,0.2,144.67219037050464
06,2021-05-24,8 day ahead inc hosp,2021-06-01,quantile,0.25,149.7846213504872
06,2021-05-24,8 day ahead inc hosp,2021-06-01,quantile,0.3,154.1204055877624
06,2021-05-24,8 day ahead inc hosp,2021-06-01,quantile,0.35,158.20878506757407
06,2021-05-24,8 day ahead inc hosp,2021-06-01,quantile,0.4,162.48859015156808
06,2021-05-24,8 day ahead inc hosp,2021-06-01,quantile,0.45,167.4428706269894
06,2021-05-24,8 day ahead inc hosp,2021-06-01,quantile,0.5,170.83110999121666
06,2021-05-24,8 day ahead inc hosp,2021-06-01,quantile,0.55,174.84062721401824
06,2021-05-24,8 day ahead inc hosp,2021-06-01,quantile,0.6,179.43444600460256
06,2021-05-24,8 day ahead inc hosp,2021-06-01,quantile,0.65,183.75890590611505
06,2021-05-24,8 day ahead inc hosp,2021-06-01,quantile,0.7,188.59596941877646
06,2021-05-24,8 day ahead inc hosp,2021-06-01,quantile,0.75,195.3614107026779
06,2021-05-24,8 day ahead inc hosp,2021-06-01,quantile,0.8,203.1316043691549
06,2021-05-24,8 day ahead inc hosp,2021-06-01,quantile,0.85,210.3855213477822
06,2021-05-24,8 day ahead inc hosp,2021-06-01,quantile,0.9,221.7778936391456
06,2021-05-24,8 day ahead inc hosp,2021-06-01,quantile,0.95,239.61740531501732
06,2021-05-24,8 day ahead inc hosp,2021-06-01,quantile,0.975,257.72483369076565
06,2021-05-24,8 day ahead inc hosp,2021-06-01,quantile,0.99,275.0702192257686
06,2021-05-24,9 day ahead inc hosp,2021-06-02,quantile,0.01,80.893377731231
06,2021-05-24,9 day ahead inc hosp,2021-06-02,quantile,0.025,92.67686599389856
06,2021-05-24,9 day ahead inc hosp,2021-06-02,quantile,0.05,100.92490759549935
06,2021-05-24,9 day ahead inc hosp,2021-06-02,quantile,0.1,111.57267166892906
06,2021-05-24,9 day ahead inc hosp,2021-06-02,quantile,0.15,116.92905283654419
06,2021-05-24,9 day ahead inc hosp,2021-06-02,quantile,0.2,121.89465409634391
06,2021-05-24,9 day ahead inc hosp,2021-06-02,quantile,0.25,126.85682126587999
06,2021-05-24,9 day ahead inc hosp,2021-06-02,quantile,0.3,131.355823661638
06,2021-05-24,9 day ahead inc hosp,2021-06-02,quantile,0.35,134.93222074328492
06,2021-05-24,9 day ahead inc hosp,2021-06-02,quantile,0.4,139.44024910043024
06,2021-05-24,9 day ahead inc hosp,2021-06-02,quantile,0.45,144.6101608620501
06,2021-05-24,9 day ahead inc hosp,2021-06-02,quantile,0.5,149.029043176985
06,2021-05-24,9 day ahead inc hosp,2021-06-02,quantile,0.55,152.79053359473247
06,2021-05-24,9 day ahead inc hosp,2021-06-02,quantile,0.6,157.6003731742145
06,2021-05-24,9 day ahead inc hosp,2021-06-02,quantile,0.65,162.75583159681824
06,2021-05-24,9 day ahead inc hosp,2021-06-02,quantile,0.7,167.88369397476316
06,2021-05-24,9 day ahead inc hosp,2021-06-02,quantile,0.75,172.66061263523892
06,2021-05-24,9 day ahead inc hosp,2021-06-02,quantile,0.8,178.94749347142758
06,2021-05-24,9 day ahead inc hosp,2021-06-02,quantile,0.85,186.40933122451523
06,2021-05-24,9 day ahead inc hosp,2021-06-02,quantile,0.9,200.09305210850735
06,2021-05-24,9 day ahead inc hosp,2021-06-02,quantile,0.95,212.316570923959
06,2021-05-24,9 day ahead inc hosp,2021-06-02,quantile,0.975,230.5266141650999
06,2021-05-24,9 day ahead inc hosp,2021-06-02,quantile,0.99,245.11609545287277
06,2021-05-24,10 day ahead inc hosp,2021-06-03,quantile,0.01,76.79057372263091
06,2021-05-24,10 day ahead inc hosp,2021-06-03,quantile,0.025,90.15066273827468
06,2021-05-24,10 day ahead inc hosp,2021-06-03,quantile,0.05,98.5717771944972
06,2021-05-24,10 day ahead inc hosp,2021-06-03,quantile,0.1,107.17814889833959
06,2021-05-24,10 day ahead inc hosp,2021-06-03,quantile,0.15,114.16354505235856
06,2021-05-24,10 day ahead inc hosp,2021-06-03,quantile,0.2,118.65271955358209
06,2021-05-24,10 day ahead inc hosp,2021-06-03,quantile,0.25,123.08509717508993
06,2021-05-24,10 day ahead inc hosp,2021-06-03,quantile,0.3,128.24389211959613
06,2021-05-24,10 day ahead inc hosp,2021-06-03,quantile,0.35,132.76561208255774
06,2021-05-24,10 day ahead inc hosp,2021-06-03,quantile,0.4,137.2235210531705
06,2021-05-24,10 day ahead inc hosp,2021-06-03,quantile,0.45,142.30379643060974
06,2021-05-24,10 day ahead inc hosp,2021-06-03,quantile,0.5,145.83105768778256
06,2021-05-24,10 day ahead inc hosp,2021-06-03,quantile,0.55,150.38929390425804
06,2021-05-24,10 day ahead inc hosp,2021-06-03,quantile,0.6,154.54685208465503
06,2021-05-24,10 day ahead inc hosp,2021-06-03,quantile,0.65,161.13358858158514
06,2021-05-24,10 day ahead inc hosp,2021-06-03,quantile,0.7,166.35914948484765
06,2021-05-24,10 day ahead inc hosp,2021-06-03,quantile,0.75,171.96432962385398
06,2021-05-24,10 day ahead inc hosp,2021-06-03,quantile,0.8,179.0011502044227
06,2021-05-24,10 day ahead inc hosp,2021-06-03,quantile,0.85,188.18749962396285
06,2021-05-24,10 day ahead inc hosp,2021-06-03,quantile,0.9,200.6809121388285
06,2021-05-24,10 day ahead inc hosp,2021-06-03,quantile,0.95,216.10217981476
06,2021-05-24,10 day ahead inc hosp,2021-06-03,quantile,0.975,230.6426097078254
06,2021-05-24,10 day ahead inc hosp,2021-06-03,quantile,0.99,246.83981397437876
06,2021-05-24,11 day ahead inc hosp,2021-06-04,quantile,0.01,87.98541559848627
06,2021-05-24,11 day ahead inc hosp,2021-06-04,quantile,0.025,95.08032794653306
06,2021-05-24,11 day ahead inc hosp,2021-06-04,quantile,0.05,106.4299634533057
06,2021-05-24,11 day ahead inc hosp,2021-06-04,quantile,0.1,116.7533368195284
06,2021-05-24,11 day ahead inc hosp,2021-06-04,quantile,0.15,126.44729446708673
06,2021-05-24,11 day ahead inc hosp,2021-06-04,quantile,0.2,132.60347458858018
06,2021-05-24,11 day ahead inc hosp,2021-06-04,quantile,0.25,139.3455134197953
06,2021-05-24,11 day ahead inc hosp,2021-06-04,quantile,0.3,144.62591479857204
06,2021-05-24,11 day ahead inc hosp,2021-06-04,quantile,0.35,149.4996291320279
06,2021-05-24,11 day ahead inc hosp,2021-06-04,quantile,0.4,155.13635364117073
06,2021-05-24,11 day ahead inc hosp,2021-06-04,quantile,0.45,159.7875657629781
06,2021-05-24,11 day ahead inc hosp,2021-06-04,quantile,0.5,164.38956919665665
06,2021-05-24,11 day ahead inc hosp,2021-06-04,quantile,0.55,169.01646418414984
06,2021-05-24,11 day ahead inc hosp,2021-06-04,quantile,0.6,173.7959572254016
06,2021-05-24,11 day ahead inc hosp,2021-06-04,quantile,0.65,178.42921465409566
06,2021-05-24,11 day ahead inc hosp,2021-06-04,quantile,0.7,185.31686182029853
06,2021-05-24,11 day ahead inc hosp,2021-06-04,quantile,0.75,194.09245916918098
06,2021-05-24,11 day ahead inc hosp,2021-06-04,quantile,0.8,200.7242827563324
06,2021-05-24,11 day ahead inc hosp,2021-06-04,quantile,0.85,209.5301389081996
06,2021-05-24,11 day ahead inc hosp,2021-06-04,quantile,0.9,218.47696430566552
06,2021-05-24,11 day ahead inc hosp,2021-06-04,quantile,0.95,240.55434854192623
06,2021-05-24,11 day ahead inc hosp,2021-06-04,quantile,0.975,256.8238050027813
06,2021-05-24,11 day ahead inc hosp,2021-06-04,quantile,0.99,276.3195764848004
06,2021-05-24,12 day ahead inc hosp,2021-06-05,quantile,0.01,61.71843511020241
06,2021-05-24,12 day ahead inc hosp,2021-06-05,quantile,0.025,73.59510316641348
06,2021-05-24,12 day ahead inc hosp,2021-06-05,quantile,0.05,83.89921356248502
06,2021-05-24,12 day ahead inc hosp,2021-06-05,quantile,0.1,95.3442800184139
06,2021-05-24,12 day ahead inc hosp,2021-06-05,quantile,0.15,101.7747880578609
06,2021-05-24,12 day ahead inc hosp,2021-06-05,quantile,0.2,107.5109147351293
06,2021-05-24,12 day ahead inc hosp,2021-06-05,quantile,0.25,112.38664421527031
06,2021-05-24,12 day ahead inc hosp,2021-06-05,quantile,0.3,117.29145950007137
06,2021-05-24,12 day ahead inc hosp,2021-06-05,quantile,0.35,122.08463464637641
06,2021-05-24,12 day ahead inc hosp,2021-06-05,quantile,0.4,126.72674556475943
06,2021-05-24,12 day ahead inc hosp,2021-06-05,quantile,0.45,130.95939167952722
06,2021-05-24,12 day ahead inc hosp,2021-06-05,quantile,0.5,135.79252033306415
06,2021-05-24,12 day ahead inc hosp,2021-06-05,quantile,0.55,141.3035531517761
06,2021-05-24,12 day ahead inc hosp,2021-06-05,quantile,0.6,145.40916896339596
06,2021-05-24,12 day ahead inc hosp,2021-06-05,quantile,0.65,151.35520773855748
06,2021-05-24,12 day ahead inc hosp,2021-06-05,quantile,0.7,158.84791264918158
06,2021-05-24,12 day ahead inc hosp,2021-06-05,quantile,0.75,165.79662200594197
06,2021-05-24,12 day ahead inc hosp,2021-06-05,quantile,0.8,172.45179050940396
06,2021-05-24,12 day ahead inc hosp,2021-06-05,quantile,0.85,181.64380319599323
06,2021-05-24,12 day ahead inc hosp,2021-06-05,quantile,0.9,192.8699735554295
06,2021-05-24,12 day ahead inc hosp,2021-06-05,quantile,0.95,212.6958010364034
06,2021-05-24,12 day ahead inc hosp,2021-06-05,quantile,0.975,227.87262853008835
06,2021-05-24,12 day ahead inc hosp,2021-06-05,quantile,0.99,245.47661121979567
06,2021-05-24,13 day ahead inc hosp,2021-06-06,quantile,0.01,58.18936917498497
06,2021-05-24,13 day ahead inc hosp,2021-06-06,quantile,0.025,65.68044130492504
06,2021-05-24,13 day ahead inc hosp,2021-06-06,quantile,0.05,74.77507088577106
06,2021-05-24,13 day ahead inc hosp,2021-06-06,quantile,0.1,85.49895708521674
06,2021-05-24,13 day ahead inc hosp,2021-06-06,quantile,0.15,91.77262438664441
06,2021-05-24,13 day ahead inc hosp,2021-06-06,quantile,0.2,96.80365063781201
06,2021-05-24,13 day ahead inc hosp,2021-06-06,quantile,0.25,101.66634625074448
06,2021-05-24,13 day ahead inc hosp,2021-06-06,quantile,0.3,107.02463736322458
06,2021-05-24,13 day ahead inc hosp,2021-06-06,quantile,0.35,110.91079381196295
06,2021-05-24,13 day ahead inc hosp,2021-06-06,quantile,0.4,114.38935319446882
06,2021-05-24,13 day ahead inc hosp,2021-06-06,quantile,0.45,119.16819008796034
06,2021-05-24,13 day ahead inc hosp,2021-06-06,quantile,0.5,123.96606521339483
06,2021-05-24,13 day ahead inc hosp,2021-06-06,quantile,0.55,128.95107261929562
06,2021-05-24,13 day ahead inc hosp,2021-06-06,quantile,0.6,133.97569088014683
06,2021-05-24,13 day ahead inc hosp,2021-06-06,quantile,0.65,138.41438967967673
06,2021-05-24,13 day ahead inc hosp,2021-06-06,quantile,0.7,144.58667895145283
06,2021-05-24,13 day ahead inc hosp,2021-06-06,quantile,0.75,151.25392562133175
06,2021-05-24,13 day ahead inc hosp,2021-06-06,quantile,0.8,159.1779342277367
06,2021-05-24,13 day ahead inc hosp,2021-06-06,quantile,0.85,167.34699416423052
06,2021-05-24,13 day ahead inc hosp,2021-06-06,quantile,0.9,180.35833097428562
06,2021-05-24,13 day ahead inc hosp,2021-06-06,quantile,0.95,198.9094358679932
06,2021-05-24,13 day ahead inc hosp,2021-06-06,quantile,0.975,218.86448571087493
06,2021-05-24,13 day ahead inc hosp,2021-06-06,quantile,0.99,231.04098789229192
06,2021-05-24,14 day ahead inc hosp,2021-06-07,quantile,0.01,73.8199146946469
06,2021-05-24,14 day ahead inc hosp,2021-06-07,quantile,0.025,84.3854176965619
06,2021-05-24,14 day ahead inc hosp,2021-06-07,quantile,0.05,93.15109598151977
06,2021-05-24,14 day ahead inc hosp,2021-06-07,quantile,0.1,105.24552456442825
06,2021-05-24,14 day ahead inc hosp,2021-06-07,quantile,0.15,112.84408037432969
06,2021-05-24,14 day ahead inc hosp,2021-06-07,quantile,0.2,120.91165212570209
06,2021-05-24,14 day ahead inc hosp,2021-06-07,quantile,0.25,125.99877505948693
06,2021-05-24,14 day ahead inc hosp,2021-06-07,quantile,0.3,132.48363688932068
06,2021-05-24,14 day ahead inc hosp,2021-06-07,quantile,0.35,137.06297872620723
06,2021-05-24,14 day ahead inc hosp,2021-06-07,quantile,0.4,143.35142661312352
06,2021-05-24,14 day ahead inc hosp,2021-06-07,quantile,0.45,148.97938394254874
06,2021-05-24,14 day ahead inc hosp,2021-06-07,quantile,0.5,154.28360378732654
06,2021-05-24,14 day ahead inc hosp,2021-06-07,quantile,0.55,159.7573363976553
06,2021-05-24,14 day ahead inc hosp,2021-06-07,quantile,0.6,166.4068776686147
06,2021-05-24,14 day ahead inc hosp,2021-06-07,quantile,0.65,172.8327751531395
06,2021-05-24,14 day ahead inc hosp,2021-06-07,quantile,0.7,180.5936531764813
06,2021-05-24,14 day ahead inc hosp,2021-06-07,quantile,0.75,188.75702462552243
06,2021-05-24,14 day ahead inc hosp,2021-06-07,quantile,0.8,197.2533425910072
06,2021-05-24,14 day ahead inc hosp,2021-06-07,quantile,0.85,208.37287928120386
06,2021-05-24,14 day ahead inc hosp,2021-06-07,quantile,0.9,225.40020412651197
06,2021-05-24,14 day ahead inc hosp,2021-06-07,quantile,0.95,247.36497998782798
06,2021-05-24,14 day ahead inc hosp,2021-06-07,quantile,0.975,275.79942762011547
06,2021-05-24,14 day ahead inc hosp,2021-06-07,quantile,0.99,302.90489541259706
06,2021-05-24,15 day ahead inc hosp,2021-06-08,quantile,0.01,68.25274488664412
06,2021-05-24,15 day ahead inc hosp,2021-06-08,quantile,0.025,76.43592438681107
06,2021-05-24,15 day ahead inc hosp,2021-06-08,quantile,0.05,89.48875130510349
06,2021-05-24,15 day ahead inc hosp,2021-06-08,quantile,0.1,101.1277293008723
06,2021-05-24,15 day ahead inc hosp,2021-06-08,quantile,0.15,110.60347714861018
06,2021-05-24,15 day ahead inc hosp,2021-06-08,quantile,0.2,117.67486067093019
06,2021-05-24,15 day ahead inc hosp,2021-06-08,quantile,0.25,124.84367658723997
06,2021-05-24,15 day ahead inc hosp,2021-06-08,quantile,0.3,132.08725869508507
06,2021-05-24,15 day ahead inc hosp,2021-06-08,quantile,0.35,137.87467807385144
06,2021-05-24,15 day ahead inc hosp,2021-06-08,quantile,0.4,143.48311399725083
06,2021-05-24,15 day ahead inc hosp,2021-06-08,quantile,0.45,148.7619489050939
06,2021-05-24,15 day ahead inc hosp,2021-06-08,quantile,0.5,155.56104104103832
06,2021-05-24,15 day ahead inc hosp,2021-06-08,quantile,0.55,162.6495230437755
06,2021-05-24,15 day ahead inc hosp,2021-06-08,quantile,0.6,169.10291882724147
06,2021-05-24,15 day ahead inc hosp,2021-06-08,quantile,0.65,175.96057487323807
06,2021-05-24,15 day ahead inc hosp,2021-06-08,quantile,0.7,185.71899505863644
06,2021-05-24,15 day ahead inc hosp,2021-06-08,quantile,0.75,194.66569894540245
06,2021-05-24,15 day ahead inc hosp,2021-06-08,quantile,0.8,204.35017589210713
06,2021-05-24,15 day ahead inc hosp,2021-06-08,quantile,0.85,213.48071213248173
06,2021-05-24,15 day ahead inc hosp,2021-06-08,quantile,0.9,234.31934233999547
06,2021-05-24,15 day ahead inc hosp,2021-06-08,quantile,0.95,267.0231222474506
06,2021-05-24,15 day ahead inc hosp,2021-06-08,quantile,0.975,291.00389908705637
06,2021-05-24,15 day ahead inc hosp,2021-06-08,quantile,0.99,324.42975708104666
06,2021-05-24,16 day ahead inc hosp,2021-06-09,quantile,0.01,56.03064079855995
06,2021-05-24,16 day ahead inc hosp,2021-06-09,quantile,0.025,66.68306427186461
06,2021-05-24,16 day ahead inc hosp,2021-06-09,quantile,0.05,76.01203605950474
06,2021-05-24,16 day ahead inc hosp,2021-06-09,quantile,0.1,85.48055749549737
06,2021-05-24,16 day ahead inc hosp,2021-06-09,quantile,0.15,96.34590340757408
06,2021-05-24,16 day ahead inc hosp,2021-06-09,quantile,0.2,104.16743124035496
06,2021-05-24,16 day ahead inc hosp,2021-06-09,quantile,0.25,111.93172472289001
06,2021-05-24,16 day ahead inc hosp,2021-06-09,quantile,0.3,118.23271469239138
06,2021-05-24,16 day ahead inc hosp,2021-06-09,quantile,0.35,122.25307074330642
06,2021-05-24,16 day ahead inc hosp,2021-06-09,quantile,0.4,128.88920182698803
06,2021-05-24,16 day ahead inc hosp,2021-06-09,quantile,0.45,134.3958521933622
06,2021-05-24,16 day ahead inc hosp,2021-06-09,quantile,0.5,140.94005895685157
06,2021-05-24,16 day ahead inc hosp,2021-06-09,quantile,0.55,147.19598863952908
06,2021-05-24,16 day ahead inc hosp,2021-06-09,quantile,0.6,152.69468344391268
06,2021-05-24,16 day ahead inc hosp,2021-06-09,quantile,0.65,159.90321137624125
06,2021-05-24,16 day ahead inc hosp,2021-06-09,quantile,0.7,168.2865056078967
06,2021-05-24,16 day ahead inc hosp,2021-06-09,quantile,0.75,177.66666168115327
06,2021-05-24,16 day ahead inc hosp,2021-06-09,quantile,0.8,187.22790744627162
06,2021-05-24,16 day ahead inc hosp,2021-06-09,quantile,0.85,204.77240809097086
06,2021-05-24,16 day ahead inc hosp,2021-06-09,quantile,0.9,222.46353563771228
06,2021-05-24,16 day ahead inc hosp,2021-06-09,quantile,0.95,250.84342663654317
06,2021-05-24,16 day ahead inc hosp,2021-06-09,quantile,0.975,277.6970647198151
06,2021-05-24,16 day ahead inc hosp,2021-06-09,quantile,0.99,310.5889246494054
06,2021-05-24,17 day ahead inc hosp,2021-06-10,quantile,0.01,51.08029526961231
06,2021-05-24,17 day ahead inc hosp,2021-06-10,quantile,0.025,59.442956938910044
06,2021-05-24,17 day ahead inc hosp,2021-06-10,quantile,0.05,69.50205843358586
06,2021-05-24,17 day ahead inc hosp,2021-06-10,quantile,0.1,82.95838727836758
06,2021-05-24,17 day ahead inc hosp,2021-06-10,quantile,0.15,93.13968173908245
06,2021-05-24,17 day ahead inc hosp,2021-06-10,quantile,0.2,100.29961452357527
06,2021-05-24,17 day ahead inc hosp,2021-06-10,quantile,0.25,105.83568283730114
06,2021-05-24,17 day ahead inc hosp,2021-06-10,quantile,0.3,112.17665776696741
06,2021-05-24,17 day ahead inc hosp,2021-06-10,quantile,0.35,118.70683260648023
06,2021-05-24,17 day ahead inc hosp,2021-06-10,quantile,0.4,125.05273731788324
06,2021-05-24,17 day ahead inc hosp,2021-06-10,quantile,0.45,130.8597020235335
06,2021-05-24,17 day ahead inc hosp,2021-06-10,quantile,0.5,136.36648524264504
06,2021-05-24,17 day ahead inc hosp,2021-06-10,quantile,0.55,142.77039531502308
06,2021-05-24,17 day ahead inc hosp,2021-06-10,quantile,0.6,150.1828811256233
06,2021-05-24,17 day ahead inc hosp,2021-06-10,quantile,0.65,156.89087520958364
06,2021-05-24,17 day ahead inc hosp,2021-06-10,quantile,0.7,166.1205731371418
06,2021-05-24,17 day ahead inc hosp,2021-06-10,quantile,0.75,175.45235141006074
06,2021-05-24,17 day ahead inc hosp,2021-06-10,quantile,0.8,186.6071114521286
06,2021-05-24,17 day ahead inc hosp,2021-06-10,quantile,0.85,202.81231757043506
06,2021-05-24,17 day ahead inc hosp,2021-06-10,quantile,0.9,220.74461426715342
06,2021-05-24,17 day ahead inc hosp,2021-06-10,quantile,0.95,248.19747504997122
06,2021-05-24,17 day ahead inc hosp,2021-06-10,quantile,0.975,274.254125382771
06,2021-05-24,17 day ahead inc hosp,2021-06-10,quantile,0.99,295.52670004708904
06,2021-05-24,18 day ahead inc hosp,2021-06-11,quantile,0.01,49.94345764498384
06,2021-05-24,18 day ahead inc hosp,2021-06-11,quantile,0.025,60.21129455129493
06,2021-05-24,18 day ahead inc hosp,2021-06-11,quantile,0.05,69.79197216379656
06,2021-05-24,18 day ahead inc hosp,2021-06-11,quantile,0.1,86.19302506991042
06,2021-05-24,18 day ahead inc hosp,2021-06-11,quantile,0.15,97.19491089532482
06,2021-05-24,18 day ahead inc hosp,2021-06-11,quantile,0.2,105.58522184269015
06,2021-05-24,18 day ahead inc hosp,2021-06-11,quantile,0.25,115.31334398200765
06,2021-05-24,18 day ahead inc hosp,2021-06-11,quantile,0.3,122.61900654670889
06,2021-05-24,18 day ahead inc hosp,2021-06-11,quantile,0.35,128.70977549941588
06,2021-05-24,18 day ahead inc hosp,2021-06-11,quantile,0.4,135.80240439388638
06,2021-05-24,18 day ahead inc hosp,2021-06-11,quantile,0.45,145.15791110605275
06,2021-05-24,18 day ahead inc hosp,2021-06-11,quantile,0.5,151.30446827372322
06,2021-05-24,18 day ahead inc hosp,2021-06-11,quantile,0.55,158.37898874061509
06,2021-05-24,18 day ahead inc hosp,2021-06-11,quantile,0.6,166.24781736539157
06,2021-05-24,18 day ahead inc hosp,2021-06-11,quantile,0.65,173.9820886910224
06,2021-05-24,18 day ahead inc hosp,2021-06-11,quantile,0.7,182.57402836879928
06,2021-05-24,18 day ahead inc hosp,2021-06-11,quantile,0.75,194.1037248038407
06,2021-05-24,18 day ahead inc hosp,2021-06-11,quantile,0.8,206.18240619085478
06,2021-05-24,18 day ahead inc hosp,2021-06-11,quantile,0.85,223.0596038315035
06,2021-05-24,18 day ahead inc hosp,2021-06-11,quantile,0.9,240.25074506695415
06,2021-05-24,18 day ahead inc hosp,2021-06-11,quantile,0.95,270.5398485502368
06,2021-05-24,18 day ahead inc hosp,2021-06-11,quantile,0.975,295.4199951767451
06,2021-05-24,18 day ahead inc hosp,2021-06-11,quantile,0.99,340.7706029311631
06,2021-05-24,19 day ahead inc hosp,2021-06-12,quantile,0.01,39.6903906928024
06,2021-05-24,19 day ahead inc hosp,2021-06-12,quantile,0.025,47.118797665515224
06,2021-05-24,19 day ahead inc hosp,2021-06-12,quantile,0.05,60.05643293060414
06,2021-05-24,19 day ahead inc hosp,2021-06-12,quantile,0.1,72.88737477768555
06,2021-05-24,19 day ahead inc hosp,2021-06-12,quantile,0.15,81.71879497524644
06,2021-05-24,19 day ahead inc hosp,2021-06-12,quantile,0.2,89.17530878525334
06,2021-05-24,19 day ahead inc hosp,2021-06-12,quantile,0.25,96.53339828111575
06,2021-05-24,19 day ahead inc hosp,2021-06-12,quantile,0.3,103.08754979173551
06,2021-05-24,19 day ahead inc hosp,2021-06-12,quantile,0.35,108.72354968839221
06,2021-05-24,19 day ahead inc hosp,2021-06-12,quantile,0.4,114.52824132205882
06,2021-05-24,19 day ahead inc hosp,2021-06-12,quantile,0.45,123.34699230304622
06,2021-05-24,19 day ahead inc hosp,2021-06-12,quantile,0.5,129.6653821650625
06,2021-05-24,19 day ahead inc hosp,2021-06-12,quantile,0.55,136.45042793873597
06,2021-05-24,19 day ahead inc hosp,2021-06-12,quantile,0.6,144.49872689803036
06,2021-05-24,19 day ahead inc hosp,2021-06-12,quantile,0.65,151.75596067586415
06,2021-05-24,19 day ahead inc hosp,2021-06-12,quantile,0.7,158.9269661102574
06,2021-05-24,19 day ahead inc hosp,2021-06-12,quantile,0.75,170.99077080286867
06,2021-05-24,19 day ahead inc hosp,2021-06-12,quantile,0.8,180.91407618952994
06,2021-05-24,19 day ahead inc hosp,2021-06-12,quantile,0.85,194.95405445422261
06,2021-05-24,19 day ahead inc hosp,2021-06-12,quantile,0.9,211.48755641983675
06,2021-05-24,19 day ahead inc hosp,2021-06-12,quantile,0.95,241.06111271485335
06,2021-05-24,19 day ahead inc hosp,2021-06-12,quantile,0.975,277.3229613193112
06,2021-05-24,19 day ahead inc hosp,2021-06-12,quantile,0.99,305.29761569785586
06,2021-05-24,20 day ahead inc hosp,2021-06-13,quantile,0.01,35.04145019585778
06,2021-05-24,20 day ahead inc hosp,2021-06-13,quantile,0.025,41.44243814841472
06,2021-05-24,20 day ahead inc hosp,2021-06-13,quantile,0.05,51.13151748773669
06,2021-05-24,20 day ahead inc hosp,2021-06-13,quantile,0.1,63.40449697211025
06,2021-05-24,20 day ahead inc hosp,2021-06-13,quantile,0.15,76.27358258156711
06,2021-05-24,20 day ahead inc hosp,2021-06-13,quantile,0.2,83.52502772782705
06,2021-05-24,20 day ahead inc hosp,2021-06-13,quantile,0.25,89.86836197212732
06,2021-05-24,20 day ahead inc hosp,2021-06-13,quantile,0.3,96.68730064410792
06,2021-05-24,20 day ahead inc hosp,2021-06-13,quantile,0.35,102.50174174598943
06,2021-05-24,20 day ahead inc hosp,2021-06-13,quantile,0.4,108.87090377864374
06,2021-05-24,20 day ahead inc hosp,2021-06-13,quantile,0.45,115.94327703421483
06,2021-05-24,20 day ahead inc hosp,2021-06-13,quantile,0.5,122.00915829683895
06,2021-05-24,20 day ahead inc hosp,2021-06-13,quantile,0.55,127.94589492898317
06,2021-05-24,20 day ahead inc hosp,2021-06-13,quantile,0.6,134.67001015365713
06,2021-05-24,20 day ahead inc hosp,2021-06-13,quantile,0.65,142.513462886777
06,2021-05-24,20 day ahead inc hosp,2021-06-13,quantile,0.7,151.8812007317292
06,2021-05-24,20 day ahead inc hosp,2021-06-13,quantile,0.75,162.8169732594389
06,2021-05-24,20 day ahead inc hosp,2021-06-13,quantile,0.8,173.23291434164858
06,2021-05-24,20 day ahead inc hosp,2021-06-13,quantile,0.85,188.7252422656136
06,2021-05-24,20 day ahead inc hosp,2021-06-13,quantile,0.9,205.87574352558948
06,2021-05-24,20 day ahead inc hosp,2021-06-13,quantile,0.95,235.75242160237943
06,2021-05-24,20 day ahead inc hosp,2021-06-13,quantile,0.975,273.8137716273459
06,2021-05-24,20 day ahead inc hosp,2021-06-13,quantile,0.99,303.08943387683223
06,2021-05-24,21 day ahead inc hosp,2021-06-14,quantile,0.01,41.02704568647338
06,2021-05-24,21 day ahead inc hosp,2021-06-14,quantile,0.025,49.31479831960891
06,2021-05-24,21 day ahead inc hosp,2021-06-14,quantile,0.05,63.66039105825285
06,2021-05-24,21 day ahead inc hosp,2021-06-14,quantile,0.1,80.91899908561066
06,2021-05-24,21 day ahead inc hosp,2021-06-14,quantile,0.15,94.64864372842483
06,2021-05-24,21 day ahead inc hosp,2021-06-14,quantile,0.2,104.07698722269285
06,2021-05-24,21 day ahead inc hosp,2021-06-14,quantile,0.25,110.32034018155998
06,2021-05-24,21 day ahead inc hosp,2021-06-14,quantile,0.3,117.92389296798699
06,2021-05-24,21 day ahead inc hosp,2021-06-14,quantile,0.35,126.15635038019933
06,2021-05-24,21 day ahead inc hosp,2021-06-14,quantile,0.4,132.33625137355355
06,2021-05-24,21 day ahead inc hosp,2021-06-14,quantile,0.45,139.44050761343945
06,2021-05-24,21 day ahead inc hosp,2021-06-14,quantile,0.5,147.13712612343872
06,2021-05-24,21 day ahead inc hosp,2021-06-14,quantile,0.55,154.99940056645002
06,2021-05-24,21 day ahead inc hosp,2021-06-14,quantile,0.6,164.71533803078395
06,2021-05-24,21 day ahead inc hosp,2021-06-14,quantile,0.65,176.10537617566123
06,2021-05-24,21 day ahead inc hosp,2021-06-14,quantile,0.7,187.1381704437882
06,2021-05-24,21 day ahead inc hosp,2021-06-14,quantile,0.75,197.90676407305642
06,2021-05-24,21 day ahead inc hosp,2021-06-14,quantile,0.8,215.00184779551913
06,2021-05-24,21 day ahead inc hosp,2021-06-14,quantile,0.85,231.0267247687021
06,2021-05-24,21 day ahead inc hosp,2021-06-14,quantile,0.9,252.5814608487528
06,2021-05-24,21 day ahead inc hosp,2021-06-14,quantile,0.95,289.33667605799934
06,2021-05-24,21 day ahead inc hosp,2021-06-14,quantile,0.975,327.7333231990113
06,2021-05-24,21 day ahead inc hosp,2021-06-14,quantile,0.99,372.74597396169315
06,2021-05-24,22 day ahead inc hosp,2021-06-15,quantile,0.01,38.504556314661926
06,2021-05-24,22 day ahead inc hosp,2021-06-15,quantile,0.025,46.96578226775524
06,2021-05-24,22 day ahead inc hosp,2021-06-15,quantile,0.05,61.41049644716293
06,2021-05-24,22 day ahead inc hosp,2021-06-15,quantile,0.1,75.9378129614172
06,2021-05-24,22 day ahead inc hosp,2021-06-15,quantile,0.15,88.94793459676534
06,2021-05-24,22 day ahead inc hosp,2021-06-15,quantile,0.2,98.44248586684998
06,2021-05-24,22 day ahead inc hosp,2021-06-15,quantile,0.25,106.31263667749967
06,2021-05-24,22 day ahead inc hosp,2021-06-15,quantile,0.3,114.33581827780611
06,2021-05-24,22 day ahead inc hosp,2021-06-15,quantile,0.35,124.44655489544397
06,2021-05-24,22 day ahead inc hosp,2021-06-15,quantile,0.4,130.62188479049283
06,2021-05-24,22 day ahead inc hosp,2021-06-15,quantile,0.45,138.36982065889433
06,2021-05-24,22 day ahead inc hosp,2021-06-15,quantile,0.5,147.82426720887526
06,2021-05-24,22 day ahead inc hosp,2021-06-15,quantile,0.55,156.13052775113925
06,2021-05-24,22 day ahead inc hosp,2021-06-15,quantile,0.6,167.05135598591286
06,2021-05-24,22 day ahead inc hosp,2021-06-15,quantile,0.65,180.46377823180458
06,2021-05-24,22 day ahead inc hosp,2021-06-15,quantile,0.7,191.33060905918006
06,2021-05-24,22 day ahead inc hosp,2021-06-15,quantile,0.75,205.65549590025188
06,2021-05-24,22 day ahead inc hosp,2021-06-15,quantile,0.8,221.74448308425224
06,2021-05-24,22 day ahead inc hosp,2021-06-15,quantile,0.85,237.5704196019755
06,2021-05-24,22 day ahead inc hosp,2021-06-15,quantile,0.9,265.5962812679204
06,2021-05-24,22 day ahead inc hosp,2021-06-15,quantile,0.95,302.27430881457127
06,2021-05-24,22 day ahead inc hosp,2021-06-15,quantile,0.975,356.31282370027026
06,2021-05-24,22 day ahead inc hosp,2021-06-15,quantile,0.99,400.5721836299956
06,2021-05-24,23 day ahead inc hosp,2021-06-16,quantile,0.01,32.04404738153433
06,2021-05-24,23 day ahead inc hosp,2021-06-16,quantile,0.025,40.187326519729616
06,2021-05-24,23 day ahead inc hosp,2021-06-16,quantile,0.05,50.93284027821234
06,2021-05-24,23 day ahead inc hosp,2021-06-16,quantile,0.1,64.78036035694142
06,2021-05-24,23 day ahead inc hosp,2021-06-16,quantile,0.15,75.02353377164339
06,2021-05-24,23 day ahead inc hosp,2021-06-16,quantile,0.2,82.73628390209312
06,2021-05-24,23 day ahead inc hosp,2021-06-16,quantile,0.25,91.30811194231528
06,2021-05-24,23 day ahead inc hosp,2021-06-16,quantile,0.3,98.50212672441802
06,2021-05-24,23 day ahead inc hosp,2021-06-16,quantile,0.35,104.92775436566387
06,2021-05-24,23 day ahead inc hosp,2021-06-16,quantile,0.4,111.99066931405494
06,2021-05-24,23 day ahead inc hosp,2021-06-16,quantile,0.45,120.1919435435539
06,2021-05-24,23 day ahead inc hosp,2021-06-16,quantile,0.5,130.28088330057736
06,2021-05-24,23 day ahead inc hosp,2021-06-16,quantile,0.55,137.48416580632977
06,2021-05-24,23 day ahead inc hosp,2021-06-16,quantile,0.6,146.6359837401075
06,2021-05-24,23 day ahead inc hosp,2021-06-16,quantile,0.65,157.72595469101267
06,2021-05-24,23 day ahead inc hosp,2021-06-16,quantile,0.7,167.52417263918272
06,2021-05-24,23 day ahead inc hosp,2021-06-16,quantile,0.75,181.39190995189503
06,2021-05-24,23 day ahead inc hosp,2021-06-16,quantile,0.8,197.73919245832147
06,2021-05-24,23 day ahead inc hosp,2021-06-16,quantile,0.85,219.75908845817116
06,2021-05-24,23 day ahead inc hosp,2021-06-16,quantile,0.9,245.25772089249693
06,2021-05-24,23 day ahead inc hosp,2021-06-16,quantile,0.95,283.9640185715362
06,2021-05-24,23 day ahead inc hosp,2021-06-16,quantile,0.975,325.39698322735376
06,2021-05-24,23 day ahead inc hosp,2021-06-16,quantile,0.99,385.04161077643573
06,2021-05-24,24 day ahead inc hosp,2021-06-17,quantile,0.01,25.190370573566355
06,2021-05-24,24 day ahead inc hosp,2021-06-17,quantile,0.025,36.96147495612958
06,2021-05-24,24 day ahead inc hosp,2021-06-17,quantile,0.05,45.939786394384605
06,2021-05-24,24 day ahead inc hosp,2021-06-17,quantile,0.1,60.20147922829545
06,2021-05-24,24 day ahead inc hosp,2021-06-17,quantile,0.15,72.69660603080389
06,2021-05-24,24 day ahead inc hosp,2021-06-17,quantile,0.2,80.8237497218941
06,2021-05-24,24 day ahead inc hosp,2021-06-17,quantile,0.25,89.08812254474256
06,2021-05-24,24 day ahead inc hosp,2021-06-17,quantile,0.3,96.2142895037749
06,2021-05-24,24 day ahead inc hosp,2021-06-17,quantile,0.35,104.59260492257619
06,2021-05-24,24 day ahead inc hosp,2021-06-17,quantile,0.4,112.28904596917512
06,2021-05-24,24 day ahead inc hosp,2021-06-17,quantile,0.45,119.67504364152892
06,2021-05-24,24 day ahead inc hosp,2021-06-17,quantile,0.5,127.35018562461663
06,2021-05-24,24 day ahead inc hosp,2021-06-17,quantile,0.55,135.40706099647716
06,2021-05-24,24 day ahead inc hosp,2021-06-17,quantile,0.6,142.9702550308696
06,2021-05-24,24 day ahead inc hosp,2021-06-17,quantile,0.65,152.90139920539985
06,2021-05-24,24 day ahead inc hosp,2021-06-17,quantile,0.7,165.91460669280553
06,2021-05-24,24 day ahead inc hosp,2021-06-17,quantile,0.75,180.40371149377495
06,2021-05-24,24 day ahead inc hosp,2021-06-17,quantile,0.8,200.04882982053473
06,2021-05-24,24 day ahead inc hosp,2021-06-17,quantile,0.85,220.71129220053993
06,2021-05-24,24 day ahead inc hosp,2021-06-17,quantile,0.9,249.79699077927253
06,2021-05-24,24 day ahead inc hosp,2021-06-17,quantile,0.95,285.06208603501324
06,2021-05-24,24 day ahead inc hosp,2021-06-17,quantile,0.975,324.7935233932851
06,2021-05-24,24 day ahead inc hosp,2021-06-17,quantile,0.99,372.6261146040571
06,2021-05-24,25 day ahead inc hosp,2021-06-18,quantile,0.01,24.756150596321294
06,2021-05-24,25 day ahead inc hosp,2021-06-18,quantile,0.025,34.62354518147096
06,2021-05-24,25 day ahead inc hosp,2021-06-18,quantile,0.05,50.52522647599712
06,2021-05-24,25 day ahead inc hosp,2021-06-18,quantile,0.1,63.5508317687239
06,2021-05-24,25 day ahead inc hosp,2021-06-18,quantile,0.15,75.38775110643566
06,2021-05-24,25 day ahead inc hosp,2021-06-18,quantile,0.2,86.82173401863965
06,2021-05-24,25 day ahead inc hosp,2021-06-18,quantile,0.25,96.84552287187397
06,2021-05-24,25 day ahead inc hosp,2021-06-18,quantile,0.3,106.47958428981617
06,2021-05-24,25 day ahead inc hosp,2021-06-18,quantile,0.35,114.96244564289293
06,2021-05-24,25 day ahead inc hosp,2021-06-18,quantile,0.4,122.9313323203268
06,2021-05-24,25 day ahead inc hosp,2021-06-18,quantile,0.45,132.22662799600832
06,2021-05-24,25 day ahead inc hosp,2021-06-18,quantile,0.5,140.8764693488851
06,2021-05-24,25 day ahead inc hosp,2021-06-18,quantile,0.55,155.12578583327945
06,2021-05-24,25 day ahead inc hosp,2021-06-18,quantile,0.6,164.99859963865845
06,2021-05-24,25 day ahead inc hosp,2021-06-18,quantile,0.65,178.59869483027938
06,2021-05-24,25 day ahead inc hosp,2021-06-18,quantile,0.7,190.09845034982473
06,2021-05-24,25 day ahead inc hosp,2021-06-18,quantile,0.75,203.41497375142006
06,2021-05-24,25 day ahead inc hosp,2021-06-18,quantile,0.8,220.64087959655933
06,2021-05-24,25 day ahead inc hosp,2021-06-18,quantile,0.85,245.05308500685277
06,2021-05-24,25 day ahead inc hosp,2021-06-18,quantile,0.9,277.3492351319067
06,2021-05-24,25 day ahead inc hosp,2021-06-18,quantile,0.95,327.9176292611837
06,2021-05-24,25 day ahead inc hosp,2021-06-18,quantile,0.975,369.5588405459863
06,2021-05-24,25 day ahead inc hosp,2021-06-18,quantile,0.99,418.985881763949
06,2021-05-24,26 day ahead inc hosp,2021-06-19,quantile,0.01,20.257862334597913
06,2021-05-24,26 day ahead inc hosp,2021-06-19,quantile,0.025,28.180649075844595
06,2021-05-24,26 day ahead inc hosp,2021-06-19,quantile,0.05,36.545531708506616
06,2021-05-24,26 day ahead inc hosp,2021-06-19,quantile,0.1,48.98425082511023
06,2021-05-24,26 day ahead inc hosp,2021-06-19,quantile,0.15,60.12001035818883
06,2021-05-24,26 day ahead inc hosp,2021-06-19,quantile,0.2,69.24742882162457
06,2021-05-24,26 day ahead inc hosp,2021-06-19,quantile,0.25,78.37667388368675
06,2021-05-24,26 day ahead inc hosp,2021-06-19,quantile,0.3,87.99510782717557
06,2021-05-24,26 day ahead inc hosp,2021-06-19,quantile,0.35,95.81516037353413
06,2021-05-24,26 day ahead inc hosp,2021-06-19,quantile,0.4,103.2113632374693
06,2021-05-24,26 day ahead inc hosp,2021-06-19,quantile,0.45,109.83141842066416
06,2021-05-24,26 day ahead inc hosp,2021-06-19,quantile,0.5,119.6039555461506
06,2021-05-24,26 day ahead inc hosp,2021-06-19,quantile,0.55,128.5343663254187
06,2021-05-24,26 day ahead inc hosp,2021-06-19,quantile,0.6,139.1345620343994
06,2021-05-24,26 day ahead inc hosp,2021-06-19,quantile,0.65,151.0863601097167
06,2021-05-24,26 day ahead inc hosp,2021-06-19,quantile,0.7,163.02093151473048
06,2021-05-24,26 day ahead inc hosp,2021-06-19,quantile,0.75,175.05671077575667
06,2021-05-24,26 day ahead inc hosp,2021-06-19,quantile,0.8,194.5583516151609
06,2021-05-24,26 day ahead inc hosp,2021-06-19,quantile,0.85,218.81114596881574
06,2021-05-24,26 day ahead inc hosp,2021-06-19,quantile,0.9,245.13956678228033
06,2021-05-24,26 day ahead inc hosp,2021-06-19,quantile,0.95,281.7291869796377
06,2021-05-24,26 day ahead inc hosp,2021-06-19,quantile,0.975,339.29503024579935
06,2021-05-24,26 day ahead inc hosp,2021-06-19,quantile,0.99,407.89307444206753
06,2021-05-24,27 day ahead inc hosp,2021-06-20,quantile,0.01,14.320142173389499
06,2021-05-24,27 day ahead inc hosp,2021-06-20,quantile,0.025,21.696157666471624
06,2021-05-24,27 day ahead inc hosp,2021-06-20,quantile,0.05,30.7378915269112
06,2021-05-24,27 day ahead inc hosp,2021-06-20,quantile,0.1,45.375225869254976
06,2021-05-24,27 day ahead inc hosp,2021-06-20,quantile,0.15,55.33330760515326
06,2021-05-24,27 day ahead inc hosp,2021-06-20,quantile,0.2,64.31308792113232
06,2021-05-24,27 day ahead inc hosp,2021-06-20,quantile,0.25,71.48475401537652
06,2021-05-24,27 day ahead inc hosp,2021-06-20,quantile,0.3,78.79728496714947
06,2021-05-24,27 day ahead inc hosp,2021-06-20,quantile,0.35,87.12338366951597
06,2021-05-24,27 day ahead inc hosp,2021-06-20,quantile,0.4,94.5900757955096
06,2021-05-24,27 day ahead inc hosp,2021-06-20,quantile,0.45,100.9510790528115
06,2021-05-24,27 day ahead inc hosp,2021-06-20,quantile,0.5,110.53590982780436
06,2021-05-24,27 day ahead inc hosp,2021-06-20,quantile,0.55,118.07998917790616
06,2021-05-24,27 day ahead inc hosp,2021-06-20,quantile,0.6,128.94126924493182
06,2021-05-24,27 day ahead inc hosp,2021-06-20,quantile,0.65,138.82913214015738
06,2021-05-24,27 day ahead inc hosp,2021-06-20,quantile,0.7,150.5064386262558
06,2021-05-24,27 day ahead inc hosp,2021-06-20,quantile,0.75,166.86512084556665
06,2021-05-24,27 day ahead inc hosp,2021-06-20,quantile,0.8,182.55200315865585
06,2021-05-24,27 day ahead inc hosp,2021-06-20,quantile,0.85,208.26612285550567
06,2021-05-24,27 day ahead inc hosp,2021-06-20,quantile,0.9,230.09391014753643
06,2021-05-24,27 day ahead inc hosp,2021-06-20,quantile,0.95,282.8943837447796
06,2021-05-24,27 day ahead inc hosp,2021-06-20,quantile,0.975,327.68347275135994
06,2021-05-24,27 day ahead inc hosp,2021-06-20,quantile,0.99,385.87829395881926
06,2021-05-24,28 day ahead inc hosp,2021-06-21,quantile,0.01,21.693048590890427
06,2021-05-24,28 day ahead inc hosp,2021-06-21,quantile,0.025,27.69390604616951
06,2021-05-24,28 day ahead inc hosp,2021-06-21,quantile,0.05,40.19220372964119
06,2021-05-24,28 day ahead inc hosp,2021-06-21,quantile,0.1,55.04611829503979
06,2021-05-24,28 day ahead inc hosp,2021-06-21,quantile,0.15,68.35199951444184
06,2021-05-24,28 day ahead inc hosp,2021-06-21,quantile,0.2,80.53073240721602
06,2021-05-24,28 day ahead inc hosp,2021-06-21,quantile,0.25,91.56379925303918
06,2021-05-24,28 day ahead inc hosp,2021-06-21,quantile,0.3,100.14929143706884
06,2021-05-24,28 day ahead inc hosp,2021-06-21,quantile,0.35,109.64929247811013
06,2021-05-24,28 day ahead inc hosp,2021-06-21,quantile,0.4,117.70330314937068
06,2021-05-24,28 day ahead inc hosp,2021-06-21,quantile,0.45,127.67619526186748
06,2021-05-24,28 day ahead inc hosp,2021-06-21,quantile,0.5,137.60691606255835
06,2021-05-24,28 day ahead inc hosp,2021-06-21,quantile,0.55,147.08317401627602
06,2021-05-24,28 day ahead inc hosp,2021-06-21,quantile,0.6,159.74564040637858
06,2021-05-24,28 day ahead inc hosp,2021-06-21,quantile,0.65,173.98654174059067
06,2021-05-24,28 day ahead inc hosp,2021-06-21,quantile,0.7,189.12688657213886
06,2021-05-24,28 day ahead inc hosp,2021-06-21,quantile,0.75,211.4234822136667
06,2021-05-24,28 day ahead inc hosp,2021-06-21,quantile,0.8,234.01077714210604
06,2021-05-24,28 day ahead inc hosp,2021-06-21,quantile,0.85,260.54238915743616
06,2021-05-24,28 day ahead inc hosp,2021-06-21,quantile,0.9,291.3128355334
06,2021-05-24,28 day ahead inc hosp,2021-06-21,quantile,0.95,347.53033390177853
06,2021-05-24,28 day ahead inc hosp,2021-06-21,quantile,0.975,391.3160449126541
06,2021-05-24,28 day ahead inc hosp,2021-06-21,quantile,0.99,475.5569327198099
06,2021-05-24,1 day ahead inc case,2021-05-25,quantile,0.01,935.2923013988557
06,2021-05-24,1 day ahead inc case,2021-05-25,quantile,0.025,955.1167813551104
06,2021-05-24,1 day ahead inc case,2021-05-25,quantile,0.05,981.0255599555932
06,2021-05-24,1 day ahead inc case,2021-05-25,quantile,0.1,1011.6277004514232
06,2021-05-24,1 day ahead inc case,2021-05-25,quantile,0.15,1029.9029970040115
06,2021-05-24,1 day ahead inc case,2021-05-25,quantile,0.2,1054.8210960550373
06,2021-05-24,1 day ahead inc case,2021-05-25,quantile,0.25,1071.7327143979717
06,2021-05-24,1 day ahead inc case,2021-05-25,quantile,0.3,1086.7053220360094
06,2021-05-24,1 day ahead inc case,2021-05-25,quantile,0.35,1100.3490501131241
06,2021-05-24,1 day ahead inc case,2021-05-25,quantile,0.4,1117.1150723678763
06,2021-05-24,1 day ahead inc case,2021-05-25,quantile,0.45,1132.5699874236818
06,2021-05-24,1 day ahead inc case,2021-05-25,quantile,0.5,1143.9521652346623
06,2021-05-24,1 day ahead inc case,2021-05-25,quantile,0.55,1157.9012795546134
06,2021-05-24,1 day ahead inc case,2021-05-25,quantile,0.6,1171.4260848019267
06,2021-05-24,1 day ahead inc case,2021-05-25,quantile,0.65,1184.7872813261135
06,2021-05-24,1 day ahead inc case,2021-05-25,quantile,0.7,1194.613933178775
06,2021-05-24,1 day ahead inc case,2021-05-25,quantile,0.75,1211.6787138356294
06,2021-05-24,1 day ahead inc case,2021-05-25,quantile,0.8,1235.1435231088128
06,2021-05-24,1 day ahead inc case,2021-05-25,quantile,0.85,1255.673808202307
06,2021-05-24,1 day ahead inc case,2021-05-25,quantile,0.9,1280.708470281878
06,2021-05-24,1 day ahead inc case,2021-05-25,quantile,0.95,1315.4074310320907
06,2021-05-24,1 day ahead inc case,2021-05-25,quantile,0.975,1352.5710558116375
06,2021-05-24,1 day ahead inc case,2021-05-25,quantile,0.99,1414.5261363671975
06,2021-05-24,2 day ahead inc case,2021-05-26,quantile,0.01,800.2387949995762
06,2021-05-24,2 day ahead inc case,2021-05-26,quantile,0.025,844.5823516293484
06,2021-05-24,2 day ahead inc case,2021-05-26,quantile,0.05,888.8961211413261
06,2021-05-24,2 day ahead inc case,2021-05-26,quantile,0.1,942.4237918282599
06,2021-05-24,2 day ahead inc case,2021-05-26,quantile,0.15,974.2861006538229
06,2021-05-24,2 day ahead inc case,2021-05-26,quantile,0.2,1002.2960424622413
06,2021-05-24,2 day ahead inc case,2021-05-26,quantile,0.25,1031.6019698492812
06,2021-05-24,2 day ahead inc case,2021-05-26,quantile,0.3,1054.4343149580402
06,2021-05-24,2 day ahead inc case,2021-05-26,quantile,0.35,1072.121736433496
06,2021-05-24,2 day ahead inc case,2021-05-26,quantile,0.4,1089.809233015571
06,2021-05-24,2 day ahead inc case,2021-05-26,quantile,0.45,1111.9016378497147
06,2021-05-24,2 day ahead inc case,2021-05-26,quantile,0.5,1130.0866129438105
06,2021-05-24,2 day ahead inc case,2021-05-26,quantile,0.55,1150.7648521364197
06,2021-05-24,2 day ahead inc case,2021-05-26,quantile,0.6,1177.2006226566118
06,2021-05-24,2 day ahead inc case,2021-05-26,quantile,0.65,1197.0922627945317
06,2021-05-24,2 day ahead inc case,2021-05-26,quantile,0.7,1222.6606527137697
06,2021-05-24,2 day ahead inc case,2021-05-26,quantile,0.75,1243.9575554958599
06,2021-05-24,2 day ahead inc case,2021-05-26,quantile,0.8,1272.8607035719822
06,2021-05-24,2 day ahead inc case,2021-05-26,quantile,0.85,1300.4826529982104
06,2021-05-24,2 day ahead inc case,2021-05-26,quantile,0.9,1343.9415563138452
06,2021-05-24,2 day ahead inc case,2021-05-26,quantile,0.95,1415.736051731421
06,2021-05-24,2 day ahead inc case,2021-05-26,quantile,0.975,1485.7963022442568
06,2021-05-24,2 day ahead inc case,2021-05-26,quantile,0.99,1605.8727224549214
06,2021-05-24,3 day ahead inc case,2021-05-27,quantile,0.01,673.0592876345405
06,2021-05-24,3 day ahead inc case,2021-05-27,quantile,0.025,715.4709650704452
06,2021-05-24,3 day ahead inc case,2021-05-27,quantile,0.05,769.1703869602625
06,2021-05-24,3 day ahead inc case,2021-05-27,quantile,0.1,836.124083041118
06,2021-05-24,3 day ahead inc case,2021-05-27,quantile,0.15,886.5947178846492
06,2021-05-24,3 day ahead inc case,2021-05-27,quantile,0.2,927.3236941918187
06,2021-05-24,3 day ahead inc case,2021-05-27,quantile,0.25,960.4579936570196
06,2021-05-24,3 day ahead inc case,2021-05-27,quantile,0.3,984.7810082181162
06,2021-05-24,3 day ahead inc case,2021-05-27,quantile,0.35,1011.4923651632184
06,2021-05-24,3 day ahead inc case,2021-05-27,quantile,0.4,1035.044195168063
06,2021-05-24,3 day ahead inc case,2021-05-27,quantile,0.45,1068.65903632143
06,2021-05-24,3 day ahead inc case,2021-05-27,quantile,0.5,1099.0073121009464
06,2021-05-24,3 day ahead inc case,2021-05-27,quantile,0.55,1121.2825837778607
06,2021-05-24,3 day ahead inc case,2021-05-27,quantile,0.6,1147.0086868259748
06,2021-05-24,3 day ahead inc case,2021-05-27,quantile,0.65,1174.212083211006
06,2021-05-24,3 day ahead inc case,2021-05-27,quantile,0.7,1200.5521011519115
06,2021-05-24,3 day ahead inc case,2021-05-27,quantile,0.75,1226.5150053039767
06,2021-05-24,3 day ahead inc case,2021-05-27,quantile,0.8,1260.9835757894025
06,2021-05-24,3 day ahead inc case,2021-05-27,quantile,0.85,1311.056502572002
06,2021-05-24,3 day ahead inc case,2021-05-27,quantile,0.9,1390.3972015469183
06,2021-05-24,3 day ahead inc case,2021-05-27,quantile,0.95,1475.9649323939725
06,2021-05-24,3 day ahead inc case,2021-05-27,quantile,0.975,1574.6572501552896
06,2021-05-24,3 day ahead inc case,2021-05-27,quantile,0.99,1680.98028837045
06,2021-05-24,4 day ahead inc case,2021-05-28,quantile,0.01,567.029231404515
06,2021-05-24,4 day ahead inc case,2021-05-28,quantile,0.025,641.5214076051736
06,2021-05-24,4 day ahead inc case,2021-05-28,quantile,0.05,711.4573070379331
06,2021-05-24,4 day ahead inc case,2021-05-28,quantile,0.1,770.2215870796527
06,2021-05-24,4 day ahead inc case,2021-05-28,quantile,0.15,815.8576966085946
06,2021-05-24,4 day ahead inc case,2021-05-28,quantile,0.2,868.9402497472295
06,2021-05-24,4 day ahead inc case,2021-05-28,quantile,0.25,902.7647623225362
06,2021-05-24,4 day ahead inc case,2021-05-28,quantile,0.3,933.2615597726488
06,2021-05-24,4 day ahead inc case,2021-05-28,quantile,0.35,962.7823399333065
06,2021-05-24,4 day ahead inc case,2021-05-28,quantile,0.4,993.6911264740605
06,2021-05-24,4 day ahead inc case,2021-05-28,quantile,0.45,1025.2606384259561
06,2021-05-24,4 day ahead inc case,2021-05-28,quantile,0.5,1062.152724693362
06,2021-05-24,4 day ahead inc case,2021-05-28,quantile,0.55,1093.6545073366376
06,2021-05-24,4 day ahead inc case,2021-05-28,quantile,0.6,1120.3725792101723
06,2021-05-24,4 day ahead inc case,2021-05-28,quantile,0.65,1158.3346527974788
06,2021-05-24,4 day ahead inc case,2021-05-28,quantile,0.7,1200.9343084013785
06,2021-05-24,4 day ahead inc case,2021-05-28,quantile,0.75,1241.5648858405912
06,2021-05-24,4 day ahead inc case,2021-05-28,quantile,0.8,1275.3045705517309
06,2021-05-24,4 day ahead inc case,2021-05-28,quantile,0.85,1337.0003890248388
06,2021-05-24,4 day ahead inc case,2021-05-28,quantile,0.9,1402.948628394064
06,2021-05-24,4 day ahead inc case,2021-05-28,quantile,0.95,1538.977129330515
06,2021-05-24,4 day ahead inc case,2021-05-28,quantile,0.975,1640.1632418781091
06,2021-05-24,4 day ahead inc case,2021-05-28,quantile,0.99,1755.5938445197007
06,2021-05-24,5 day ahead inc case,2021-05-29,quantile,0.01,521.2484225538611
06,2021-05-24,5 day ahead inc case,2021-05-29,quantile,0.025,597.8391047708849
06,2021-05-24,5 day ahead inc case,2021-05-29,quantile,0.05,662.5907738426963
06,2021-05-24,5 day ahead inc case,2021-05-29,quantile,0.1,717.3811092213053
06,2021-05-24,5 day ahead inc case,2021-05-29,quantile,0.15,778.0491994112549
06,2021-05-24,5 day ahead inc case,2021-05-29,quantile,0.2,823.1272162610135
06,2021-05-24,5 day ahead inc case,2021-05-29,quantile,0.25,862.3484759778556
06,2021-05-24,5 day ahead inc case,2021-05-29,quantile,0.3,890.599244830623
06,2021-05-24,5 day ahead inc case,2021-05-29,quantile,0.35,926.6234038400942
06,2021-05-24,5 day ahead inc case,2021-05-29,quantile,0.4,963.844111544369
06,2021-05-24,5 day ahead inc case,2021-05-29,quantile,0.45,1011.5682627753001
06,2021-05-24,5 day ahead inc case,2021-05-29,quantile,0.5,1042.0217914506088
06,2021-05-24,5 day ahead inc case,2021-05-29,quantile,0.55,1084.4915529760492
06,2021-05-24,5 day ahead inc case,2021-05-29,quantile,0.6,1118.0052908269217
06,2021-05-24,5 day ahead inc case,2021-05-29,quantile,0.65,1154.6334449471221
06,2021-05-24,5 day ahead inc case,2021-05-29,quantile,0.7,1205.6445270731294
06,2021-05-24,5 day ahead inc case,2021-05-29,quantile,0.75,1252.3738687705425
06,2021-05-24,5 day ahead inc case,2021-05-29,quantile,0.8,1300.205483501819
06,2021-05-24,5 day ahead inc case,2021-05-29,quantile,0.85,1354.5420032653108
06,2021-05-24,5 day ahead inc case,2021-05-29,quantile,0.9,1436.0845580792484
06,2021-05-24,5 day ahead inc case,2021-05-29,quantile,0.95,1578.1086034651432
06,2021-05-24,5 day ahead inc case,2021-05-29,quantile,0.975,1721.6055945667708
06,2021-05-24,5 day ahead inc case,2021-05-29,quantile,0.99,1861.830288264451
06,2021-05-24,6 day ahead inc case,2021-05-30,quantile,0.01,457.6845337995811
06,2021-05-24,6 day ahead inc case,2021-05-30,quantile,0.025,556.1504372068167
06,2021-05-24,6 day ahead inc case,2021-05-30,quantile,0.05,609.4390097633885
06,2021-05-24,6 day ahead inc case,2021-05-30,quantile,0.1,694.3660564629175
06,2021-05-24,6 day ahead inc case,2021-05-30,quantile,0.15,755.2303065995042
06,2021-05-24,6 day ahead inc case,2021-05-30,quantile,0.2,797.9664422285289
06,2021-05-24,6 day ahead inc case,2021-05-30,quantile,0.25,844.9096061680176
06,2021-05-24,6 day ahead inc case,2021-05-30,quantile,0.3,884.970721291594
06,2021-05-24,6 day ahead inc case,2021-05-30,quantile,0.35,918.2097988143437
06,2021-05-24,6 day ahead inc case,2021-05-30,quantile,0.4,954.5967551905724
06,2021-05-24,6 day ahead inc case,2021-05-30,quantile,0.45,989.2343664146507
06,2021-05-24,6 day ahead inc case,2021-05-30,quantile,0.5,1036.053458450786
06,2021-05-24,6 day ahead inc case,2021-05-30,quantile,0.55,1078.198379673415
06,2021-05-24,6 day ahead inc case,2021-05-30,quantile,0.6,1114.9905312365424
06,2021-05-24,6 day ahead inc case,2021-05-30,quantile,0.65,1159.9593909644068
06,2021-05-24,6 day ahead inc case,2021-05-30,quantile,0.7,1213.676465784103
06,2021-05-24,6 day ahead inc case,2021-05-30,quantile,0.75,1267.3678816341687
06,2021-05-24,6 day ahead inc case,2021-05-30,quantile,0.8,1336.8920412949099
06,2021-05-24,6 day ahead inc case,2021-05-30,quantile,0.85,1423.2508151161157
06,2021-05-24,6 day ahead inc case,2021-05-30,quantile,0.9,1514.195408543809
06,2021-05-24,6 day ahead inc case,2021-05-30,quantile,0.95,1660.2500418901182
06,2021-05-24,6 day ahead inc case,2021-05-30,quantile,0.975,1799.9264853148475
06,2021-05-24,6 day ahead inc case,2021-05-30,quantile,0.99,1952.007110874133
06,2021-05-24,7 day ahead inc case,2021-05-31,quantile,0.01,426.2090936186412
06,2021-05-24,7 day ahead inc case,2021-05-31,quantile,0.025,499.5202312445384
06,2021-05-24,7 day ahead inc case,2021-05-31,quantile,0.05,557.696833860896
06,2021-05-24,7 day ahead inc case,2021-05-31,quantile,0.1,643.9900769693065
06,2021-05-24,7 day ahead inc case,2021-05-31,quantile,0.15,711.9067764244371
06,2021-05-24,7 day ahead inc case,2021-05-31,quantile,0.2,772.0030615912534
06,2021-05-24,7 day ahead inc case,2021-05-31,quantile,0.25,817.2142019935159
06,2021-05-24,7 day ahead inc case,2021-05-31,quantile,0.3,857.1891597554028
06,2021-05-24,7 day ahead inc case,2021-05-31,quantile,0.35,889.0087688817778
06,2021-05-24,7 day ahead inc case,2021-05-31,quantile,0.4,931.4292299674453
06,2021-05-24,7 day ahead inc case,2021-05-31,quantile,0.45,972.4601158229482
06,2021-05-24,7 day ahead inc case,2021-05-31,quantile,0.5,1010.7604117310343
06,2021-05-24,7 day ahead inc case,2021-05-31,quantile,0.55,1052.4096539914196
06,2021-05-24,7 day ahead inc case,2021-05-31,quantile,0.6,1110.75070993955
06,2021-05-24,7 day ahead inc case,2021-05-31,quantile,0.65,1151.7642884565148
06,2021-05-24,7 day ahead inc case,2021-05-31,quantile,0.7,1208.5352135272633
06,2021-05-24,7 day ahead inc case,2021-05-31,quantile,0.75,1276.0860337438255
06,2021-05-24,7 day ahead inc case,2021-05-31,quantile,0.8,1346.2633087002173
06,2021-05-24,7 day ahead inc case,2021-05-31,quantile,0.85,1434.889831548036
06,2021-05-24,7 day ahead inc case,2021-05-31,quantile,0.9,1565.5481013138099
06,2021-05-24,7 day ahead inc case,2021-05-31,quantile,0.95,1699.55067547662
06,2021-05-24,7 day ahead inc case,2021-05-31,quantile,0.975,1894.8022515776834
06,2021-05-24,7 day ahead inc case,2021-05-31,quantile,0.99,2083.5170305033075
06,2021-05-24,8 day ahead inc case,2021-06-01,quantile,0.01,373.9587945380898
06,2021-05-24,8 day ahead inc case,2021-06-01,quantile,0.025,433.8553221578398
06,2021-05-24,8 day ahead inc case,2021-06-01,quantile,0.05,496.97843066575734
06,2021-05-24,8 day ahead inc case,2021-06-01,quantile,0.1,590.4367474154483
06,2021-05-24,8 day ahead inc case,2021-06-01,quantile,0.15,664.4560289209063
06,2021-05-24,8 day ahead inc case,2021-06-01,quantile,0.2,721.2489588365794
06,2021-05-24,8 day ahead inc case,2021-06-01,quantile,0.25,778.7941108488094
06,2021-05-24,8 day ahead inc case,2021-06-01,quantile,0.3,831.8050667998561
06,2021-05-24,8 day ahead inc case,2021-06-01,quantile,0.35,875.8835615366593
06,2021-05-24,8 day ahead inc case,2021-06-01,quantile,0.4,916.3715192854478
06,2021-05-24,8 day ahead inc case,2021-06-01,quantile,0.45,964.3415134028966
06,2021-05-24,8 day ahead inc case,2021-06-01,quantile,0.5,1013.1704343947758
06,2021-05-24,8 day ahead inc case,2021-06-01,quantile,0.55,1058.6443803980908
06,2021-05-24,8 day ahead inc case,2021-06-01,quantile,0.6,1104.3886515844
06,2021-05-24,8 day ahead inc case,2021-06-01,quantile,0.65,1155.8920265689258
06,2021-05-24,8 day ahead inc case,2021-06-01,quantile,0.7,1234.1484212441512
06,2021-05-24,8 day ahead inc case,2021-06-01,quantile,0.75,1298.0219241548002
06,2021-05-24,8 day ahead inc case,2021-06-01,quantile,0.8,1369.4095776391696
06,2021-05-24,8 day ahead inc case,2021-06-01,quantile,0.85,1473.9447415144846
06,2021-05-24,8 day ahead inc case,2021-06-01,quantile,0.9,1606.1257042586528
06,2021-05-24,8 day ahead inc case,2021-06-01,quantile,0.95,1795.3410523658595
06,2021-05-24,8 day ahead inc case,2021-06-01,quantile,0.975,2078.6052044585817
06,2021-05-24,8 day ahead inc case,2021-06-01,quantile,0.99,2209.9747108201223
06,2021-05-24,9 day ahead inc case,2021-06-02,quantile,0.01,311.65962963139185
06,2021-05-24,9 day ahead inc case,2021-06-02,quantile,0.025,383.72212299615836
06,2021-05-24,9 day ahead inc case,2021-06-02,quantile,0.05,467.56263462991143
06,2021-05-24,9 day ahead inc case,2021-06-02,quantile,0.1,544.9983121498095
06,2021-05-24,9 day ahead inc case,2021-06-02,quantile,0.15,614.8950208750244
06,2021-05-24,9 day ahead inc case,2021-06-02,quantile,0.2,694.1704369789115
06,2021-05-24,9 day ahead inc case,2021-06-02,quantile,0.25,744.1803262412164
06,2021-05-24,9 day ahead inc case,2021-06-02,quantile,0.3,799.8745629828552
06,2021-05-24,9 day ahead inc case,2021-06-02,quantile,0.35,849.3705816283109
06,2021-05-24,9 day ahead inc case,2021-06-02,quantile,0.4,897.800545868028
06,2021-05-24,9 day ahead inc case,2021-06-02,quantile,0.45,953.7968415540851
06,2021-05-24,9 day ahead inc case,2021-06-02,quantile,0.5,1013.6538560124635
06,2021-05-24,9 day ahead inc case,2021-06-02,quantile,0.55,1066.2420272398801
06,2021-05-24,9 day ahead inc case,2021-06-02,quantile,0.6,1125.1367739747907
06,2021-05-24,9 day ahead inc case,2021-06-02,quantile,0.65,1193.9268529119656
06,2021-05-24,9 day ahead inc case,2021-06-02,quantile,0.7,1274.3121981373906
06,2021-05-24,9 day ahead inc case,2021-06-02,quantile,0.75,1339.932989217536
06,2021-05-24,9 day ahead inc case,2021-06-02,quantile,0.8,1417.9230323287127
06,2021-05-24,9 day ahead inc case,2021-06-02,quantile,0.85,1538.9075657150215
06,2021-05-24,9 day ahead inc case,2021-06-02,quantile,0.9,1688.8966056764696
06,2021-05-24,9 day ahead inc case,2021-06-02,quantile,0.95,1966.937618488667
06,2021-05-24,9 day ahead inc case,2021-06-02,quantile,0.975,2185.7157637723208
06,2021-05-24,9 day ahead inc case,2021-06-02,quantile,0.99,2466.120421265518
06,2021-05-24,10 day ahead inc case,2021-06-03,quantile,0.01,277.12367037230297
06,2021-05-24,10 day ahead inc case,2021-06-03,quantile,0.025,334.33863781138956
06,2021-05-24,10 day ahead inc case,2021-06-03,quantile,0.05,399.9717891329078
06,2021-05-24,10 day ahead inc case,2021-06-03,quantile,0.1,488.75831840636476
06,2021-05-24,10 day ahead inc case,2021-06-03,quantile,0.15,565.4348705787739
06,2021-05-24,10 day ahead inc case,2021-06-03,quantile,0.2,627.1713040762893
06,2021-05-24,10 day ahead inc case,2021-06-03,quantile,0.25,670.6581296235416
06,2021-05-24,10 day ahead inc case,2021-06-03,quantile,0.3,733.4654934937585
06,2021-05-24,10 day ahead inc case,2021-06-03,quantile,0.35,794.4722764131491
06,2021-05-24,10 day ahead inc case,2021-06-03,quantile,0.4,857.1917073653229
06,2021-05-24,10 day ahead inc case,2021-06-03,quantile,0.45,918.98782178139
06,2021-05-24,10 day ahead inc case,2021-06-03,quantile,0.5,974.7483898339073
06,2021-05-24,10 day ahead inc case,2021-06-03,quantile,0.55,1045.0229047806529
06,2021-05-24,10 day ahead inc case,2021-06-03,quantile,0.6,1101.6810642243884
06,2021-05-24,10 day ahead inc case,2021-06-03,quantile,0.65,1166.3363130057114
06,2021-05-24,10 day ahead inc case,2021-06-03,quantile,0.7,1248.0912639273695
06,2021-05-24,10 day ahead inc case,2021-06-03,quantile,0.75,1342.445872122453
06,2021-05-24,10 day ahead inc case,2021-06-03,quantile,0.8,1442.5657725064139
06,2021-05-24,10 day ahead inc case,2021-06-03,quantile,0.85,1572.107774759404
06,2021-05-24,10 day ahead inc case,2021-06-03,quantile,0.9,1714.2460889382044
06,2021-05-24,10 day ahead inc case,2021-06-03,quantile,0.95,2004.5886709238785
06,2021-05-24,10 day ahead inc case,2021-06-03,quantile,0.975,2262.586602379412
06,2021-05-24,10 day ahead inc case,2021-06-03,quantile,0.99,2567.323392575584
06,2021-05-24,11 day ahead inc case,2021-06-04,quantile,0.01,218.3909332533544
06,2021-05-24,11 day ahead inc case,2021-06-04,quantile,0.025,279.7315352517555
06,2021-05-24,11 day ahead inc case,2021-06-04,quantile,0.05,340.55200704864853
06,2021-05-24,11 day ahead inc case,2021-06-04,quantile,0.1,424.7711682629159
06,2021-05-24,11 day ahead inc case,2021-06-04,quantile,0.15,494.91957940630004
06,2021-05-24,11 day ahead inc case,2021-06-04,quantile,0.2,562.3635097050583
06,2021-05-24,11 day ahead inc case,2021-06-04,quantile,0.25,611.3505407856239
06,2021-05-24,11 day ahead inc case,2021-06-04,quantile,0.3,664.6169507998152
06,2021-05-24,11 day ahead inc case,2021-06-04,quantile,0.35,728.5430981243921
06,2021-05-24,11 day ahead inc case,2021-06-04,quantile,0.4,789.0506459801494
06,2021-05-24,11 day ahead inc case,2021-06-04,quantile,0.45,849.4560969300732
06,2021-05-24,11 day ahead inc case,2021-06-04,quantile,0.5,916.8753807506289
06,2021-05-24,11 day ahead inc case,2021-06-04,quantile,0.55,981.3111341006327
06,2021-05-24,11 day ahead inc case,2021-06-04,quantile,0.6,1059.7517536668809
06,2021-05-24,11 day ahead inc case,2021-06-04,quantile,0.65,1121.0408896556141
06,2021-05-24,11 day ahead inc case,2021-06-04,quantile,0.7,1204.3992207903154
06,2021-05-24,11 day ahead inc case,2021-06-04,quantile,0.75,1311.2553375488335
06,2021-05-24,11 day ahead inc case,2021-06-04,quantile,0.8,1421.8817979363837
06,2021-05-24,11 day ahead inc case,2021-06-04,quantile,0.85,1547.1785092431555
06,2021-05-24,11 day ahead inc case,2021-06-04,quantile,0.9,1732.3521252441024
06,2021-05-24,11 day ahead inc case,2021-06-04,quantile,0.95,2063.1230352264665
06,2021-05-24,11 day ahead inc case,2021-06-04,quantile,0.975,2343.161064277966
06,2021-05-24,11 day ahead inc case,2021-06-04,quantile,0.99,2660.420499824689
06,2021-05-24,12 day ahead inc case,2021-06-05,quantile,0.01,188.14529108517573
06,2021-05-24,12 day ahead inc case,2021-06-05,quantile,0.025,233.72684223029592
06,2021-05-24,12 day ahead inc case,2021-06-05,quantile,0.05,296.2599061046317
06,2021-05-24,12 day ahead inc case,2021-06-05,quantile,0.1,398.77465605704583
06,2021-05-24,12 day ahead inc case,2021-06-05,quantile,0.15,479.38692651643623
06,2021-05-24,12 day ahead inc case,2021-06-05,quantile,0.2,518.5428242938543
06,2021-05-24,12 day ahead inc case,2021-06-05,quantile,0.25,593.0085082306952
06,2021-05-24,12 day ahead inc case,2021-06-05,quantile,0.3,649.9296554450043
06,2021-05-24,12 day ahead inc case,2021-06-05,quantile,0.35,709.4380999517253
06,2021-05-24,12 day ahead inc case,2021-06-05,quantile,0.4,774.5850667522021
06,2021-05-24,12 day ahead inc case,2021-06-05,quantile,0.45,842.360483517011
06,2021-05-24,12 day ahead inc case,2021-06-05,quantile,0.5,914.8842958532347
06,2021-05-24,12 day ahead inc case,2021-06-05,quantile,0.55,978.0118217928919
06,2021-05-24,12 day ahead inc case,2021-06-05,quantile,0.6,1062.2665520073024
06,2021-05-24,12 day ahead inc case,2021-06-05,quantile,0.65,1151.2833360331515
06,2021-05-24,12 day ahead inc case,2021-06-05,quantile,0.7,1234.8749369072927
06,2021-05-24,12 day ahead inc case,2021-06-05,quantile,0.75,1326.9580655969937
06,2021-05-24,12 day ahead inc case,2021-06-05,quantile,0.8,1433.6823916089766
06,2021-05-24,12 day ahead inc case,2021-06-05,quantile,0.85,1549.3324129071373
06,2021-05-24,12 day ahead inc case,2021-06-05,quantile,0.9,1790.1776510579816
06,2021-05-24,12 day ahead inc case,2021-06-05,quantile,0.95,2155.2234756226753
06,2021-05-24,12 day ahead inc case,2021-06-05,quantile,0.975,2501.129084014122
06,2021-05-24,12 day ahead inc case,2021-06-05,quantile,0.99,2873.373330258817
06,2021-05-24,13 day ahead inc case,2021-06-06,quantile,0.01,165.34656846697206
06,2021-05-24,13 day ahead inc case,2021-06-06,quantile,0.025,218.12438073657503
06,2021-05-24,13 day ahead inc case,2021-06-06,quantile,0.05,286.0084975287506
06,2021-05-24,13 day ahead inc case,2021-06-06,quantile,0.1,377.5237891937584
06,2021-05-24,13 day ahead inc case,2021-06-06,quantile,0.15,455.68204433164135
06,2021-05-24,13 day ahead inc case,2021-06-06,quantile,0.2,514.0520257668672
06,2021-05-24,13 day ahead inc case,2021-06-06,quantile,0.25,576.4316254993884
06,2021-05-24,13 day ahead inc case,2021-06-06,quantile,0.3,643.3235905216601
06,2021-05-24,13 day ahead inc case,2021-06-06,quantile,0.35,709.0620815422981
06,2021-05-24,13 day ahead inc case,2021-06-06,quantile,0.4,776.8565662119297
06,2021-05-24,13 day ahead inc case,2021-06-06,quantile,0.45,833.6987567245245
06,2021-05-24,13 day ahead inc case,2021-06-06,quantile,0.5,909.9670761914749
06,2021-05-24,13 day ahead inc case,2021-06-06,quantile,0.55,1001.4170203374706
06,2021-05-24,13 day ahead inc case,2021-06-06,quantile,0.6,1087.4882929480498
06,2021-05-24,13 day ahead inc case,2021-06-06,quantile,0.65,1168.0381050198823
06,2021-05-24,13 day ahead inc case,2021-06-06,quantile,0.7,1248.6495120393513
06,2021-05-24,13 day ahead inc case,2021-06-06,quantile,0.75,1377.5000121314324
06,2021-05-24,13 day ahead inc case,2021-06-06,quantile,0.8,1499.9330693280772
06,2021-05-24,13 day ahead inc case,2021-06-06,quantile,0.85,1674.6013305033132
06,2021-05-24,13 day ahead inc case,2021-06-06,quantile,0.9,1958.7133760395432
06,2021-05-24,13 day ahead inc case,2021-06-06,quantile,0.95,2284.133011764497
06,2021-05-24,13 day ahead inc case,2021-06-06,quantile,0.975,2594.9268091483495
06,2021-05-24,13 day ahead inc case,2021-06-06,quantile,0.99,3075.3523122252486
06,2021-05-24,14 day ahead inc case,2021-06-07,quantile,0.01,148.63403166638918
06,2021-05-24,14 day ahead inc case,2021-06-07,quantile,0.025,191.5130394685887
06,2021-05-24,14 day ahead inc case,2021-06-07,quantile,0.05,254.57335704282704
06,2021-05-24,14 day ahead inc case,2021-06-07,quantile,0.1,368.5295570641022
06,2021-05-24,14 day ahead inc case,2021-06-07,quantile,0.15,436.93550578660916
06,2021-05-24,14 day ahead inc case,2021-06-07,quantile,0.2,501.2369030704424
06,2021-05-24,14 day ahead inc case,2021-06-07,quantile,0.25,558.6025128312552
06,2021-05-24,14 day ahead inc case,2021-06-07,quantile,0.3,627.6972285832129
06,2021-05-24,14 day ahead inc case,2021-06-07,quantile,0.35,700.6802612190437
06,2021-05-24,14 day ahead inc case,2021-06-07,quantile,0.4,770.5630248522791
06,2021-05-24,14 day ahead inc case,2021-06-07,quantile,0.45,817.4435684820046
06,2021-05-24,14 day ahead inc case,2021-06-07,quantile,0.5,884.3659124773869
06,2021-05-24,14 day ahead inc case,2021-06-07,quantile,0.55,971.048122009932
06,2021-05-24,14 day ahead inc case,2021-06-07,quantile,0.6,1080.4013012101432
06,2021-05-24,14 day ahead inc case,2021-06-07,quantile,0.65,1161.0451020044563
06,2021-05-24,14 day ahead inc case,2021-06-07,quantile,0.7,1249.5149469309765
06,2021-05-24,14 day ahead inc case,2021-06-07,quantile,0.75,1372.7361602413832
06,2021-05-24,14 day ahead inc case,2021-06-07,quantile,0.8,1550.7270982342852
06,2021-05-24,14 day ahead inc case,2021-06-07,quantile,0.85,1735.7074852748608
06,2021-05-24,14 day ahead inc case,2021-06-07,quantile,0.9,1959.4446419440228
06,2021-05-24,14 day ahead inc case,2021-06-07,quantile,0.95,2375.31811260938
06,2021-05-24,14 day ahead inc case,2021-06-07,quantile,0.975,2712.751984303709
06,2021-05-24,14 day ahead inc case,2021-06-07,quantile,0.99,3098.5815506619733
06,2021-05-24,15 day ahead inc case,2021-06-08,quantile,0.01,115.69292691320197
06,2021-05-24,15 day ahead inc case,2021-06-08,quantile,0.025,159.6254709644915
06,2021-05-24,15 day ahead inc case,2021-06-08,quantile,0.05,239.54658534893184
06,2021-05-24,15 day ahead inc case,2021-06-08,quantile,0.1,325.69452384028426
06,2021-05-24,15 day ahead inc case,2021-06-08,quantile,0.15,401.9109036000753
06,2021-05-24,15 day ahead inc case,2021-06-08,quantile,0.2,471.58347140694633
06,2021-05-24,15 day ahead inc case,2021-06-08,quantile,0.25,539.4275688915127
06,2021-05-24,15 day ahead inc case,2021-06-08,quantile,0.3,603.4973993196318
06,2021-05-24,15 day ahead inc case,2021-06-08,quantile,0.35,668.0122417298619
06,2021-05-24,15 day ahead inc case,2021-06-08,quantile,0.4,755.2984017704623
06,2021-05-24,15 day ahead inc case,2021-06-08,quantile,0.45,833.4699302067479
06,2021-05-24,15 day ahead inc case,2021-06-08,quantile,0.5,909.4679400544422
06,2021-05-24,15 day ahead inc case,2021-06-08,quantile,0.55,982.4211649632474
06,2021-05-24,15 day ahead inc case,2021-06-08,quantile,0.6,1061.7830550363833
06,2021-05-24,15 day ahead inc case,2021-06-08,quantile,0.65,1146.489199334318
06,2021-05-24,15 day ahead inc case,2021-06-08,quantile,0.7,1267.9896215158856
06,2021-05-24,15 day ahead inc case,2021-06-08,quantile,0.75,1422.5268364029127
06,2021-05-24,15 day ahead inc case,2021-06-08,quantile,0.8,1600.0240493819263
06,2021-05-24,15 day ahead inc case,2021-06-08,quantile,0.85,1771.733558938585
06,2021-05-24,15 day ahead inc case,2021-06-08,quantile,0.9,2073.799124251538
06,2021-05-24,15 day ahead inc case,2021-06-08,quantile,0.95,2555.2240885540214
06,2021-05-24,15 day ahead inc case,2021-06-08,quantile,0.975,3011.396701794197
06,2021-05-24,15 day ahead inc case,2021-06-08,quantile,0.99,3399.3302879870776
06,2021-05-24,16 day ahead inc case,2021-06-09,quantile,0.01,81.73735180434701
06,2021-05-24,16 day ahead inc case,2021-06-09,quantile,0.025,130.9712092156573
06,2021-05-24,16 day ahead inc case,2021-06-09,quantile,0.05,192.00450243164715
06,2021-05-24,16 day ahead inc case,2021-06-09,quantile,0.1,316.9969618704746
06,2021-05-24,16 day ahead inc case,2021-06-09,quantile,0.15,384.06457340239314
06,2021-05-24,16 day ahead inc case,2021-06-09,quantile,0.2,444.0179872254639
06,2021-05-24,16 day ahead inc case,2021-06-09,quantile,0.25,511.8693180979662
06,2021-05-24,16 day ahead inc case,2021-06-09,quantile,0.3,581.476225300033
06,2021-05-24,16 day ahead inc case,2021-06-09,quantile,0.35,657.0191971266697
06,2021-05-24,16 day ahead inc case,2021-06-09,quantile,0.4,728.2510846582096
06,2021-05-24,16 day ahead inc case,2021-06-09,quantile,0.45,818.1086250646343
06,2021-05-24,16 day ahead inc case,2021-06-09,quantile,0.5,888.7041845482362
06,2021-05-24,16 day ahead inc case,2021-06-09,quantile,0.55,978.0896068921857
06,2021-05-24,16 day ahead inc case,2021-06-09,quantile,0.6,1063.5644884199116
06,2021-05-24,16 day ahead inc case,2021-06-09,quantile,0.65,1179.1110348799982
06,2021-05-24,16 day ahead inc case,2021-06-09,quantile,0.7,1332.5857458978267
06,2021-05-24,16 day ahead inc case,2021-06-09,quantile,0.75,1466.6396418433746
06,2021-05-24,16 day ahead inc case,2021-06-09,quantile,0.8,1674.4909027818906
06,2021-05-24,16 day ahead inc case,2021-06-09,quantile,0.85,1917.740192988675
06,2021-05-24,16 day ahead inc case,2021-06-09,quantile,0.9,2197.03831131807
06,2021-05-24,16 day ahead inc case,2021-06-09,quantile,0.95,2663.9156677857854
06,2021-05-24,16 day ahead inc case,2021-06-09,quantile,0.975,3148.998349674489
06,2021-05-24,16 day ahead inc case,2021-06-09,quantile,0.99,3923.788560433543
06,2021-05-24,17 day ahead inc case,2021-06-10,quantile,0.01,58.70794430774847
06,2021-05-24,17 day ahead inc case,2021-06-10,quantile,0.025,97.35164181143769
06,2021-05-24,17 day ahead inc case,2021-06-10,quantile,0.05,162.93394707730207
06,2021-05-24,17 day ahead inc case,2021-06-10,quantile,0.1,255.41006782708732
06,2021-05-24,17 day ahead inc case,2021-06-10,quantile,0.15,349.01601596957653
06,2021-05-24,17 day ahead inc case,2021-06-10,quantile,0.2,421.8256871273144
06,2021-05-24,17 day ahead inc case,2021-06-10,quantile,0.25,473.0231030033174
06,2021-05-24,17 day ahead inc case,2021-06-10,quantile,0.3,535.5836961056714
06,2021-05-24,17 day ahead inc case,2021-06-10,quantile,0.35,612.1240591238562
06,2021-05-24,17 day ahead inc case,2021-06-10,quantile,0.4,697.6466587258979
06,2021-05-24,17 day ahead inc case,2021-06-10,quantile,0.45,782.994828092989
06,2021-05-24,17 day ahead inc case,2021-06-10,quantile,0.5,852.7074716701653
06,2021-05-24,17 day ahead inc case,2021-06-10,quantile,0.55,947.752287712975
06,2021-05-24,17 day ahead inc case,2021-06-10,quantile,0.6,1040.21270910179
06,2021-05-24,17 day ahead inc case,2021-06-10,quantile,0.65,1157.3263829171285
06,2021-05-24,17 day ahead inc case,2021-06-10,quantile,0.7,1295.0373000331413
06,2021-05-24,17 day ahead inc case,2021-06-10,quantile,0.75,1464.331239922463
06,2021-05-24,17 day ahead inc case,2021-06-10,quantile,0.8,1669.9834467035212
06,2021-05-24,17 day ahead inc case,2021-06-10,quantile,0.85,1919.0517965350264
06,2021-05-24,17 day ahead inc case,2021-06-10,quantile,0.9,2199.892759623111
06,2021-05-24,17 day ahead inc case,2021-06-10,quantile,0.95,2749.6827884567324
06,2021-05-24,17 day ahead inc case,2021-06-10,quantile,0.975,3186.9118058080767
06,2021-05-24,17 day ahead inc case,2021-06-10,quantile,0.99,4092.298670107216
06,2021-05-24,18 day ahead inc case,2021-06-11,quantile,0.01,46.91213315123927
06,2021-05-24,18 day ahead inc case,2021-06-11,quantile,0.025,76.98179495937522
06,2021-05-24,18 day ahead inc case,2021-06-11,quantile,0.05,120.93583382137601
06,2021-05-24,18 day ahead inc case,2021-06-11,quantile,0.1,218.84973860510436
06,2021-05-24,18 day ahead inc case,2021-06-11,quantile,0.15,314.67634613467715
06,2021-05-24,18 day ahead inc case,2021-06-11,quantile,0.2,376.70250503519185
06,2021-05-24,18 day ahead inc case,2021-06-11,quantile,0.25,438.5623338497044
06,2021-05-24,18 day ahead inc case,2021-06-11,quantile,0.3,510.38523370860884
06,2021-05-24,18 day ahead inc case,2021-06-11,quantile,0.35,571.7165492417074
06,2021-05-24,18 day ahead inc case,2021-06-11,quantile,0.4,657.9912510247171
06,2021-05-24,18 day ahead inc case,2021-06-11,quantile,0.45,750.6444027760554
06,2021-05-24,18 day ahead inc case,2021-06-11,quantile,0.5,823.8282842037769
06,2021-05-24,18 day ahead inc case,2021-06-11,quantile,0.55,916.5713348242464
06,2021-05-24,18 day ahead inc case,2021-06-11,quantile,0.6,1008.7204039117581
06,2021-05-24,18 day ahead inc case,2021-06-11,quantile,0.65,1119.7104062735173
06,2021-05-24,18 day ahead inc case,2021-06-11,quantile,0.7,1277.4922487914064
06,2021-05-24,18 day ahead inc case,2021-06-11,quantile,0.75,1462.2887016500788
06,2021-05-24,18 day ahead inc case,2021-06-11,quantile,0.8,1649.8622487943867
06,2021-05-24,18 day ahead inc case,2021-06-11,quantile,0.85,1926.5053299859983
06,2021-05-24,18 day ahead inc case,2021-06-11,quantile,0.9,2277.1191712571786
06,2021-05-24,18 day ahead inc case,2021-06-11,quantile,0.95,2794.712282381959
06,2021-05-24,18 day ahead inc case,2021-06-11,quantile,0.975,3401.6328704828197
06,2021-05-24,18 day ahead inc case,2021-06-11,quantile,0.99,4102.99873508618
06,2021-05-24,19 day ahead inc case,2021-06-12,quantile,0.01,31.912165552674015
06,2021-05-24,19 day ahead inc case,2021-06-12,quantile,0.025,62.903542376703946
06,2021-05-24,19 day ahead inc case,2021-06-12,quantile,0.05,107.69376338057401
06,2021-05-24,19 day ahead inc case,2021-06-12,quantile,0.1,202.44166743367674
06,2021-05-24,19 day ahead inc case,2021-06-12,quantile,0.15,284.25842456718647
06,2021-05-24,19 day ahead inc case,2021-06-12,quantile,0.2,348.00683859671716
06,2021-05-24,19 day ahead inc case,2021-06-12,quantile,0.25,419.90182240095817
06,2021-05-24,19 day ahead inc case,2021-06-12,quantile,0.3,498.7213881980403
06,2021-05-24,19 day ahead inc case,2021-06-12,quantile,0.35,559.1227727042572
06,2021-05-24,19 day ahead inc case,2021-06-12,quantile,0.4,617.5889426113955
06,2021-05-24,19 day ahead inc case,2021-06-12,quantile,0.45,718.0892192943893
06,2021-05-24,19 day ahead inc case,2021-06-12,quantile,0.5,808.0861788614342
06,2021-05-24,19 day ahead inc case,2021-06-12,quantile,0.55,897.4757281358387
06,2021-05-24,19 day ahead inc case,2021-06-12,quantile,0.6,995.6088356243001
06,2021-05-24,19 day ahead inc case,2021-06-12,quantile,0.65,1133.079530796505
06,2021-05-24,19 day ahead inc case,2021-06-12,quantile,0.7,1311.5173519543548
06,2021-05-24,19 day ahead inc case,2021-06-12,quantile,0.75,1480.345518428138
06,2021-05-24,19 day ahead inc case,2021-06-12,quantile,0.8,1724.0850785784214
06,2021-05-24,19 day ahead inc case,2021-06-12,quantile,0.85,1985.9741126308802
06,2021-05-24,19 day ahead inc case,2021-06-12,quantile,0.9,2413.0334590273023
06,2021-05-24,19 day ahead inc case,2021-06-12,quantile,0.95,2899.0553764163496
06,2021-05-24,19 day ahead inc case,2021-06-12,quantile,0.975,3580.3974499480273
06,2021-05-24,19 day ahead inc case,2021-06-12,quantile,0.99,4450.742991915102
06,2021-05-24,20 day ahead inc case,2021-06-13,quantile,0.01,26.324298066871705
06,2021-05-24,20 day ahead inc case,2021-06-13,quantile,0.025,60.84259284249749
06,2021-05-24,20 day ahead inc case,2021-06-13,quantile,0.05,101.4146763795385
06,2021-05-24,20 day ahead inc case,2021-06-13,quantile,0.1,202.03953758661567
06,2021-05-24,20 day ahead inc case,2021-06-13,quantile,0.15,274.38012919318646
06,2021-05-24,20 day ahead inc case,2021-06-13,quantile,0.2,336.6539979682133
06,2021-05-24,20 day ahead inc case,2021-06-13,quantile,0.25,407.6774673814102
06,2021-05-24,20 day ahead inc case,2021-06-13,quantile,0.3,475.634710659074
06,2021-05-24,20 day ahead inc case,2021-06-13,quantile,0.35,549.3733696534606
06,2021-05-24,20 day ahead inc case,2021-06-13,quantile,0.4,631.3899979655114
06,2021-05-24,20 day ahead inc case,2021-06-13,quantile,0.45,710.2587385297802
06,2021-05-24,20 day ahead inc case,2021-06-13,quantile,0.5,799.751905906734
06,2021-05-24,20 day ahead inc case,2021-06-13,quantile,0.55,889.7692739165038
06,2021-05-24,20 day ahead inc case,2021-06-13,quantile,0.6,1010.8574721930488
06,2021-05-24,20 day ahead inc case,2021-06-13,quantile,0.65,1175.3161793572197
06,2021-05-24,20 day ahead inc case,2021-06-13,quantile,0.7,1379.3346023948493
06,2021-05-24,20 day ahead inc case,2021-06-13,quantile,0.75,1529.8207781579106
06,2021-05-24,20 day ahead inc case,2021-06-13,quantile,0.8,1824.8045883251843
06,2021-05-24,20 day ahead inc case,2021-06-13,quantile,0.85,2114.107132737274
06,2021-05-24,20 day ahead inc case,2021-06-13,quantile,0.9,2553.7041520587045
06,2021-05-24,20 day ahead inc case,2021-06-13,quantile,0.95,3093.8929762850225
06,2021-05-24,20 day ahead inc case,2021-06-13,quantile,0.975,3757.535826629444
06,2021-05-24,20 day ahead inc case,2021-06-13,quantile,0.99,4724.762641315177
06,2021-05-24,21 day ahead inc case,2021-06-14,quantile,0.01,20.766547633360226
06,2021-05-24,21 day ahead inc case,2021-06-14,quantile,0.025,43.69498537278873
06,2021-05-24,21 day ahead inc case,2021-06-14,quantile,0.05,88.67643913918828
06,2021-05-24,21 day ahead inc case,2021-06-14,quantile,0.1,176.1538138564214
06,2021-05-24,21 day ahead inc case,2021-06-14,quantile,0.15,244.50790351869387
06,2021-05-24,21 day ahead inc case,2021-06-14,quantile,0.2,314.80190029614283
06,2021-05-24,21 day ahead inc case,2021-06-14,quantile,0.25,394.24407093816654
06,2021-05-24,21 day ahead inc case,2021-06-14,quantile,0.3,470.682456959596
06,2021-05-24,21 day ahead inc case,2021-06-14,quantile,0.35,550.240049538607
06,2021-05-24,21 day ahead inc case,2021-06-14,quantile,0.4,626.0921176661639
06,2021-05-24,21 day ahead inc case,2021-06-14,quantile,0.45,702.7728615441273
06,2021-05-24,21 day ahead inc case,2021-06-14,quantile,0.5,779.0746232181358
06,2021-05-24,21 day ahead inc case,2021-06-14,quantile,0.55,875.5416489649207
06,2021-05-24,21 day ahead inc case,2021-06-14,quantile,0.6,1033.1590308881646
06,2021-05-24,21 day ahead inc case,2021-06-14,quantile,0.65,1208.761895780004
06,2021-05-24,21 day ahead inc case,2021-06-14,quantile,0.7,1347.5269369729692
06,2021-05-24,21 day ahead inc case,2021-06-14,quantile,0.75,1594.2388983673666
06,2021-05-24,21 day ahead inc case,2021-06-14,quantile,0.8,1874.4492410176233
06,2021-05-24,21 day ahead inc case,2021-06-14,quantile,0.85,2179.3158905436358
06,2021-05-24,21 day ahead inc case,2021-06-14,quantile,0.9,2677.487514592631
06,2021-05-24,21 day ahead inc case,2021-06-14,quantile,0.95,3376.0072724825
06,2021-05-24,21 day ahead inc case,2021-06-14,quantile,0.975,3882.827677734972
06,2021-05-24,21 day ahead inc case,2021-06-14,quantile,0.99,4922.0838184147115
06,2021-05-24,22 day ahead inc case,2021-06-15,quantile,0.01,16.445731146399396
06,2021-05-24,22 day ahead inc case,2021-06-15,quantile,0.025,31.862356635698344
06,2021-05-24,22 day ahead inc case,2021-06-15,quantile,0.05,76.44347456157092
06,2021-05-24,22 day ahead inc case,2021-06-15,quantile,0.1,152.57241598713563
06,2021-05-24,22 day ahead inc case,2021-06-15,quantile,0.15,219.8524592477527
06,2021-05-24,22 day ahead inc case,2021-06-15,quantile,0.2,293.47518387017357
06,2021-05-24,22 day ahead inc case,2021-06-15,quantile,0.25,370.35323117703206
06,2021-05-24,22 day ahead inc case,2021-06-15,quantile,0.3,446.20610037878134
06,2021-05-24,22 day ahead inc case,2021-06-15,quantile,0.35,524.2646168309477
06,2021-05-24,22 day ahead inc case,2021-06-15,quantile,0.4,613.4201368408308
06,2021-05-24,22 day ahead inc case,2021-06-15,quantile,0.45,696.2028931956567
06,2021-05-24,22 day ahead inc case,2021-06-15,quantile,0.5,796.1792899621889
06,2021-05-24,22 day ahead inc case,2021-06-15,quantile,0.55,921.058647714262
06,2021-05-24,22 day ahead inc case,2021-06-15,quantile,0.6,1023.6391093600732
06,2021-05-24,22 day ahead inc case,2021-06-15,quantile,0.65,1195.7537411742178
06,2021-05-24,22 day ahead inc case,2021-06-15,quantile,0.7,1392.863358464947
06,2021-05-24,22 day ahead inc case,2021-06-15,quantile,0.75,1655.751663822227
06,2021-05-24,22 day ahead inc case,2021-06-15,quantile,0.8,1939.5689793694125
06,2021-05-24,22 day ahead inc case,2021-06-15,quantile,0.85,2355.3606718962988
06,2021-05-24,22 day ahead inc case,2021-06-15,quantile,0.9,2770.3422868824423
06,2021-05-24,22 day ahead inc case,2021-06-15,quantile,0.95,3526.675076538782
06,2021-05-24,22 day ahead inc case,2021-06-15,quantile,0.975,4231.848891472793
06,2021-05-24,22 day ahead inc case,2021-06-15,quantile,0.99,5739.43430370924
06,2021-05-24,23 day ahead inc case,2021-06-16,quantile,0.01,6.8685117144186005
06,2021-05-24,23 day ahead inc case,2021-06-16,quantile,0.025,26.947261809347136
06,2021-05-24,23 day ahead inc case,2021-06-16,quantile,0.05,61.570525840263436
06,2021-05-24,23 day ahead inc case,2021-06-16,quantile,0.1,135.99665601189577
06,2021-05-24,23 day ahead inc case,2021-06-16,quantile,0.15,211.90265762061645
06,2021-05-24,23 day ahead inc case,2021-06-16,quantile,0.2,285.5266732278614
06,2021-05-24,23 day ahead inc case,2021-06-16,quantile,0.25,358.2095610537344
06,2021-05-24,23 day ahead inc case,2021-06-16,quantile,0.3,432.34308658457746
06,2021-05-24,23 day ahead inc case,2021-06-16,quantile,0.35,510.8531860720661
06,2021-05-24,23 day ahead inc case,2021-06-16,quantile,0.4,606.5956932999454
06,2021-05-24,23 day ahead inc case,2021-06-16,quantile,0.45,704.9568242567948
06,2021-05-24,23 day ahead inc case,2021-06-16,quantile,0.5,828.0018795318946
06,2021-05-24,23 day ahead inc case,2021-06-16,quantile,0.55,925.0779561465295
06,2021-05-24,23 day ahead inc case,2021-06-16,quantile,0.6,1057.4567739658057
06,2021-05-24,23 day ahead inc case,2021-06-16,quantile,0.65,1215.67493742522
06,2021-05-24,23 day ahead inc case,2021-06-16,quantile,0.7,1448.5698362692272
06,2021-05-24,23 day ahead inc case,2021-06-16,quantile,0.75,1715.019894044946
06,2021-05-24,23 day ahead inc case,2021-06-16,quantile,0.8,2055.095133094909
06,2021-05-24,23 day ahead inc case,2021-06-16,quantile,0.85,2432.9132399106356
06,2021-05-24,23 day ahead inc case,2021-06-16,quantile,0.9,2936.687082710499
06,2021-05-24,23 day ahead inc case,2021-06-16,quantile,0.95,3791.28111713573
06,2021-05-24,23 day ahead inc case,2021-06-16,quantile,0.975,4617.261497310883
06,2021-05-24,23 day ahead inc case,2021-06-16,quantile,0.99,6471.510637549165
06,2021-05-24,24 day ahead inc case,2021-06-17,quantile,0.01,4.32869702864746
06,2021-05-24,24 day ahead inc case,2021-06-17,quantile,0.025,19.537790016202656
06,2021-05-24,24 day ahead inc case,2021-06-17,quantile,0.05,46.2833384689458
06,2021-05-24,24 day ahead inc case,2021-06-17,quantile,0.1,120.77682578118386
06,2021-05-24,24 day ahead inc case,2021-06-17,quantile,0.15,174.89772486507704
06,2021-05-24,24 day ahead inc case,2021-06-17,quantile,0.2,268.61550433893
06,2021-05-24,24 day ahead inc case,2021-06-17,quantile,0.25,330.12430588612034
06,2021-05-24,24 day ahead inc case,2021-06-17,quantile,0.3,403.09067829794867
06,2021-05-24,24 day ahead inc case,2021-06-17,quantile,0.35,484.96816791803803
06,2021-05-24,24 day ahead inc case,2021-06-17,quantile,0.4,579.6192875547555
06,2021-05-24,24 day ahead inc case,2021-06-17,quantile,0.45,671.4906568808392
06,2021-05-24,24 day ahead inc case,2021-06-17,quantile,0.5,791.4108334231106
06,2021-05-24,24 day ahead inc case,2021-06-17,quantile,0.55,914.6498380425143
06,2021-05-24,24 day ahead inc case,2021-06-17,quantile,0.6,1058.392812651701
06,2021-05-24,24 day ahead inc case,2021-06-17,quantile,0.65,1203.8287125551526
06,2021-05-24,24 day ahead inc case,2021-06-17,quantile,0.7,1420.1856804749227
06,2021-05-24,24 day ahead inc case,2021-06-17,quantile,0.75,1698.0879275173127
06,2021-05-24,24 day ahead inc case,2021-06-17,quantile,0.8,2096.467218802166
06,2021-05-24,24 day ahead inc case,2021-06-17,quantile,0.85,2450.8605154381644
06,2021-05-24,24 day ahead inc case,2021-06-17,quantile,0.9,3082.681273405549
06,2021-05-24,24 day ahead inc case,2021-06-17,quantile,0.95,3955.798613905693
06,2021-05-24,24 day ahead inc case,2021-06-17,quantile,0.975,4939.449781788921
06,2021-05-24,24 day ahead inc case,2021-06-17,quantile,0.99,6463.497244709873
06,2021-05-24,25 day ahead inc case,2021-06-18,quantile,0.01,2.0553118837311586
06,2021-05-24,25 day ahead inc case,2021-06-18,quantile,0.025,11.27697397889401
06,2021-05-24,25 day ahead inc case,2021-06-18,quantile,0.05,38.405038441801636
06,2021-05-24,25 day ahead inc case,2021-06-18,quantile,0.1,99.19106590182245
06,2021-05-24,25 day ahead inc case,2021-06-18,quantile,0.15,157.3744594555572
06,2021-05-24,25 day ahead inc case,2021-06-18,quantile,0.2,243.56199158675852
06,2021-05-24,25 day ahead inc case,2021-06-18,quantile,0.25,313.848794346349
06,2021-05-24,25 day ahead inc case,2021-06-18,quantile,0.3,373.09954503208303
06,2021-05-24,25 day ahead inc case,2021-06-18,quantile,0.35,446.58822534615325
06,2021-05-24,25 day ahead inc case,2021-06-18,quantile,0.4,524.9263500782582
06,2021-05-24,25 day ahead inc case,2021-06-18,quantile,0.45,631.0503299752168
06,2021-05-24,25 day ahead inc case,2021-06-18,quantile,0.5,747.3440817103336
06,2021-05-24,25 day ahead inc case,2021-06-18,quantile,0.55,882.0436101972114
06,2021-05-24,25 day ahead inc case,2021-06-18,quantile,0.6,1010.4028199215701
06,2021-05-24,25 day ahead inc case,2021-06-18,quantile,0.65,1210.170982510271
06,2021-05-24,25 day ahead inc case,2021-06-18,quantile,0.7,1407.091571199784
06,2021-05-24,25 day ahead inc case,2021-06-18,quantile,0.75,1650.7346513534594
06,2021-05-24,25 day ahead inc case,2021-06-18,quantile,0.8,2053.240776619285
06,2021-05-24,25 day ahead inc case,2021-06-18,quantile,0.85,2491.2195677737136
06,2021-05-24,25 day ahead inc case,2021-06-18,quantile,0.9,3145.3894652180848
06,2021-05-24,25 day ahead inc case,2021-06-18,quantile,0.95,4067.3620905586326
06,2021-05-24,25 day ahead inc case,2021-06-18,quantile,0.975,4897.934978241721
06,2021-05-24,25 day ahead inc case,2021-06-18,quantile,0.99,7092.224647615702
06,2021-05-24,26 day ahead inc case,2021-06-19,quantile,0.01,0.79739409693508
06,2021-05-24,26 day ahead inc case,2021-06-19,quantile,0.025,8.424154268408087
06,2021-05-24,26 day ahead inc case,2021-06-19,quantile,0.05,30.445301472460077
06,2021-05-24,26 day ahead inc case,2021-06-19,quantile,0.1,86.31344200480763
06,2021-05-24,26 day ahead inc case,2021-06-19,quantile,0.15,156.61252227066308
06,2021-05-24,26 day ahead inc case,2021-06-19,quantile,0.2,225.74722450285716
06,2021-05-24,26 day ahead inc case,2021-06-19,quantile,0.25,297.25723098444723
06,2021-05-24,26 day ahead inc case,2021-06-19,quantile,0.3,361.5520766261711
06,2021-05-24,26 day ahead inc case,2021-06-19,quantile,0.35,430.63290058497716
06,2021-05-24,26 day ahead inc case,2021-06-19,quantile,0.4,532.4030286289365
06,2021-05-24,26 day ahead inc case,2021-06-19,quantile,0.45,620.4491499901102
06,2021-05-24,26 day ahead inc case,2021-06-19,quantile,0.5,753.162093412172
06,2021-05-24,26 day ahead inc case,2021-06-19,quantile,0.55,885.3871308911367
06,2021-05-24,26 day ahead inc case,2021-06-19,quantile,0.6,1032.2830831169338
06,2021-05-24,26 day ahead inc case,2021-06-19,quantile,0.65,1204.5704050804745
06,2021-05-24,26 day ahead inc case,2021-06-19,quantile,0.7,1428.5586219552547
06,2021-05-24,26 day ahead inc case,2021-06-19,quantile,0.75,1729.742517045208
06,2021-05-24,26 day ahead inc case,2021-06-19,quantile,0.8,2103.3761430766995
06,2021-05-24,26 day ahead inc case,2021-06-19,quantile,0.85,2505.1355486297357
06,2021-05-24,26 day ahead inc case,2021-06-19,quantile,0.9,3203.443633539873
06,2021-05-24,26 day ahead inc case,2021-06-19,quantile,0.95,4213.079241555628
06,2021-05-24,26 day ahead inc case,2021-06-19,quantile,0.975,5256.911111706561
06,2021-05-24,26 day ahead inc case,2021-06-19,quantile,0.99,6992.825561198747
06,2021-05-24,27 day ahead inc case,2021-06-20,quantile,0.01,0.47793389394955077
06,2021-05-24,27 day ahead inc case,2021-06-20,quantile,0.025,5.866854820404143
06,2021-05-24,27 day ahead inc case,2021-06-20,quantile,0.05,27.417131464272675
06,2021-05-24,27 day ahead inc case,2021-06-20,quantile,0.1,84.11357641659565
06,2021-05-24,27 day ahead inc case,2021-06-20,quantile,0.15,151.69644754129095
06,2021-05-24,27 day ahead inc case,2021-06-20,quantile,0.2,213.690475271828
06,2021-05-24,27 day ahead inc case,2021-06-20,quantile,0.25,284.19699762111645
06,2021-05-24,27 day ahead inc case,2021-06-20,quantile,0.3,351.5160957516462
06,2021-05-24,27 day ahead inc case,2021-06-20,quantile,0.35,425.53482883361505
06,2021-05-24,27 day ahead inc case,2021-06-20,quantile,0.4,536.4792528368328
06,2021-05-24,27 day ahead inc case,2021-06-20,quantile,0.45,625.9474051647949
06,2021-05-24,27 day ahead inc case,2021-06-20,quantile,0.5,772.2281787448363
06,2021-05-24,27 day ahead inc case,2021-06-20,quantile,0.55,905.9550772969363
06,2021-05-24,27 day ahead inc case,2021-06-20,quantile,0.6,1055.9609693681762
06,2021-05-24,27 day ahead inc case,2021-06-20,quantile,0.65,1266.5568301190372
06,2021-05-24,27 day ahead inc case,2021-06-20,quantile,0.7,1479.812838668828
06,2021-05-24,27 day ahead inc case,2021-06-20,quantile,0.75,1779.7805202703048
06,2021-05-24,27 day ahead inc case,2021-06-20,quantile,0.8,2239.891734804542
06,2021-05-24,27 day ahead inc case,2021-06-20,quantile,0.85,2607.937426505921
06,2021-05-24,27 day ahead inc case,2021-06-20,quantile,0.9,3343.5103224986856
06,2021-05-24,27 day ahead inc case,2021-06-20,quantile,0.95,4393.2601594182925
06,2021-05-24,27 day ahead inc case,2021-06-20,quantile,0.975,5793.606142776886
06,2021-05-24,27 day ahead inc case,2021-06-20,quantile,0.99,7161.19981670652
06,2021-05-24,28 day ahead inc case,2021-06-21,quantile,0.01,0.06404651948469295
06,2021-05-24,28 day ahead inc case,2021-06-21,quantile,0.025,3.993954307375337
06,2021-05-24,28 day ahead inc case,2021-06-21,quantile,0.05,19.808214134447535
06,2021-05-24,28 day ahead inc case,2021-06-21,quantile,0.1,79.97872900902374
06,2021-05-24,28 day ahead inc case,2021-06-21,quantile,0.15,135.36548859187164
06,2021-05-24,28 day ahead inc case,2021-06-21,quantile,0.2,212.43597884431318
06,2021-05-24,28 day ahead inc case,2021-06-21,quantile,0.25,268.67289813939266
06,2021-05-24,28 day ahead inc case,2021-06-21,quantile,0.3,334.3987707167571
06,2021-05-24,28 day ahead inc case,2021-06-21,quantile,0.35,427.87980401488903
06,2021-05-24,28 day ahead inc case,2021-06-21,quantile,0.4,534.4377287551753
06,2021-05-24,28 day ahead inc case,2021-06-21,quantile,0.45,629.7937554415416
06,2021-05-24,28 day ahead inc case,2021-06-21,quantile,0.5,733.2084418451058
06,2021-05-24,28 day ahead inc case,2021-06-21,quantile,0.55,875.3260978255536
06,2021-05-24,28 day ahead inc case,2021-06-21,quantile,0.6,1021.7358243709585
06,2021-05-24,28 day ahead inc case,2021-06-21,quantile,0.65,1263.7214621482176
06,2021-05-24,28 day ahead inc case,2021-06-21,quantile,0.7,1494.470260198567
06,2021-05-24,28 day ahead inc case,2021-06-21,quantile,0.75,1852.9776434416717
06,2021-05-24,28 day ahead inc case,2021-06-21,quantile,0.8,2236.644929386024
06,2021-05-24,28 day ahead inc case,2021-06-21,quantile,0.85,2752.30605804268
06,2021-05-24,28 day ahead inc case,2021-06-21,quantile,0.9,3474.2384745408535
06,2021-05-24,28 day ahead inc case,2021-06-21,quantile,0.95,4534.171068546719
06,2021-05-24,28 day ahead inc case,2021-06-21,quantile,0.975,6275.275742655236
06,2021-05-24,28 day ahead inc case,2021-06-21,quantile,0.99,8009.215781745084
