location,forecast_date,target,target_end_date,type,quantile,value
06,2021-05-10,1 day ahead inc hosp,2021-05-11,quantile,0.01,135.4373544731556
06,2021-05-10,1 day ahead inc hosp,2021-05-11,quantile,0.025,142.28410832880922
06,2021-05-10,1 day ahead inc hosp,2021-05-11,quantile,0.05,148.25343796107316
06,2021-05-10,1 day ahead inc hosp,2021-05-11,quantile,0.1,156.20858784331088
06,2021-05-10,1 day ahead inc hosp,2021-05-11,quantile,0.15,162.43085378474083
06,2021-05-10,1 day ahead inc hosp,2021-05-11,quantile,0.2,167.57952673756037
06,2021-05-10,1 day ahead inc hosp,2021-05-11,quantile,0.25,171.86651768265605
06,2021-05-10,1 day ahead inc hosp,2021-05-11,quantile,0.3,176.13147110184386
06,2021-05-10,1 day ahead inc hosp,2021-05-11,quantile,0.35,179.84039632968867
06,2021-05-10,1 day ahead inc hosp,2021-05-11,quantile,0.4,182.43886953439235
06,2021-05-10,1 day ahead inc hosp,2021-05-11,quantile,0.45,186.1768685842763
06,2021-05-10,1 day ahead inc hosp,2021-05-11,quantile,0.5,188.86811320229887
06,2021-05-10,1 day ahead inc hosp,2021-05-11,quantile,0.55,192.17215433717553
06,2021-05-10,1 day ahead inc hosp,2021-05-11,quantile,0.6,195.65643407494295
06,2021-05-10,1 day ahead inc hosp,2021-05-11,quantile,0.65,198.87489632067735
06,2021-05-10,1 day ahead inc hosp,2021-05-11,quantile,0.7,202.73879780867586
06,2021-05-10,1 day ahead inc hosp,2021-05-11,quantile,0.75,206.29099641399682
06,2021-05-10,1 day ahead inc hosp,2021-05-11,quantile,0.8,210.92261759847062
06,2021-05-10,1 day ahead inc hosp,2021-05-11,quantile,0.85,215.99441178306571
06,2021-05-10,1 day ahead inc hosp,2021-05-11,quantile,0.9,223.5289085608384
06,2021-05-10,1 day ahead inc hosp,2021-05-11,quantile,0.95,233.53803997617246
06,2021-05-10,1 day ahead inc hosp,2021-05-11,quantile,0.975,243.7403573319279
06,2021-05-10,1 day ahead inc hosp,2021-05-11,quantile,0.99,257.632537626523
06,2021-05-10,2 day ahead inc hosp,2021-05-12,quantile,0.01,118.9762805632988
06,2021-05-10,2 day ahead inc hosp,2021-05-12,quantile,0.025,129.81863451768453
06,2021-05-10,2 day ahead inc hosp,2021-05-12,quantile,0.05,138.9602980996573
06,2021-05-10,2 day ahead inc hosp,2021-05-12,quantile,0.1,148.76506855079094
06,2021-05-10,2 day ahead inc hosp,2021-05-12,quantile,0.15,154.9593247780892
06,2021-05-10,2 day ahead inc hosp,2021-05-12,quantile,0.2,160.87783750806338
06,2021-05-10,2 day ahead inc hosp,2021-05-12,quantile,0.25,166.01506996052302
06,2021-05-10,2 day ahead inc hosp,2021-05-12,quantile,0.3,170.99131110810973
06,2021-05-10,2 day ahead inc hosp,2021-05-12,quantile,0.35,176.76435355176633
06,2021-05-10,2 day ahead inc hosp,2021-05-12,quantile,0.4,181.09620627315945
06,2021-05-10,2 day ahead inc hosp,2021-05-12,quantile,0.45,185.27985677239164
06,2021-05-10,2 day ahead inc hosp,2021-05-12,quantile,0.5,190.3280148479052
06,2021-05-10,2 day ahead inc hosp,2021-05-12,quantile,0.55,194.76634046914887
06,2021-05-10,2 day ahead inc hosp,2021-05-12,quantile,0.6,199.60369546519195
06,2021-05-10,2 day ahead inc hosp,2021-05-12,quantile,0.65,203.63519637576064
06,2021-05-10,2 day ahead inc hosp,2021-05-12,quantile,0.7,209.58770446631675
06,2021-05-10,2 day ahead inc hosp,2021-05-12,quantile,0.75,215.53681298666737
06,2021-05-10,2 day ahead inc hosp,2021-05-12,quantile,0.8,221.05730134611488
06,2021-05-10,2 day ahead inc hosp,2021-05-12,quantile,0.85,227.94747079366812
06,2021-05-10,2 day ahead inc hosp,2021-05-12,quantile,0.9,237.92115357395093
06,2021-05-10,2 day ahead inc hosp,2021-05-12,quantile,0.95,254.89073784649256
06,2021-05-10,2 day ahead inc hosp,2021-05-12,quantile,0.975,267.69155955217104
06,2021-05-10,2 day ahead inc hosp,2021-05-12,quantile,0.99,282.94643917754576
06,2021-05-10,3 day ahead inc hosp,2021-05-13,quantile,0.01,104.82015420083444
06,2021-05-10,3 day ahead inc hosp,2021-05-13,quantile,0.025,121.031306530184
06,2021-05-10,3 day ahead inc hosp,2021-05-13,quantile,0.05,130.81835847148076
06,2021-05-10,3 day ahead inc hosp,2021-05-13,quantile,0.1,142.23965235583395
06,2021-05-10,3 day ahead inc hosp,2021-05-13,quantile,0.15,150.44491383088035
06,2021-05-10,3 day ahead inc hosp,2021-05-13,quantile,0.2,155.88882463913288
06,2021-05-10,3 day ahead inc hosp,2021-05-13,quantile,0.25,161.64924435068048
06,2021-05-10,3 day ahead inc hosp,2021-05-13,quantile,0.3,168.75687969592207
06,2021-05-10,3 day ahead inc hosp,2021-05-13,quantile,0.35,175.37114746329115
06,2021-05-10,3 day ahead inc hosp,2021-05-13,quantile,0.4,180.2156180681339
06,2021-05-10,3 day ahead inc hosp,2021-05-13,quantile,0.45,184.6201697178274
06,2021-05-10,3 day ahead inc hosp,2021-05-13,quantile,0.5,189.1458276176045
06,2021-05-10,3 day ahead inc hosp,2021-05-13,quantile,0.55,193.67551126103524
06,2021-05-10,3 day ahead inc hosp,2021-05-13,quantile,0.6,199.061811031582
06,2021-05-10,3 day ahead inc hosp,2021-05-13,quantile,0.65,205.9136353797047
06,2021-05-10,3 day ahead inc hosp,2021-05-13,quantile,0.7,212.58174507707093
06,2021-05-10,3 day ahead inc hosp,2021-05-13,quantile,0.75,219.1547145398504
06,2021-05-10,3 day ahead inc hosp,2021-05-13,quantile,0.8,226.765584053105
06,2021-05-10,3 day ahead inc hosp,2021-05-13,quantile,0.85,238.4075320553551
06,2021-05-10,3 day ahead inc hosp,2021-05-13,quantile,0.9,250.23076710077947
06,2021-05-10,3 day ahead inc hosp,2021-05-13,quantile,0.95,265.13360552781904
06,2021-05-10,3 day ahead inc hosp,2021-05-13,quantile,0.975,284.9744718471295
06,2021-05-10,3 day ahead inc hosp,2021-05-13,quantile,0.99,303.5120174592516
06,2021-05-10,4 day ahead inc hosp,2021-05-14,quantile,0.01,106.60446893366006
06,2021-05-10,4 day ahead inc hosp,2021-05-14,quantile,0.025,115.27371898927346
06,2021-05-10,4 day ahead inc hosp,2021-05-14,quantile,0.05,123.0973956878689
06,2021-05-10,4 day ahead inc hosp,2021-05-14,quantile,0.1,135.53869952274385
06,2021-05-10,4 day ahead inc hosp,2021-05-14,quantile,0.15,145.8998779311716
06,2021-05-10,4 day ahead inc hosp,2021-05-14,quantile,0.2,154.1291522697472
06,2021-05-10,4 day ahead inc hosp,2021-05-14,quantile,0.25,160.43932536065014
06,2021-05-10,4 day ahead inc hosp,2021-05-14,quantile,0.3,166.37948865864135
06,2021-05-10,4 day ahead inc hosp,2021-05-14,quantile,0.35,173.42481207189752
06,2021-05-10,4 day ahead inc hosp,2021-05-14,quantile,0.4,178.38679464042093
06,2021-05-10,4 day ahead inc hosp,2021-05-14,quantile,0.45,183.7455639411443
06,2021-05-10,4 day ahead inc hosp,2021-05-14,quantile,0.5,188.97775277816461
06,2021-05-10,4 day ahead inc hosp,2021-05-14,quantile,0.55,194.57353141225238
06,2021-05-10,4 day ahead inc hosp,2021-05-14,quantile,0.6,201.64138577545148
06,2021-05-10,4 day ahead inc hosp,2021-05-14,quantile,0.65,207.63259312559353
06,2021-05-10,4 day ahead inc hosp,2021-05-14,quantile,0.7,215.6483158394071
06,2021-05-10,4 day ahead inc hosp,2021-05-14,quantile,0.75,225.4197143535718
06,2021-05-10,4 day ahead inc hosp,2021-05-14,quantile,0.8,234.8441764605138
06,2021-05-10,4 day ahead inc hosp,2021-05-14,quantile,0.85,244.24120234041703
06,2021-05-10,4 day ahead inc hosp,2021-05-14,quantile,0.9,257.95051329057105
06,2021-05-10,4 day ahead inc hosp,2021-05-14,quantile,0.95,278.56295101546146
06,2021-05-10,4 day ahead inc hosp,2021-05-14,quantile,0.975,299.8121678690656
06,2021-05-10,4 day ahead inc hosp,2021-05-14,quantile,0.99,318.53757273922366
06,2021-05-10,5 day ahead inc hosp,2021-05-15,quantile,0.01,92.87798664751654
06,2021-05-10,5 day ahead inc hosp,2021-05-15,quantile,0.025,103.8150550307358
06,2021-05-10,5 day ahead inc hosp,2021-05-15,quantile,0.05,117.13236587404349
06,2021-05-10,5 day ahead inc hosp,2021-05-15,quantile,0.1,129.88525306622012
06,2021-05-10,5 day ahead inc hosp,2021-05-15,quantile,0.15,138.7812350554256
06,2021-05-10,5 day ahead inc hosp,2021-05-15,quantile,0.2,148.07652073162618
06,2021-05-10,5 day ahead inc hosp,2021-05-15,quantile,0.25,157.27685344649225
06,2021-05-10,5 day ahead inc hosp,2021-05-15,quantile,0.3,165.18002278152292
06,2021-05-10,5 day ahead inc hosp,2021-05-15,quantile,0.35,170.73512826982451
06,2021-05-10,5 day ahead inc hosp,2021-05-15,quantile,0.4,176.93233677066323
06,2021-05-10,5 day ahead inc hosp,2021-05-15,quantile,0.45,184.30254021636787
06,2021-05-10,5 day ahead inc hosp,2021-05-15,quantile,0.5,192.28035211102417
06,2021-05-10,5 day ahead inc hosp,2021-05-15,quantile,0.55,198.62597786450195
06,2021-05-10,5 day ahead inc hosp,2021-05-15,quantile,0.6,205.63528992182606
06,2021-05-10,5 day ahead inc hosp,2021-05-15,quantile,0.65,212.79032236148217
06,2021-05-10,5 day ahead inc hosp,2021-05-15,quantile,0.7,223.0040934759504
06,2021-05-10,5 day ahead inc hosp,2021-05-15,quantile,0.75,229.8092720041084
06,2021-05-10,5 day ahead inc hosp,2021-05-15,quantile,0.8,239.69235018060337
06,2021-05-10,5 day ahead inc hosp,2021-05-15,quantile,0.85,253.0562461961626
06,2021-05-10,5 day ahead inc hosp,2021-05-15,quantile,0.9,265.5773230492022
06,2021-05-10,5 day ahead inc hosp,2021-05-15,quantile,0.95,290.63976633083365
06,2021-05-10,5 day ahead inc hosp,2021-05-15,quantile,0.975,308.67811069883766
06,2021-05-10,5 day ahead inc hosp,2021-05-15,quantile,0.99,333.35860899029797
06,2021-05-10,6 day ahead inc hosp,2021-05-16,quantile,0.01,85.11618931244476
06,2021-05-10,6 day ahead inc hosp,2021-05-16,quantile,0.025,97.9756489080433
06,2021-05-10,6 day ahead inc hosp,2021-05-16,quantile,0.05,109.63193905562629
06,2021-05-10,6 day ahead inc hosp,2021-05-16,quantile,0.1,122.68158220132983
06,2021-05-10,6 day ahead inc hosp,2021-05-16,quantile,0.15,135.41280488812134
06,2021-05-10,6 day ahead inc hosp,2021-05-16,quantile,0.2,144.5372988986473
06,2021-05-10,6 day ahead inc hosp,2021-05-16,quantile,0.25,152.31745164919099
06,2021-05-10,6 day ahead inc hosp,2021-05-16,quantile,0.3,161.5816199298887
06,2021-05-10,6 day ahead inc hosp,2021-05-16,quantile,0.35,170.89280107876183
06,2021-05-10,6 day ahead inc hosp,2021-05-16,quantile,0.4,178.40746305383266
06,2021-05-10,6 day ahead inc hosp,2021-05-16,quantile,0.45,185.1531568674872
06,2021-05-10,6 day ahead inc hosp,2021-05-16,quantile,0.5,192.15549596812946
06,2021-05-10,6 day ahead inc hosp,2021-05-16,quantile,0.55,199.81607568476463
06,2021-05-10,6 day ahead inc hosp,2021-05-16,quantile,0.6,207.3427485979217
06,2021-05-10,6 day ahead inc hosp,2021-05-16,quantile,0.65,214.83956798708692
06,2021-05-10,6 day ahead inc hosp,2021-05-16,quantile,0.7,224.75272469734614
06,2021-05-10,6 day ahead inc hosp,2021-05-16,quantile,0.75,233.13381242455938
06,2021-05-10,6 day ahead inc hosp,2021-05-16,quantile,0.8,241.9188580686515
06,2021-05-10,6 day ahead inc hosp,2021-05-16,quantile,0.85,255.88592864946025
06,2021-05-10,6 day ahead inc hosp,2021-05-16,quantile,0.9,271.37323115125577
06,2021-05-10,6 day ahead inc hosp,2021-05-16,quantile,0.95,293.2161589982562
06,2021-05-10,6 day ahead inc hosp,2021-05-16,quantile,0.975,317.4375985110039
06,2021-05-10,6 day ahead inc hosp,2021-05-16,quantile,0.99,345.89464440034874
06,2021-05-10,7 day ahead inc hosp,2021-05-17,quantile,0.01,79.65753056759664
06,2021-05-10,7 day ahead inc hosp,2021-05-17,quantile,0.025,91.77845131510836
06,2021-05-10,7 day ahead inc hosp,2021-05-17,quantile,0.05,103.96459886535918
06,2021-05-10,7 day ahead inc hosp,2021-05-17,quantile,0.1,118.41111099175818
06,2021-05-10,7 day ahead inc hosp,2021-05-17,quantile,0.15,132.1510245122676
06,2021-05-10,7 day ahead inc hosp,2021-05-17,quantile,0.2,142.60554561921117
06,2021-05-10,7 day ahead inc hosp,2021-05-17,quantile,0.25,151.67505481564604
06,2021-05-10,7 day ahead inc hosp,2021-05-17,quantile,0.3,160.60531225374453
06,2021-05-10,7 day ahead inc hosp,2021-05-17,quantile,0.35,169.73947731061563
06,2021-05-10,7 day ahead inc hosp,2021-05-17,quantile,0.4,177.79674513672765
06,2021-05-10,7 day ahead inc hosp,2021-05-17,quantile,0.45,186.8610424939724
06,2021-05-10,7 day ahead inc hosp,2021-05-17,quantile,0.5,193.56824347161842
06,2021-05-10,7 day ahead inc hosp,2021-05-17,quantile,0.55,200.34878116504
06,2021-05-10,7 day ahead inc hosp,2021-05-17,quantile,0.6,207.39289084904314
06,2021-05-10,7 day ahead inc hosp,2021-05-17,quantile,0.65,214.4466881931461
06,2021-05-10,7 day ahead inc hosp,2021-05-17,quantile,0.7,223.05393262466274
06,2021-05-10,7 day ahead inc hosp,2021-05-17,quantile,0.75,235.10549084503276
06,2021-05-10,7 day ahead inc hosp,2021-05-17,quantile,0.8,246.56288977262707
06,2021-05-10,7 day ahead inc hosp,2021-05-17,quantile,0.85,257.88312911158164
06,2021-05-10,7 day ahead inc hosp,2021-05-17,quantile,0.9,273.89237063502406
06,2021-05-10,7 day ahead inc hosp,2021-05-17,quantile,0.95,306.4209933881646
06,2021-05-10,7 day ahead inc hosp,2021-05-17,quantile,0.975,347.3310472591573
06,2021-05-10,7 day ahead inc hosp,2021-05-17,quantile,0.99,384.58901717397174
06,2021-05-10,8 day ahead inc hosp,2021-05-18,quantile,0.01,73.84620623326218
06,2021-05-10,8 day ahead inc hosp,2021-05-18,quantile,0.025,87.1517717141637
06,2021-05-10,8 day ahead inc hosp,2021-05-18,quantile,0.05,97.700731021766
06,2021-05-10,8 day ahead inc hosp,2021-05-18,quantile,0.1,116.6108070235232
06,2021-05-10,8 day ahead inc hosp,2021-05-18,quantile,0.15,130.8492053711049
06,2021-05-10,8 day ahead inc hosp,2021-05-18,quantile,0.2,141.06467914941868
06,2021-05-10,8 day ahead inc hosp,2021-05-18,quantile,0.25,150.77060325214916
06,2021-05-10,8 day ahead inc hosp,2021-05-18,quantile,0.3,159.28161439178814
06,2021-05-10,8 day ahead inc hosp,2021-05-18,quantile,0.35,166.81354888208722
06,2021-05-10,8 day ahead inc hosp,2021-05-18,quantile,0.4,177.81369896374665
06,2021-05-10,8 day ahead inc hosp,2021-05-18,quantile,0.45,185.87221884066795
06,2021-05-10,8 day ahead inc hosp,2021-05-18,quantile,0.5,194.541330710273
06,2021-05-10,8 day ahead inc hosp,2021-05-18,quantile,0.55,202.39676868000785
06,2021-05-10,8 day ahead inc hosp,2021-05-18,quantile,0.6,210.77946642465074
06,2021-05-10,8 day ahead inc hosp,2021-05-18,quantile,0.65,219.01919613832268
06,2021-05-10,8 day ahead inc hosp,2021-05-18,quantile,0.7,228.3932465323298
06,2021-05-10,8 day ahead inc hosp,2021-05-18,quantile,0.75,239.42310829737576
06,2021-05-10,8 day ahead inc hosp,2021-05-18,quantile,0.8,249.09097842455978
06,2021-05-10,8 day ahead inc hosp,2021-05-18,quantile,0.85,265.5071176959857
06,2021-05-10,8 day ahead inc hosp,2021-05-18,quantile,0.9,283.1823598781454
06,2021-05-10,8 day ahead inc hosp,2021-05-18,quantile,0.95,317.8976243821992
06,2021-05-10,8 day ahead inc hosp,2021-05-18,quantile,0.975,359.53220215545866
06,2021-05-10,8 day ahead inc hosp,2021-05-18,quantile,0.99,406.92027177098464
06,2021-05-10,9 day ahead inc hosp,2021-05-19,quantile,0.01,65.5980114542967
06,2021-05-10,9 day ahead inc hosp,2021-05-19,quantile,0.025,83.07084353064586
06,2021-05-10,9 day ahead inc hosp,2021-05-19,quantile,0.05,97.93561545356212
06,2021-05-10,9 day ahead inc hosp,2021-05-19,quantile,0.1,114.3385317297328
06,2021-05-10,9 day ahead inc hosp,2021-05-19,quantile,0.15,129.0717392927724
06,2021-05-10,9 day ahead inc hosp,2021-05-19,quantile,0.2,140.66538430575173
06,2021-05-10,9 day ahead inc hosp,2021-05-19,quantile,0.25,151.19227423025995
06,2021-05-10,9 day ahead inc hosp,2021-05-19,quantile,0.3,159.14202983520906
06,2021-05-10,9 day ahead inc hosp,2021-05-19,quantile,0.35,167.1339260264466
06,2021-05-10,9 day ahead inc hosp,2021-05-19,quantile,0.4,175.15562367532118
06,2021-05-10,9 day ahead inc hosp,2021-05-19,quantile,0.45,182.86641576730483
06,2021-05-10,9 day ahead inc hosp,2021-05-19,quantile,0.5,191.30755799055248
06,2021-05-10,9 day ahead inc hosp,2021-05-19,quantile,0.55,199.4542803693481
06,2021-05-10,9 day ahead inc hosp,2021-05-19,quantile,0.6,208.8420779093768
06,2021-05-10,9 day ahead inc hosp,2021-05-19,quantile,0.65,219.01891001211513
06,2021-05-10,9 day ahead inc hosp,2021-05-19,quantile,0.7,228.5928162757312
06,2021-05-10,9 day ahead inc hosp,2021-05-19,quantile,0.75,240.49337935979395
06,2021-05-10,9 day ahead inc hosp,2021-05-19,quantile,0.8,251.79105355270292
06,2021-05-10,9 day ahead inc hosp,2021-05-19,quantile,0.85,269.2070424907687
06,2021-05-10,9 day ahead inc hosp,2021-05-19,quantile,0.9,290.5547334141629
06,2021-05-10,9 day ahead inc hosp,2021-05-19,quantile,0.95,334.0967207548014
06,2021-05-10,9 day ahead inc hosp,2021-05-19,quantile,0.975,379.05649379229123
06,2021-05-10,9 day ahead inc hosp,2021-05-19,quantile,0.99,416.5673577164823
06,2021-05-10,10 day ahead inc hosp,2021-05-20,quantile,0.01,65.25198208630921
06,2021-05-10,10 day ahead inc hosp,2021-05-20,quantile,0.025,78.84248821668619
06,2021-05-10,10 day ahead inc hosp,2021-05-20,quantile,0.05,95.72687269334212
06,2021-05-10,10 day ahead inc hosp,2021-05-20,quantile,0.1,114.05552693257796
06,2021-05-10,10 day ahead inc hosp,2021-05-20,quantile,0.15,127.2677247976334
06,2021-05-10,10 day ahead inc hosp,2021-05-20,quantile,0.2,135.41466341939585
06,2021-05-10,10 day ahead inc hosp,2021-05-20,quantile,0.25,145.16868522033596
06,2021-05-10,10 day ahead inc hosp,2021-05-20,quantile,0.3,156.28802676219829
06,2021-05-10,10 day ahead inc hosp,2021-05-20,quantile,0.35,164.77413479258675
06,2021-05-10,10 day ahead inc hosp,2021-05-20,quantile,0.4,173.87350325478482
06,2021-05-10,10 day ahead inc hosp,2021-05-20,quantile,0.45,182.27143733973142
06,2021-05-10,10 day ahead inc hosp,2021-05-20,quantile,0.5,189.20094408645966
06,2021-05-10,10 day ahead inc hosp,2021-05-20,quantile,0.55,200.09367850778563
06,2021-05-10,10 day ahead inc hosp,2021-05-20,quantile,0.6,210.06885383022848
06,2021-05-10,10 day ahead inc hosp,2021-05-20,quantile,0.65,218.1847437741906
06,2021-05-10,10 day ahead inc hosp,2021-05-20,quantile,0.7,229.26578622953383
06,2021-05-10,10 day ahead inc hosp,2021-05-20,quantile,0.75,243.09650897213723
06,2021-05-10,10 day ahead inc hosp,2021-05-20,quantile,0.8,258.77096855334327
06,2021-05-10,10 day ahead inc hosp,2021-05-20,quantile,0.85,277.48064899043476
06,2021-05-10,10 day ahead inc hosp,2021-05-20,quantile,0.9,301.27526246676047
06,2021-05-10,10 day ahead inc hosp,2021-05-20,quantile,0.95,326.15334805199245
06,2021-05-10,10 day ahead inc hosp,2021-05-20,quantile,0.975,376.00403488238214
06,2021-05-10,10 day ahead inc hosp,2021-05-20,quantile,0.99,430.0739910166985
06,2021-05-10,11 day ahead inc hosp,2021-05-21,quantile,0.01,63.72488880015595
06,2021-05-10,11 day ahead inc hosp,2021-05-21,quantile,0.025,75.7291445951542
06,2021-05-10,11 day ahead inc hosp,2021-05-21,quantile,0.05,89.59332120593803
06,2021-05-10,11 day ahead inc hosp,2021-05-21,quantile,0.1,109.23178198318685
06,2021-05-10,11 day ahead inc hosp,2021-05-21,quantile,0.15,124.0525334601002
06,2021-05-10,11 day ahead inc hosp,2021-05-21,quantile,0.2,135.7476502524004
06,2021-05-10,11 day ahead inc hosp,2021-05-21,quantile,0.25,144.61232873509698
06,2021-05-10,11 day ahead inc hosp,2021-05-21,quantile,0.3,153.4015107129789
06,2021-05-10,11 day ahead inc hosp,2021-05-21,quantile,0.35,163.5556854201706
06,2021-05-10,11 day ahead inc hosp,2021-05-21,quantile,0.4,173.613870570869
06,2021-05-10,11 day ahead inc hosp,2021-05-21,quantile,0.45,180.07858090478067
06,2021-05-10,11 day ahead inc hosp,2021-05-21,quantile,0.5,190.06183107962684
06,2021-05-10,11 day ahead inc hosp,2021-05-21,quantile,0.55,198.80192021124873
06,2021-05-10,11 day ahead inc hosp,2021-05-21,quantile,0.6,209.50160295277487
06,2021-05-10,11 day ahead inc hosp,2021-05-21,quantile,0.65,220.71481792199836
06,2021-05-10,11 day ahead inc hosp,2021-05-21,quantile,0.7,232.12593774891303
06,2021-05-10,11 day ahead inc hosp,2021-05-21,quantile,0.75,249.21961747208596
06,2021-05-10,11 day ahead inc hosp,2021-05-21,quantile,0.8,265.7340136165533
06,2021-05-10,11 day ahead inc hosp,2021-05-21,quantile,0.85,283.44615469408194
06,2021-05-10,11 day ahead inc hosp,2021-05-21,quantile,0.9,310.2566505501835
06,2021-05-10,11 day ahead inc hosp,2021-05-21,quantile,0.95,345.87146097452313
06,2021-05-10,11 day ahead inc hosp,2021-05-21,quantile,0.975,385.2795241103817
06,2021-05-10,11 day ahead inc hosp,2021-05-21,quantile,0.99,451.7949492761306
06,2021-05-10,12 day ahead inc hosp,2021-05-22,quantile,0.01,56.34392103972941
06,2021-05-10,12 day ahead inc hosp,2021-05-22,quantile,0.025,69.87390964063553
06,2021-05-10,12 day ahead inc hosp,2021-05-22,quantile,0.05,85.02421450789316
06,2021-05-10,12 day ahead inc hosp,2021-05-22,quantile,0.1,105.33451612615372
06,2021-05-10,12 day ahead inc hosp,2021-05-22,quantile,0.15,118.64847738239726
06,2021-05-10,12 day ahead inc hosp,2021-05-22,quantile,0.2,132.21141981696596
06,2021-05-10,12 day ahead inc hosp,2021-05-22,quantile,0.25,141.74299110485816
06,2021-05-10,12 day ahead inc hosp,2021-05-22,quantile,0.3,150.46063541904692
06,2021-05-10,12 day ahead inc hosp,2021-05-22,quantile,0.35,159.57859523452086
06,2021-05-10,12 day ahead inc hosp,2021-05-22,quantile,0.4,168.29704999101463
06,2021-05-10,12 day ahead inc hosp,2021-05-22,quantile,0.45,179.08493906902174
06,2021-05-10,12 day ahead inc hosp,2021-05-22,quantile,0.5,188.807609775411
06,2021-05-10,12 day ahead inc hosp,2021-05-22,quantile,0.55,200.5390365979232
06,2021-05-10,12 day ahead inc hosp,2021-05-22,quantile,0.6,209.55479190848422
06,2021-05-10,12 day ahead inc hosp,2021-05-22,quantile,0.65,224.5677039195867
06,2021-05-10,12 day ahead inc hosp,2021-05-22,quantile,0.7,237.62934936002134
06,2021-05-10,12 day ahead inc hosp,2021-05-22,quantile,0.75,251.56384326723963
06,2021-05-10,12 day ahead inc hosp,2021-05-22,quantile,0.8,266.76802614108226
06,2021-05-10,12 day ahead inc hosp,2021-05-22,quantile,0.85,283.6141909100662
06,2021-05-10,12 day ahead inc hosp,2021-05-22,quantile,0.9,310.74598198593463
06,2021-05-10,12 day ahead inc hosp,2021-05-22,quantile,0.95,353.01220872091744
06,2021-05-10,12 day ahead inc hosp,2021-05-22,quantile,0.975,404.04468493592714
06,2021-05-10,12 day ahead inc hosp,2021-05-22,quantile,0.99,458.4173553082965
06,2021-05-10,13 day ahead inc hosp,2021-05-23,quantile,0.01,48.14289777057761
06,2021-05-10,13 day ahead inc hosp,2021-05-23,quantile,0.025,64.79871993853897
06,2021-05-10,13 day ahead inc hosp,2021-05-23,quantile,0.05,81.60751017745916
06,2021-05-10,13 day ahead inc hosp,2021-05-23,quantile,0.1,103.44907151925837
06,2021-05-10,13 day ahead inc hosp,2021-05-23,quantile,0.15,117.91299194096626
06,2021-05-10,13 day ahead inc hosp,2021-05-23,quantile,0.2,129.22168804895867
06,2021-05-10,13 day ahead inc hosp,2021-05-23,quantile,0.25,139.33873248234042
06,2021-05-10,13 day ahead inc hosp,2021-05-23,quantile,0.3,151.80334721710798
06,2021-05-10,13 day ahead inc hosp,2021-05-23,quantile,0.35,161.8096798413282
06,2021-05-10,13 day ahead inc hosp,2021-05-23,quantile,0.4,170.90883064790233
06,2021-05-10,13 day ahead inc hosp,2021-05-23,quantile,0.45,180.26744396182687
06,2021-05-10,13 day ahead inc hosp,2021-05-23,quantile,0.5,190.07087225796744
06,2021-05-10,13 day ahead inc hosp,2021-05-23,quantile,0.55,202.81526912794658
06,2021-05-10,13 day ahead inc hosp,2021-05-23,quantile,0.6,213.27533825422702
06,2021-05-10,13 day ahead inc hosp,2021-05-23,quantile,0.65,224.67117516176705
06,2021-05-10,13 day ahead inc hosp,2021-05-23,quantile,0.7,238.8612841306426
06,2021-05-10,13 day ahead inc hosp,2021-05-23,quantile,0.75,252.05702556625917
06,2021-05-10,13 day ahead inc hosp,2021-05-23,quantile,0.8,270.68143370797617
06,2021-05-10,13 day ahead inc hosp,2021-05-23,quantile,0.85,292.9242642512768
06,2021-05-10,13 day ahead inc hosp,2021-05-23,quantile,0.9,316.2286013455332
06,2021-05-10,13 day ahead inc hosp,2021-05-23,quantile,0.95,373.6200820859105
06,2021-05-10,13 day ahead inc hosp,2021-05-23,quantile,0.975,412.55794295046013
06,2021-05-10,13 day ahead inc hosp,2021-05-23,quantile,0.99,479.0993773279742
06,2021-05-10,14 day ahead inc hosp,2021-05-24,quantile,0.01,52.20288944030036
06,2021-05-10,14 day ahead inc hosp,2021-05-24,quantile,0.025,62.505973090811594
06,2021-05-10,14 day ahead inc hosp,2021-05-24,quantile,0.05,81.28742273116107
06,2021-05-10,14 day ahead inc hosp,2021-05-24,quantile,0.1,102.71971019401923
06,2021-05-10,14 day ahead inc hosp,2021-05-24,quantile,0.15,117.74889255177065
06,2021-05-10,14 day ahead inc hosp,2021-05-24,quantile,0.2,128.486966285777
06,2021-05-10,14 day ahead inc hosp,2021-05-24,quantile,0.25,140.28270599480246
06,2021-05-10,14 day ahead inc hosp,2021-05-24,quantile,0.3,149.09595395928497
06,2021-05-10,14 day ahead inc hosp,2021-05-24,quantile,0.35,159.40566514251478
06,2021-05-10,14 day ahead inc hosp,2021-05-24,quantile,0.4,170.8682690801159
06,2021-05-10,14 day ahead inc hosp,2021-05-24,quantile,0.45,180.62624341939508
06,2021-05-10,14 day ahead inc hosp,2021-05-24,quantile,0.5,190.71025128677368
06,2021-05-10,14 day ahead inc hosp,2021-05-24,quantile,0.55,201.4937376969471
06,2021-05-10,14 day ahead inc hosp,2021-05-24,quantile,0.6,214.26821662946068
06,2021-05-10,14 day ahead inc hosp,2021-05-24,quantile,0.65,227.19789996891276
06,2021-05-10,14 day ahead inc hosp,2021-05-24,quantile,0.7,242.15658806013442
06,2021-05-10,14 day ahead inc hosp,2021-05-24,quantile,0.75,266.30244195849065
06,2021-05-10,14 day ahead inc hosp,2021-05-24,quantile,0.8,280.2857822207597
06,2021-05-10,14 day ahead inc hosp,2021-05-24,quantile,0.85,303.7784189898884
06,2021-05-10,14 day ahead inc hosp,2021-05-24,quantile,0.9,331.3438346715606
06,2021-05-10,14 day ahead inc hosp,2021-05-24,quantile,0.95,382.19436694918267
06,2021-05-10,14 day ahead inc hosp,2021-05-24,quantile,0.975,433.17306167451363
06,2021-05-10,14 day ahead inc hosp,2021-05-24,quantile,0.99,487.5095278923039
06,2021-05-10,15 day ahead inc hosp,2021-05-25,quantile,0.01,48.246941748550405
06,2021-05-10,15 day ahead inc hosp,2021-05-25,quantile,0.025,62.9496640175704
06,2021-05-10,15 day ahead inc hosp,2021-05-25,quantile,0.05,78.03476928900906
06,2021-05-10,15 day ahead inc hosp,2021-05-25,quantile,0.1,99.62794792392101
06,2021-05-10,15 day ahead inc hosp,2021-05-25,quantile,0.15,117.24676624227055
06,2021-05-10,15 day ahead inc hosp,2021-05-25,quantile,0.2,127.49982115353305
06,2021-05-10,15 day ahead inc hosp,2021-05-25,quantile,0.25,139.82831415184486
06,2021-05-10,15 day ahead inc hosp,2021-05-25,quantile,0.3,150.26456442748287
06,2021-05-10,15 day ahead inc hosp,2021-05-25,quantile,0.35,159.28843424403257
06,2021-05-10,15 day ahead inc hosp,2021-05-25,quantile,0.4,171.00216800830154
06,2021-05-10,15 day ahead inc hosp,2021-05-25,quantile,0.45,180.34639195679324
06,2021-05-10,15 day ahead inc hosp,2021-05-25,quantile,0.5,191.62400423838807
06,2021-05-10,15 day ahead inc hosp,2021-05-25,quantile,0.55,202.43742188226722
06,2021-05-10,15 day ahead inc hosp,2021-05-25,quantile,0.6,215.9226567711993
06,2021-05-10,15 day ahead inc hosp,2021-05-25,quantile,0.65,230.46795664213408
06,2021-05-10,15 day ahead inc hosp,2021-05-25,quantile,0.7,243.82338255878773
06,2021-05-10,15 day ahead inc hosp,2021-05-25,quantile,0.75,259.98438245542883
06,2021-05-10,15 day ahead inc hosp,2021-05-25,quantile,0.8,278.35481975268254
06,2021-05-10,15 day ahead inc hosp,2021-05-25,quantile,0.85,298.82661172147533
06,2021-05-10,15 day ahead inc hosp,2021-05-25,quantile,0.9,331.57898797093327
06,2021-05-10,15 day ahead inc hosp,2021-05-25,quantile,0.95,385.2764893059241
06,2021-05-10,15 day ahead inc hosp,2021-05-25,quantile,0.975,438.94754566651426
06,2021-05-10,15 day ahead inc hosp,2021-05-25,quantile,0.99,491.61368109364406
06,2021-05-10,16 day ahead inc hosp,2021-05-26,quantile,0.01,43.34468216399639
06,2021-05-10,16 day ahead inc hosp,2021-05-26,quantile,0.025,60.70384967862076
06,2021-05-10,16 day ahead inc hosp,2021-05-26,quantile,0.05,76.46905507028008
06,2021-05-10,16 day ahead inc hosp,2021-05-26,quantile,0.1,96.10489307780986
06,2021-05-10,16 day ahead inc hosp,2021-05-26,quantile,0.15,114.5971316056245
06,2021-05-10,16 day ahead inc hosp,2021-05-26,quantile,0.2,126.65725142122022
06,2021-05-10,16 day ahead inc hosp,2021-05-26,quantile,0.25,137.86097170852096
06,2021-05-10,16 day ahead inc hosp,2021-05-26,quantile,0.3,146.28747043182702
06,2021-05-10,16 day ahead inc hosp,2021-05-26,quantile,0.35,157.65681820703804
06,2021-05-10,16 day ahead inc hosp,2021-05-26,quantile,0.4,172.42800138297105
06,2021-05-10,16 day ahead inc hosp,2021-05-26,quantile,0.45,183.7705227445011
06,2021-05-10,16 day ahead inc hosp,2021-05-26,quantile,0.5,193.61841809292682
06,2021-05-10,16 day ahead inc hosp,2021-05-26,quantile,0.55,207.1600252383255
06,2021-05-10,16 day ahead inc hosp,2021-05-26,quantile,0.6,217.0095368881404
06,2021-05-10,16 day ahead inc hosp,2021-05-26,quantile,0.65,228.0113180138219
06,2021-05-10,16 day ahead inc hosp,2021-05-26,quantile,0.7,240.33724440732522
06,2021-05-10,16 day ahead inc hosp,2021-05-26,quantile,0.75,256.7104033017657
06,2021-05-10,16 day ahead inc hosp,2021-05-26,quantile,0.8,276.95755953322526
06,2021-05-10,16 day ahead inc hosp,2021-05-26,quantile,0.85,307.5902506964326
06,2021-05-10,16 day ahead inc hosp,2021-05-26,quantile,0.9,345.8064667973995
06,2021-05-10,16 day ahead inc hosp,2021-05-26,quantile,0.95,389.8970618397959
06,2021-05-10,16 day ahead inc hosp,2021-05-26,quantile,0.975,449.1196281769298
06,2021-05-10,16 day ahead inc hosp,2021-05-26,quantile,0.99,521.0378091068538
06,2021-05-10,17 day ahead inc hosp,2021-05-27,quantile,0.01,41.09177051658993
06,2021-05-10,17 day ahead inc hosp,2021-05-27,quantile,0.025,64.28435223056042
06,2021-05-10,17 day ahead inc hosp,2021-05-27,quantile,0.05,76.55442147479509
06,2021-05-10,17 day ahead inc hosp,2021-05-27,quantile,0.1,96.02686982279812
06,2021-05-10,17 day ahead inc hosp,2021-05-27,quantile,0.15,109.82410771487467
06,2021-05-10,17 day ahead inc hosp,2021-05-27,quantile,0.2,122.75020741564447
06,2021-05-10,17 day ahead inc hosp,2021-05-27,quantile,0.25,133.94256345889013
06,2021-05-10,17 day ahead inc hosp,2021-05-27,quantile,0.3,145.61593265406
06,2021-05-10,17 day ahead inc hosp,2021-05-27,quantile,0.35,155.40133605321438
06,2021-05-10,17 day ahead inc hosp,2021-05-27,quantile,0.4,169.9268146599436
06,2021-05-10,17 day ahead inc hosp,2021-05-27,quantile,0.45,182.2271917543367
06,2021-05-10,17 day ahead inc hosp,2021-05-27,quantile,0.5,193.85947761390278
06,2021-05-10,17 day ahead inc hosp,2021-05-27,quantile,0.55,205.2755751791231
06,2021-05-10,17 day ahead inc hosp,2021-05-27,quantile,0.6,217.12908578330283
06,2021-05-10,17 day ahead inc hosp,2021-05-27,quantile,0.65,228.3767320185834
06,2021-05-10,17 day ahead inc hosp,2021-05-27,quantile,0.7,243.6972773061074
06,2021-05-10,17 day ahead inc hosp,2021-05-27,quantile,0.75,259.3252581804524
06,2021-05-10,17 day ahead inc hosp,2021-05-27,quantile,0.8,281.33822026614655
06,2021-05-10,17 day ahead inc hosp,2021-05-27,quantile,0.85,309.9543655898429
06,2021-05-10,17 day ahead inc hosp,2021-05-27,quantile,0.9,343.8170763057773
06,2021-05-10,17 day ahead inc hosp,2021-05-27,quantile,0.95,408.8764590668696
06,2021-05-10,17 day ahead inc hosp,2021-05-27,quantile,0.975,482.96044122718115
06,2021-05-10,17 day ahead inc hosp,2021-05-27,quantile,0.99,531.3080524506233
06,2021-05-10,18 day ahead inc hosp,2021-05-28,quantile,0.01,38.0472632063928
06,2021-05-10,18 day ahead inc hosp,2021-05-28,quantile,0.025,59.09349799555127
06,2021-05-10,18 day ahead inc hosp,2021-05-28,quantile,0.05,74.8133224033209
06,2021-05-10,18 day ahead inc hosp,2021-05-28,quantile,0.1,95.7226794548691
06,2021-05-10,18 day ahead inc hosp,2021-05-28,quantile,0.15,109.56147381823011
06,2021-05-10,18 day ahead inc hosp,2021-05-28,quantile,0.2,119.79415340975555
06,2021-05-10,18 day ahead inc hosp,2021-05-28,quantile,0.25,134.4101586125847
06,2021-05-10,18 day ahead inc hosp,2021-05-28,quantile,0.3,147.93316821217866
06,2021-05-10,18 day ahead inc hosp,2021-05-28,quantile,0.35,159.21393780186426
06,2021-05-10,18 day ahead inc hosp,2021-05-28,quantile,0.4,168.08627027473403
06,2021-05-10,18 day ahead inc hosp,2021-05-28,quantile,0.45,181.8263641874955
06,2021-05-10,18 day ahead inc hosp,2021-05-28,quantile,0.5,192.8476338419268
06,2021-05-10,18 day ahead inc hosp,2021-05-28,quantile,0.55,206.9149816783712
06,2021-05-10,18 day ahead inc hosp,2021-05-28,quantile,0.6,216.37777509430305
06,2021-05-10,18 day ahead inc hosp,2021-05-28,quantile,0.65,228.47604460382507
06,2021-05-10,18 day ahead inc hosp,2021-05-28,quantile,0.7,245.23520328674985
06,2021-05-10,18 day ahead inc hosp,2021-05-28,quantile,0.75,263.6310991531489
06,2021-05-10,18 day ahead inc hosp,2021-05-28,quantile,0.8,279.9656140784697
06,2021-05-10,18 day ahead inc hosp,2021-05-28,quantile,0.85,314.1783240771815
06,2021-05-10,18 day ahead inc hosp,2021-05-28,quantile,0.9,356.46665271701187
06,2021-05-10,18 day ahead inc hosp,2021-05-28,quantile,0.95,423.76857896539934
06,2021-05-10,18 day ahead inc hosp,2021-05-28,quantile,0.975,492.9024881810283
06,2021-05-10,18 day ahead inc hosp,2021-05-28,quantile,0.99,579.5603731428889
06,2021-05-10,19 day ahead inc hosp,2021-05-29,quantile,0.01,34.321116960159635
06,2021-05-10,19 day ahead inc hosp,2021-05-29,quantile,0.025,55.385753803639155
06,2021-05-10,19 day ahead inc hosp,2021-05-29,quantile,0.05,72.09816779864278
06,2021-05-10,19 day ahead inc hosp,2021-05-29,quantile,0.1,92.05241754048802
06,2021-05-10,19 day ahead inc hosp,2021-05-29,quantile,0.15,105.91791714564091
06,2021-05-10,19 day ahead inc hosp,2021-05-29,quantile,0.2,121.2235910271243
06,2021-05-10,19 day ahead inc hosp,2021-05-29,quantile,0.25,132.86485243875066
06,2021-05-10,19 day ahead inc hosp,2021-05-29,quantile,0.3,144.52964912662804
06,2021-05-10,19 day ahead inc hosp,2021-05-29,quantile,0.35,156.8873209239432
06,2021-05-10,19 day ahead inc hosp,2021-05-29,quantile,0.4,167.72163743797216
06,2021-05-10,19 day ahead inc hosp,2021-05-29,quantile,0.45,182.21201013348704
06,2021-05-10,19 day ahead inc hosp,2021-05-29,quantile,0.5,191.48075817338193
06,2021-05-10,19 day ahead inc hosp,2021-05-29,quantile,0.55,207.18727951224733
06,2021-05-10,19 day ahead inc hosp,2021-05-29,quantile,0.6,219.65812335011128
06,2021-05-10,19 day ahead inc hosp,2021-05-29,quantile,0.65,232.72346768613696
06,2021-05-10,19 day ahead inc hosp,2021-05-29,quantile,0.7,244.69039733668725
06,2021-05-10,19 day ahead inc hosp,2021-05-29,quantile,0.75,262.88309038671736
06,2021-05-10,19 day ahead inc hosp,2021-05-29,quantile,0.8,286.2068662598851
06,2021-05-10,19 day ahead inc hosp,2021-05-29,quantile,0.85,319.16853538902177
06,2021-05-10,19 day ahead inc hosp,2021-05-29,quantile,0.9,366.6246274194163
06,2021-05-10,19 day ahead inc hosp,2021-05-29,quantile,0.95,434.58325411005177
06,2021-05-10,19 day ahead inc hosp,2021-05-29,quantile,0.975,507.294904234208
06,2021-05-10,19 day ahead inc hosp,2021-05-29,quantile,0.99,585.244869028586
06,2021-05-10,20 day ahead inc hosp,2021-05-30,quantile,0.01,36.4634438803717
06,2021-05-10,20 day ahead inc hosp,2021-05-30,quantile,0.025,52.09191764809446
06,2021-05-10,20 day ahead inc hosp,2021-05-30,quantile,0.05,71.27873510364385
06,2021-05-10,20 day ahead inc hosp,2021-05-30,quantile,0.1,89.33581398935081
06,2021-05-10,20 day ahead inc hosp,2021-05-30,quantile,0.15,104.76649311961967
06,2021-05-10,20 day ahead inc hosp,2021-05-30,quantile,0.2,118.16445653537056
06,2021-05-10,20 day ahead inc hosp,2021-05-30,quantile,0.25,130.17222493818025
06,2021-05-10,20 day ahead inc hosp,2021-05-30,quantile,0.3,143.82882910297278
06,2021-05-10,20 day ahead inc hosp,2021-05-30,quantile,0.35,156.2185314263802
06,2021-05-10,20 day ahead inc hosp,2021-05-30,quantile,0.4,168.33447290720827
06,2021-05-10,20 day ahead inc hosp,2021-05-30,quantile,0.45,177.73222532217105
06,2021-05-10,20 day ahead inc hosp,2021-05-30,quantile,0.5,191.5500448778908
06,2021-05-10,20 day ahead inc hosp,2021-05-30,quantile,0.55,203.87941094704945
06,2021-05-10,20 day ahead inc hosp,2021-05-30,quantile,0.6,215.85521297403963
06,2021-05-10,20 day ahead inc hosp,2021-05-30,quantile,0.65,231.21750880930193
06,2021-05-10,20 day ahead inc hosp,2021-05-30,quantile,0.7,245.59781547055627
06,2021-05-10,20 day ahead inc hosp,2021-05-30,quantile,0.75,268.48173752247453
06,2021-05-10,20 day ahead inc hosp,2021-05-30,quantile,0.8,291.1230889283787
06,2021-05-10,20 day ahead inc hosp,2021-05-30,quantile,0.85,328.73384477934485
06,2021-05-10,20 day ahead inc hosp,2021-05-30,quantile,0.9,371.32556988462557
06,2021-05-10,20 day ahead inc hosp,2021-05-30,quantile,0.95,443.3596024522883
06,2021-05-10,20 day ahead inc hosp,2021-05-30,quantile,0.975,501.966893117665
06,2021-05-10,20 day ahead inc hosp,2021-05-30,quantile,0.99,581.8448860067083
06,2021-05-10,21 day ahead inc hosp,2021-05-31,quantile,0.01,30.637477879542782
06,2021-05-10,21 day ahead inc hosp,2021-05-31,quantile,0.025,47.67157505247216
06,2021-05-10,21 day ahead inc hosp,2021-05-31,quantile,0.05,64.36625302887342
06,2021-05-10,21 day ahead inc hosp,2021-05-31,quantile,0.1,87.24542814065495
06,2021-05-10,21 day ahead inc hosp,2021-05-31,quantile,0.15,104.7310968694208
06,2021-05-10,21 day ahead inc hosp,2021-05-31,quantile,0.2,118.4061599272409
06,2021-05-10,21 day ahead inc hosp,2021-05-31,quantile,0.25,131.76170786421187
06,2021-05-10,21 day ahead inc hosp,2021-05-31,quantile,0.3,143.5375656734878
06,2021-05-10,21 day ahead inc hosp,2021-05-31,quantile,0.35,154.26519394928147
06,2021-05-10,21 day ahead inc hosp,2021-05-31,quantile,0.4,167.9637034387024
06,2021-05-10,21 day ahead inc hosp,2021-05-31,quantile,0.45,177.98050291149727
06,2021-05-10,21 day ahead inc hosp,2021-05-31,quantile,0.5,193.36800102823622
06,2021-05-10,21 day ahead inc hosp,2021-05-31,quantile,0.55,205.28610966359014
06,2021-05-10,21 day ahead inc hosp,2021-05-31,quantile,0.6,217.5003863498554
06,2021-05-10,21 day ahead inc hosp,2021-05-31,quantile,0.65,230.0315241241519
06,2021-05-10,21 day ahead inc hosp,2021-05-31,quantile,0.7,247.80640793400536
06,2021-05-10,21 day ahead inc hosp,2021-05-31,quantile,0.75,268.2151066408377
06,2021-05-10,21 day ahead inc hosp,2021-05-31,quantile,0.8,292.2263270159749
06,2021-05-10,21 day ahead inc hosp,2021-05-31,quantile,0.85,325.055812680676
06,2021-05-10,21 day ahead inc hosp,2021-05-31,quantile,0.9,371.74672520415123
06,2021-05-10,21 day ahead inc hosp,2021-05-31,quantile,0.95,465.15317812116
06,2021-05-10,21 day ahead inc hosp,2021-05-31,quantile,0.975,514.4399385561934
06,2021-05-10,21 day ahead inc hosp,2021-05-31,quantile,0.99,574.802628163687
06,2021-05-10,22 day ahead inc hosp,2021-06-01,quantile,0.01,32.65147841056844
06,2021-05-10,22 day ahead inc hosp,2021-06-01,quantile,0.025,44.84033249504091
06,2021-05-10,22 day ahead inc hosp,2021-06-01,quantile,0.05,64.68413690240233
06,2021-05-10,22 day ahead inc hosp,2021-06-01,quantile,0.1,83.93306303595249
06,2021-05-10,22 day ahead inc hosp,2021-06-01,quantile,0.15,99.98280349600155
06,2021-05-10,22 day ahead inc hosp,2021-06-01,quantile,0.2,117.00305965942096
06,2021-05-10,22 day ahead inc hosp,2021-06-01,quantile,0.25,130.7424054561921
06,2021-05-10,22 day ahead inc hosp,2021-06-01,quantile,0.3,144.17339067073289
06,2021-05-10,22 day ahead inc hosp,2021-06-01,quantile,0.35,157.9477614434584
06,2021-05-10,22 day ahead inc hosp,2021-06-01,quantile,0.4,169.68903138250985
06,2021-05-10,22 day ahead inc hosp,2021-06-01,quantile,0.45,178.99462241889296
06,2021-05-10,22 day ahead inc hosp,2021-06-01,quantile,0.5,191.11301571846252
06,2021-05-10,22 day ahead inc hosp,2021-06-01,quantile,0.55,203.74678672175602
06,2021-05-10,22 day ahead inc hosp,2021-06-01,quantile,0.6,216.29511879776854
06,2021-05-10,22 day ahead inc hosp,2021-06-01,quantile,0.65,233.15500900683955
06,2021-05-10,22 day ahead inc hosp,2021-06-01,quantile,0.7,251.97266240826877
06,2021-05-10,22 day ahead inc hosp,2021-06-01,quantile,0.75,275.53534131713195
06,2021-05-10,22 day ahead inc hosp,2021-06-01,quantile,0.8,299.4692413931768
06,2021-05-10,22 day ahead inc hosp,2021-06-01,quantile,0.85,335.5195429129734
06,2021-05-10,22 day ahead inc hosp,2021-06-01,quantile,0.9,380.9050809216223
06,2021-05-10,22 day ahead inc hosp,2021-06-01,quantile,0.95,456.6035859579952
06,2021-05-10,22 day ahead inc hosp,2021-06-01,quantile,0.975,546.4803279733543
06,2021-05-10,22 day ahead inc hosp,2021-06-01,quantile,0.99,638.3554874972136
06,2021-05-10,23 day ahead inc hosp,2021-06-02,quantile,0.01,31.049080522765482
06,2021-05-10,23 day ahead inc hosp,2021-06-02,quantile,0.025,46.02259979367968
06,2021-05-10,23 day ahead inc hosp,2021-06-02,quantile,0.05,57.47058894170846
06,2021-05-10,23 day ahead inc hosp,2021-06-02,quantile,0.1,83.73095973987083
06,2021-05-10,23 day ahead inc hosp,2021-06-02,quantile,0.15,100.8042909606041
06,2021-05-10,23 day ahead inc hosp,2021-06-02,quantile,0.2,116.3920250057106
06,2021-05-10,23 day ahead inc hosp,2021-06-02,quantile,0.25,130.9495148330633
06,2021-05-10,23 day ahead inc hosp,2021-06-02,quantile,0.3,143.65596087468182
06,2021-05-10,23 day ahead inc hosp,2021-06-02,quantile,0.35,154.91126083531415
06,2021-05-10,23 day ahead inc hosp,2021-06-02,quantile,0.4,167.247979050247
06,2021-05-10,23 day ahead inc hosp,2021-06-02,quantile,0.45,180.72174717280652
06,2021-05-10,23 day ahead inc hosp,2021-06-02,quantile,0.5,192.7272492311001
06,2021-05-10,23 day ahead inc hosp,2021-06-02,quantile,0.55,208.6305169427109
06,2021-05-10,23 day ahead inc hosp,2021-06-02,quantile,0.6,220.75926331356712
06,2021-05-10,23 day ahead inc hosp,2021-06-02,quantile,0.65,237.35583038163432
06,2021-05-10,23 day ahead inc hosp,2021-06-02,quantile,0.7,253.13804831173653
06,2021-05-10,23 day ahead inc hosp,2021-06-02,quantile,0.75,278.8835721242547
06,2021-05-10,23 day ahead inc hosp,2021-06-02,quantile,0.8,308.19645181380474
06,2021-05-10,23 day ahead inc hosp,2021-06-02,quantile,0.85,344.56548657044266
06,2021-05-10,23 day ahead inc hosp,2021-06-02,quantile,0.9,397.87438311920084
06,2021-05-10,23 day ahead inc hosp,2021-06-02,quantile,0.95,478.0474295903578
06,2021-05-10,23 day ahead inc hosp,2021-06-02,quantile,0.975,565.741069349653
06,2021-05-10,23 day ahead inc hosp,2021-06-02,quantile,0.99,631.3760067532093
06,2021-05-10,24 day ahead inc hosp,2021-06-03,quantile,0.01,32.795285368815854
06,2021-05-10,24 day ahead inc hosp,2021-06-03,quantile,0.025,43.22290525444302
06,2021-05-10,24 day ahead inc hosp,2021-06-03,quantile,0.05,55.53872515225199
06,2021-05-10,24 day ahead inc hosp,2021-06-03,quantile,0.1,79.1096552418409
06,2021-05-10,24 day ahead inc hosp,2021-06-03,quantile,0.15,99.6586816490588
06,2021-05-10,24 day ahead inc hosp,2021-06-03,quantile,0.2,116.4617513673269
06,2021-05-10,24 day ahead inc hosp,2021-06-03,quantile,0.25,129.9289694660232
06,2021-05-10,24 day ahead inc hosp,2021-06-03,quantile,0.3,142.82604195059204
06,2021-05-10,24 day ahead inc hosp,2021-06-03,quantile,0.35,152.6927295486002
06,2021-05-10,24 day ahead inc hosp,2021-06-03,quantile,0.4,166.4200649813154
06,2021-05-10,24 day ahead inc hosp,2021-06-03,quantile,0.45,179.88034705582166
06,2021-05-10,24 day ahead inc hosp,2021-06-03,quantile,0.5,194.13026766478907
06,2021-05-10,24 day ahead inc hosp,2021-06-03,quantile,0.55,208.740651370314
06,2021-05-10,24 day ahead inc hosp,2021-06-03,quantile,0.6,225.17831013028936
06,2021-05-10,24 day ahead inc hosp,2021-06-03,quantile,0.65,242.59883302823616
06,2021-05-10,24 day ahead inc hosp,2021-06-03,quantile,0.7,256.94429628931545
06,2021-05-10,24 day ahead inc hosp,2021-06-03,quantile,0.75,279.9689894468953
06,2021-05-10,24 day ahead inc hosp,2021-06-03,quantile,0.8,304.66736737615696
06,2021-05-10,24 day ahead inc hosp,2021-06-03,quantile,0.85,342.88402881242513
06,2021-05-10,24 day ahead inc hosp,2021-06-03,quantile,0.9,394.5420283247085
06,2021-05-10,24 day ahead inc hosp,2021-06-03,quantile,0.95,487.87626569618095
06,2021-05-10,24 day ahead inc hosp,2021-06-03,quantile,0.975,581.9276383036728
06,2021-05-10,24 day ahead inc hosp,2021-06-03,quantile,0.99,638.4203658349638
06,2021-05-10,25 day ahead inc hosp,2021-06-04,quantile,0.01,34.66604297641092
06,2021-05-10,25 day ahead inc hosp,2021-06-04,quantile,0.025,44.7479821050224
06,2021-05-10,25 day ahead inc hosp,2021-06-04,quantile,0.05,56.140547946186075
06,2021-05-10,25 day ahead inc hosp,2021-06-04,quantile,0.1,79.98586189799278
06,2021-05-10,25 day ahead inc hosp,2021-06-04,quantile,0.15,99.3920441750164
06,2021-05-10,25 day ahead inc hosp,2021-06-04,quantile,0.2,114.34349692189019
06,2021-05-10,25 day ahead inc hosp,2021-06-04,quantile,0.25,128.70947949096046
06,2021-05-10,25 day ahead inc hosp,2021-06-04,quantile,0.3,139.567160918859
06,2021-05-10,25 day ahead inc hosp,2021-06-04,quantile,0.35,154.79798497495804
06,2021-05-10,25 day ahead inc hosp,2021-06-04,quantile,0.4,164.99167182263986
06,2021-05-10,25 day ahead inc hosp,2021-06-04,quantile,0.45,179.6465223398925
06,2021-05-10,25 day ahead inc hosp,2021-06-04,quantile,0.5,193.7260047795902
06,2021-05-10,25 day ahead inc hosp,2021-06-04,quantile,0.55,212.16914349185345
06,2021-05-10,25 day ahead inc hosp,2021-06-04,quantile,0.6,225.49121198683784
06,2021-05-10,25 day ahead inc hosp,2021-06-04,quantile,0.65,245.69239299197287
06,2021-05-10,25 day ahead inc hosp,2021-06-04,quantile,0.7,262.2709842964312
06,2021-05-10,25 day ahead inc hosp,2021-06-04,quantile,0.75,284.1369670731337
06,2021-05-10,25 day ahead inc hosp,2021-06-04,quantile,0.8,310.6519138999825
06,2021-05-10,25 day ahead inc hosp,2021-06-04,quantile,0.85,347.0752382827745
06,2021-05-10,25 day ahead inc hosp,2021-06-04,quantile,0.9,403.44939063398294
06,2021-05-10,25 day ahead inc hosp,2021-06-04,quantile,0.95,503.0420818945921
06,2021-05-10,25 day ahead inc hosp,2021-06-04,quantile,0.975,600.8273931885444
06,2021-05-10,25 day ahead inc hosp,2021-06-04,quantile,0.99,663.4626610399474
06,2021-05-10,26 day ahead inc hosp,2021-06-05,quantile,0.01,29.378893537605236
06,2021-05-10,26 day ahead inc hosp,2021-06-05,quantile,0.025,40.57762493664675
06,2021-05-10,26 day ahead inc hosp,2021-06-05,quantile,0.05,55.646703726194865
06,2021-05-10,26 day ahead inc hosp,2021-06-05,quantile,0.1,76.33900104777062
06,2021-05-10,26 day ahead inc hosp,2021-06-05,quantile,0.15,96.29327915996181
06,2021-05-10,26 day ahead inc hosp,2021-06-05,quantile,0.2,112.18289253228247
06,2021-05-10,26 day ahead inc hosp,2021-06-05,quantile,0.25,125.86287489575395
06,2021-05-10,26 day ahead inc hosp,2021-06-05,quantile,0.3,143.69503765132788
06,2021-05-10,26 day ahead inc hosp,2021-06-05,quantile,0.35,155.73971563411675
06,2021-05-10,26 day ahead inc hosp,2021-06-05,quantile,0.4,168.0468091999393
06,2021-05-10,26 day ahead inc hosp,2021-06-05,quantile,0.45,180.1357990902237
06,2021-05-10,26 day ahead inc hosp,2021-06-05,quantile,0.5,194.500315058733
06,2021-05-10,26 day ahead inc hosp,2021-06-05,quantile,0.55,208.27974566153014
06,2021-05-10,26 day ahead inc hosp,2021-06-05,quantile,0.6,224.91019775278468
06,2021-05-10,26 day ahead inc hosp,2021-06-05,quantile,0.65,244.98346762532597
06,2021-05-10,26 day ahead inc hosp,2021-06-05,quantile,0.7,267.09784695588337
06,2021-05-10,26 day ahead inc hosp,2021-06-05,quantile,0.75,290.61639873055265
06,2021-05-10,26 day ahead inc hosp,2021-06-05,quantile,0.8,315.4301740507735
06,2021-05-10,26 day ahead inc hosp,2021-06-05,quantile,0.85,348.6209607304801
06,2021-05-10,26 day ahead inc hosp,2021-06-05,quantile,0.9,407.4661329044939
06,2021-05-10,26 day ahead inc hosp,2021-06-05,quantile,0.95,496.6195255208276
06,2021-05-10,26 day ahead inc hosp,2021-06-05,quantile,0.975,600.9070062649367
06,2021-05-10,26 day ahead inc hosp,2021-06-05,quantile,0.99,729.6932587367573
06,2021-05-10,27 day ahead inc hosp,2021-06-06,quantile,0.01,24.94803949903219
06,2021-05-10,27 day ahead inc hosp,2021-06-06,quantile,0.025,37.73589005151455
06,2021-05-10,27 day ahead inc hosp,2021-06-06,quantile,0.05,51.19452796525995
06,2021-05-10,27 day ahead inc hosp,2021-06-06,quantile,0.1,76.10604339347172
06,2021-05-10,27 day ahead inc hosp,2021-06-06,quantile,0.15,95.44770626449572
06,2021-05-10,27 day ahead inc hosp,2021-06-06,quantile,0.2,109.78691921979971
06,2021-05-10,27 day ahead inc hosp,2021-06-06,quantile,0.25,123.8149284624109
06,2021-05-10,27 day ahead inc hosp,2021-06-06,quantile,0.3,139.34653740785063
06,2021-05-10,27 day ahead inc hosp,2021-06-06,quantile,0.35,155.212064960664
06,2021-05-10,27 day ahead inc hosp,2021-06-06,quantile,0.4,171.77358666757092
06,2021-05-10,27 day ahead inc hosp,2021-06-06,quantile,0.45,184.56709538914055
06,2021-05-10,27 day ahead inc hosp,2021-06-06,quantile,0.5,198.08610450556014
06,2021-05-10,27 day ahead inc hosp,2021-06-06,quantile,0.55,214.03573084968912
06,2021-05-10,27 day ahead inc hosp,2021-06-06,quantile,0.6,231.65937699012082
06,2021-05-10,27 day ahead inc hosp,2021-06-06,quantile,0.65,247.0517895522551
06,2021-05-10,27 day ahead inc hosp,2021-06-06,quantile,0.7,266.0816102948321
06,2021-05-10,27 day ahead inc hosp,2021-06-06,quantile,0.75,291.40814102768485
06,2021-05-10,27 day ahead inc hosp,2021-06-06,quantile,0.8,321.45588239687146
06,2021-05-10,27 day ahead inc hosp,2021-06-06,quantile,0.85,361.000581575104
06,2021-05-10,27 day ahead inc hosp,2021-06-06,quantile,0.9,410.2747772305963
06,2021-05-10,27 day ahead inc hosp,2021-06-06,quantile,0.95,504.2516973537655
06,2021-05-10,27 day ahead inc hosp,2021-06-06,quantile,0.975,598.7137121277576
06,2021-05-10,27 day ahead inc hosp,2021-06-06,quantile,0.99,729.6400423685933
06,2021-05-10,28 day ahead inc hosp,2021-06-07,quantile,0.01,25.888431103137005
06,2021-05-10,28 day ahead inc hosp,2021-06-07,quantile,0.025,38.33973592095361
06,2021-05-10,28 day ahead inc hosp,2021-06-07,quantile,0.05,49.11202756880384
06,2021-05-10,28 day ahead inc hosp,2021-06-07,quantile,0.1,73.01653811721148
06,2021-05-10,28 day ahead inc hosp,2021-06-07,quantile,0.15,93.49954431495048
06,2021-05-10,28 day ahead inc hosp,2021-06-07,quantile,0.2,108.26449054799089
06,2021-05-10,28 day ahead inc hosp,2021-06-07,quantile,0.25,123.09897335879111
06,2021-05-10,28 day ahead inc hosp,2021-06-07,quantile,0.3,137.45061551713297
06,2021-05-10,28 day ahead inc hosp,2021-06-07,quantile,0.35,150.2455076003703
06,2021-05-10,28 day ahead inc hosp,2021-06-07,quantile,0.4,165.1571146332082
06,2021-05-10,28 day ahead inc hosp,2021-06-07,quantile,0.45,179.335658427849
06,2021-05-10,28 day ahead inc hosp,2021-06-07,quantile,0.5,195.68528835326214
06,2021-05-10,28 day ahead inc hosp,2021-06-07,quantile,0.55,212.93056290740313
06,2021-05-10,28 day ahead inc hosp,2021-06-07,quantile,0.6,228.87243671105887
06,2021-05-10,28 day ahead inc hosp,2021-06-07,quantile,0.65,246.04793137830512
06,2021-05-10,28 day ahead inc hosp,2021-06-07,quantile,0.7,266.18699299120726
06,2021-05-10,28 day ahead inc hosp,2021-06-07,quantile,0.75,292.5488425920554
06,2021-05-10,28 day ahead inc hosp,2021-06-07,quantile,0.8,323.47163963201876
06,2021-05-10,28 day ahead inc hosp,2021-06-07,quantile,0.85,360.6306683206965
06,2021-05-10,28 day ahead inc hosp,2021-06-07,quantile,0.9,406.866614592877
06,2021-05-10,28 day ahead inc hosp,2021-06-07,quantile,0.95,507.1950043685862
06,2021-05-10,28 day ahead inc hosp,2021-06-07,quantile,0.975,614.881533326708
06,2021-05-10,28 day ahead inc hosp,2021-06-07,quantile,0.99,720.4757064486472
