location,forecast_date,target,target_end_date,type,quantile,value
25,2021-04-26,1 day ahead inc hosp,2021-04-27,quantile,0.01,56.397807279570884
25,2021-04-26,1 day ahead inc hosp,2021-04-27,quantile,0.025,60.68104353220366
25,2021-04-26,1 day ahead inc hosp,2021-04-27,quantile,0.05,64.44158128652657
25,2021-04-26,1 day ahead inc hosp,2021-04-27,quantile,0.1,67.62603998769544
25,2021-04-26,1 day ahead inc hosp,2021-04-27,quantile,0.15,70.91513584250488
25,2021-04-26,1 day ahead inc hosp,2021-04-27,quantile,0.2,73.19212587128422
25,2021-04-26,1 day ahead inc hosp,2021-04-27,quantile,0.25,75.54529969282792
25,2021-04-26,1 day ahead inc hosp,2021-04-27,quantile,0.3,77.57584867390499
25,2021-04-26,1 day ahead inc hosp,2021-04-27,quantile,0.35,79.25805424237893
25,2021-04-26,1 day ahead inc hosp,2021-04-27,quantile,0.4,81.19910851072369
25,2021-04-26,1 day ahead inc hosp,2021-04-27,quantile,0.45,83.18391531876345
25,2021-04-26,1 day ahead inc hosp,2021-04-27,quantile,0.5,85.24689887971437
25,2021-04-26,1 day ahead inc hosp,2021-04-27,quantile,0.55,87.71334680191758
25,2021-04-26,1 day ahead inc hosp,2021-04-27,quantile,0.6,89.83831901275356
25,2021-04-26,1 day ahead inc hosp,2021-04-27,quantile,0.65,92.02922471317267
25,2021-04-26,1 day ahead inc hosp,2021-04-27,quantile,0.7,94.261418666768
25,2021-04-26,1 day ahead inc hosp,2021-04-27,quantile,0.75,96.77638845561988
25,2021-04-26,1 day ahead inc hosp,2021-04-27,quantile,0.8,99.23348636082288
25,2021-04-26,1 day ahead inc hosp,2021-04-27,quantile,0.85,103.31698489427369
25,2021-04-26,1 day ahead inc hosp,2021-04-27,quantile,0.9,108.07503083682356
25,2021-04-26,1 day ahead inc hosp,2021-04-27,quantile,0.95,115.00803420219013
25,2021-04-26,1 day ahead inc hosp,2021-04-27,quantile,0.975,122.1103205370377
25,2021-04-26,1 day ahead inc hosp,2021-04-27,quantile,0.99,135.1616900791278
25,2021-04-26,2 day ahead inc hosp,2021-04-28,quantile,0.01,44.38495427101198
25,2021-04-26,2 day ahead inc hosp,2021-04-28,quantile,0.025,50.73694945711454
25,2021-04-26,2 day ahead inc hosp,2021-04-28,quantile,0.05,54.62920670283801
25,2021-04-26,2 day ahead inc hosp,2021-04-28,quantile,0.1,58.48113481859522
25,2021-04-26,2 day ahead inc hosp,2021-04-28,quantile,0.15,61.802609266814045
25,2021-04-26,2 day ahead inc hosp,2021-04-28,quantile,0.2,64.23484430224202
25,2021-04-26,2 day ahead inc hosp,2021-04-28,quantile,0.25,66.62243602578377
25,2021-04-26,2 day ahead inc hosp,2021-04-28,quantile,0.3,68.4527780292623
25,2021-04-26,2 day ahead inc hosp,2021-04-28,quantile,0.35,70.29778825283827
25,2021-04-26,2 day ahead inc hosp,2021-04-28,quantile,0.4,72.49032573874679
25,2021-04-26,2 day ahead inc hosp,2021-04-28,quantile,0.45,74.34449388337693
25,2021-04-26,2 day ahead inc hosp,2021-04-28,quantile,0.5,76.20683101576412
25,2021-04-26,2 day ahead inc hosp,2021-04-28,quantile,0.55,78.11124661620204
25,2021-04-26,2 day ahead inc hosp,2021-04-28,quantile,0.6,79.92020872083378
25,2021-04-26,2 day ahead inc hosp,2021-04-28,quantile,0.65,81.94919964487435
25,2021-04-26,2 day ahead inc hosp,2021-04-28,quantile,0.7,83.88248272758264
25,2021-04-26,2 day ahead inc hosp,2021-04-28,quantile,0.75,86.54446610268745
25,2021-04-26,2 day ahead inc hosp,2021-04-28,quantile,0.8,90.19503200245448
25,2021-04-26,2 day ahead inc hosp,2021-04-28,quantile,0.85,93.30119443955644
25,2021-04-26,2 day ahead inc hosp,2021-04-28,quantile,0.9,97.51565794489011
25,2021-04-26,2 day ahead inc hosp,2021-04-28,quantile,0.95,104.56305615220995
25,2021-04-26,2 day ahead inc hosp,2021-04-28,quantile,0.975,111.9097732978541
25,2021-04-26,2 day ahead inc hosp,2021-04-28,quantile,0.99,117.17179654012658
25,2021-04-26,3 day ahead inc hosp,2021-04-29,quantile,0.01,51.12947161306392
25,2021-04-26,3 day ahead inc hosp,2021-04-29,quantile,0.025,55.68894409859472
25,2021-04-26,3 day ahead inc hosp,2021-04-29,quantile,0.05,60.30080826121748
25,2021-04-26,3 day ahead inc hosp,2021-04-29,quantile,0.1,65.03696941281645
25,2021-04-26,3 day ahead inc hosp,2021-04-29,quantile,0.15,68.63287704879397
25,2021-04-26,3 day ahead inc hosp,2021-04-29,quantile,0.2,71.10790196093974
25,2021-04-26,3 day ahead inc hosp,2021-04-29,quantile,0.25,73.57114165349351
25,2021-04-26,3 day ahead inc hosp,2021-04-29,quantile,0.3,76.04770906554644
25,2021-04-26,3 day ahead inc hosp,2021-04-29,quantile,0.35,78.4896578109822
25,2021-04-26,3 day ahead inc hosp,2021-04-29,quantile,0.4,80.34605721399201
25,2021-04-26,3 day ahead inc hosp,2021-04-29,quantile,0.45,82.49760169382861
25,2021-04-26,3 day ahead inc hosp,2021-04-29,quantile,0.5,85.07362800937311
25,2021-04-26,3 day ahead inc hosp,2021-04-29,quantile,0.55,86.84955091169313
25,2021-04-26,3 day ahead inc hosp,2021-04-29,quantile,0.6,88.77824485261213
25,2021-04-26,3 day ahead inc hosp,2021-04-29,quantile,0.65,90.76945534137512
25,2021-04-26,3 day ahead inc hosp,2021-04-29,quantile,0.7,93.79754307851766
25,2021-04-26,3 day ahead inc hosp,2021-04-29,quantile,0.75,96.62366996531551
25,2021-04-26,3 day ahead inc hosp,2021-04-29,quantile,0.8,99.25319503176193
25,2021-04-26,3 day ahead inc hosp,2021-04-29,quantile,0.85,102.93151879307868
25,2021-04-26,3 day ahead inc hosp,2021-04-29,quantile,0.9,108.1306872719407
25,2021-04-26,3 day ahead inc hosp,2021-04-29,quantile,0.95,116.96086758810743
25,2021-04-26,3 day ahead inc hosp,2021-04-29,quantile,0.975,123.9292550127654
25,2021-04-26,3 day ahead inc hosp,2021-04-29,quantile,0.99,131.5605565418035
25,2021-04-26,4 day ahead inc hosp,2021-04-30,quantile,0.01,47.46597743443445
25,2021-04-26,4 day ahead inc hosp,2021-04-30,quantile,0.025,51.69588234639132
25,2021-04-26,4 day ahead inc hosp,2021-04-30,quantile,0.05,57.622024864710916
25,2021-04-26,4 day ahead inc hosp,2021-04-30,quantile,0.1,63.47511902998189
25,2021-04-26,4 day ahead inc hosp,2021-04-30,quantile,0.15,66.6601571988529
25,2021-04-26,4 day ahead inc hosp,2021-04-30,quantile,0.2,69.4761528952182
25,2021-04-26,4 day ahead inc hosp,2021-04-30,quantile,0.25,71.72062761447602
25,2021-04-26,4 day ahead inc hosp,2021-04-30,quantile,0.3,74.28693254728688
25,2021-04-26,4 day ahead inc hosp,2021-04-30,quantile,0.35,76.23145893968764
25,2021-04-26,4 day ahead inc hosp,2021-04-30,quantile,0.4,78.4864779476032
25,2021-04-26,4 day ahead inc hosp,2021-04-30,quantile,0.45,80.57234088714638
25,2021-04-26,4 day ahead inc hosp,2021-04-30,quantile,0.5,82.54972084755312
25,2021-04-26,4 day ahead inc hosp,2021-04-30,quantile,0.55,84.57503601272346
25,2021-04-26,4 day ahead inc hosp,2021-04-30,quantile,0.6,86.91447712301256
25,2021-04-26,4 day ahead inc hosp,2021-04-30,quantile,0.65,89.29203212448895
25,2021-04-26,4 day ahead inc hosp,2021-04-30,quantile,0.7,91.57462018385085
25,2021-04-26,4 day ahead inc hosp,2021-04-30,quantile,0.75,94.46632014854013
25,2021-04-26,4 day ahead inc hosp,2021-04-30,quantile,0.8,97.17533037111812
25,2021-04-26,4 day ahead inc hosp,2021-04-30,quantile,0.85,100.52277751035064
25,2021-04-26,4 day ahead inc hosp,2021-04-30,quantile,0.9,105.5166507355554
25,2021-04-26,4 day ahead inc hosp,2021-04-30,quantile,0.95,113.60357747439559
25,2021-04-26,4 day ahead inc hosp,2021-04-30,quantile,0.975,119.62222212148852
25,2021-04-26,4 day ahead inc hosp,2021-04-30,quantile,0.99,131.17399402843893
25,2021-04-26,5 day ahead inc hosp,2021-05-01,quantile,0.01,33.105039439678684
25,2021-04-26,5 day ahead inc hosp,2021-05-01,quantile,0.025,36.550724069430544
25,2021-04-26,5 day ahead inc hosp,2021-05-01,quantile,0.05,40.55860964746391
25,2021-04-26,5 day ahead inc hosp,2021-05-01,quantile,0.1,45.055532560753235
25,2021-04-26,5 day ahead inc hosp,2021-05-01,quantile,0.15,47.08427758133497
25,2021-04-26,5 day ahead inc hosp,2021-05-01,quantile,0.2,49.39002293619859
25,2021-04-26,5 day ahead inc hosp,2021-05-01,quantile,0.25,51.05974829570973
25,2021-04-26,5 day ahead inc hosp,2021-05-01,quantile,0.3,53.19727076672269
25,2021-04-26,5 day ahead inc hosp,2021-05-01,quantile,0.35,55.06775069323883
25,2021-04-26,5 day ahead inc hosp,2021-05-01,quantile,0.4,56.81080730677242
25,2021-04-26,5 day ahead inc hosp,2021-05-01,quantile,0.45,58.51674990168437
25,2021-04-26,5 day ahead inc hosp,2021-05-01,quantile,0.5,60.164636810490535
25,2021-04-26,5 day ahead inc hosp,2021-05-01,quantile,0.55,61.48471714033598
25,2021-04-26,5 day ahead inc hosp,2021-05-01,quantile,0.6,62.98678925189907
25,2021-04-26,5 day ahead inc hosp,2021-05-01,quantile,0.65,65.09153231697024
25,2021-04-26,5 day ahead inc hosp,2021-05-01,quantile,0.7,67.36452211358545
25,2021-04-26,5 day ahead inc hosp,2021-05-01,quantile,0.75,69.45730772192232
25,2021-04-26,5 day ahead inc hosp,2021-05-01,quantile,0.8,72.02373101981067
25,2021-04-26,5 day ahead inc hosp,2021-05-01,quantile,0.85,75.23441772890517
25,2021-04-26,5 day ahead inc hosp,2021-05-01,quantile,0.9,79.30820004770986
25,2021-04-26,5 day ahead inc hosp,2021-05-01,quantile,0.95,85.09571786292085
25,2021-04-26,5 day ahead inc hosp,2021-05-01,quantile,0.975,90.21084515252782
25,2021-04-26,5 day ahead inc hosp,2021-05-01,quantile,0.99,95.84227514408026
25,2021-04-26,6 day ahead inc hosp,2021-05-02,quantile,0.01,37.80965527809993
25,2021-04-26,6 day ahead inc hosp,2021-05-02,quantile,0.025,42.368485614931316
25,2021-04-26,6 day ahead inc hosp,2021-05-02,quantile,0.05,46.753127067716356
25,2021-04-26,6 day ahead inc hosp,2021-05-02,quantile,0.1,52.1485943964051
25,2021-04-26,6 day ahead inc hosp,2021-05-02,quantile,0.15,55.13951623041194
25,2021-04-26,6 day ahead inc hosp,2021-05-02,quantile,0.2,58.016042610566316
25,2021-04-26,6 day ahead inc hosp,2021-05-02,quantile,0.25,60.53941714601932
25,2021-04-26,6 day ahead inc hosp,2021-05-02,quantile,0.3,62.54297209046704
25,2021-04-26,6 day ahead inc hosp,2021-05-02,quantile,0.35,64.52251887280961
25,2021-04-26,6 day ahead inc hosp,2021-05-02,quantile,0.4,66.24107403899377
25,2021-04-26,6 day ahead inc hosp,2021-05-02,quantile,0.45,68.13439242442766
25,2021-04-26,6 day ahead inc hosp,2021-05-02,quantile,0.5,69.75460825197588
25,2021-04-26,6 day ahead inc hosp,2021-05-02,quantile,0.55,72.29852763082584
25,2021-04-26,6 day ahead inc hosp,2021-05-02,quantile,0.6,73.82232440895379
25,2021-04-26,6 day ahead inc hosp,2021-05-02,quantile,0.65,75.76481372053959
25,2021-04-26,6 day ahead inc hosp,2021-05-02,quantile,0.7,78.03377013338421
25,2021-04-26,6 day ahead inc hosp,2021-05-02,quantile,0.75,80.72972825736221
25,2021-04-26,6 day ahead inc hosp,2021-05-02,quantile,0.8,82.77996678850153
25,2021-04-26,6 day ahead inc hosp,2021-05-02,quantile,0.85,85.83466984991392
25,2021-04-26,6 day ahead inc hosp,2021-05-02,quantile,0.9,90.25376998518554
25,2021-04-26,6 day ahead inc hosp,2021-05-02,quantile,0.95,97.09008396054257
25,2021-04-26,6 day ahead inc hosp,2021-05-02,quantile,0.975,105.64106068811435
25,2021-04-26,6 day ahead inc hosp,2021-05-02,quantile,0.99,115.46904236343985
25,2021-04-26,7 day ahead inc hosp,2021-05-03,quantile,0.01,26.606738005386564
25,2021-04-26,7 day ahead inc hosp,2021-05-03,quantile,0.025,32.63863902859795
25,2021-04-26,7 day ahead inc hosp,2021-05-03,quantile,0.05,34.958870479048784
25,2021-04-26,7 day ahead inc hosp,2021-05-03,quantile,0.1,38.32496725714579
25,2021-04-26,7 day ahead inc hosp,2021-05-03,quantile,0.15,41.47649010563147
25,2021-04-26,7 day ahead inc hosp,2021-05-03,quantile,0.2,43.028661775871186
25,2021-04-26,7 day ahead inc hosp,2021-05-03,quantile,0.25,45.12596988439205
25,2021-04-26,7 day ahead inc hosp,2021-05-03,quantile,0.3,46.839977927388745
25,2021-04-26,7 day ahead inc hosp,2021-05-03,quantile,0.35,48.88075879658982
25,2021-04-26,7 day ahead inc hosp,2021-05-03,quantile,0.4,50.12705312461204
25,2021-04-26,7 day ahead inc hosp,2021-05-03,quantile,0.45,51.58990043593553
25,2021-04-26,7 day ahead inc hosp,2021-05-03,quantile,0.5,52.89075436089506
25,2021-04-26,7 day ahead inc hosp,2021-05-03,quantile,0.55,54.63743969800688
25,2021-04-26,7 day ahead inc hosp,2021-05-03,quantile,0.6,56.21438009992821
25,2021-04-26,7 day ahead inc hosp,2021-05-03,quantile,0.65,58.003150688271795
25,2021-04-26,7 day ahead inc hosp,2021-05-03,quantile,0.7,59.465498331544275
25,2021-04-26,7 day ahead inc hosp,2021-05-03,quantile,0.75,61.61072765516875
25,2021-04-26,7 day ahead inc hosp,2021-05-03,quantile,0.8,63.79456037158154
25,2021-04-26,7 day ahead inc hosp,2021-05-03,quantile,0.85,67.05592432169455
25,2021-04-26,7 day ahead inc hosp,2021-05-03,quantile,0.9,72.02419199936742
25,2021-04-26,7 day ahead inc hosp,2021-05-03,quantile,0.95,78.34572687265123
25,2021-04-26,7 day ahead inc hosp,2021-05-03,quantile,0.975,84.49199329540608
25,2021-04-26,7 day ahead inc hosp,2021-05-03,quantile,0.99,90.79002826300353
25,2021-04-26,8 day ahead inc hosp,2021-05-04,quantile,0.01,34.307054883734516
25,2021-04-26,8 day ahead inc hosp,2021-05-04,quantile,0.025,38.12157659731477
25,2021-04-26,8 day ahead inc hosp,2021-05-04,quantile,0.05,44.74853002096825
25,2021-04-26,8 day ahead inc hosp,2021-05-04,quantile,0.1,50.34915182119087
25,2021-04-26,8 day ahead inc hosp,2021-05-04,quantile,0.15,53.93600638767757
25,2021-04-26,8 day ahead inc hosp,2021-05-04,quantile,0.2,56.38065812119543
25,2021-04-26,8 day ahead inc hosp,2021-05-04,quantile,0.25,59.57858877005251
25,2021-04-26,8 day ahead inc hosp,2021-05-04,quantile,0.3,62.46284314120869
25,2021-04-26,8 day ahead inc hosp,2021-05-04,quantile,0.35,65.77605308316483
25,2021-04-26,8 day ahead inc hosp,2021-05-04,quantile,0.4,68.49324214126695
25,2021-04-26,8 day ahead inc hosp,2021-05-04,quantile,0.45,70.65467505834577
25,2021-04-26,8 day ahead inc hosp,2021-05-04,quantile,0.5,73.0479456635087
25,2021-04-26,8 day ahead inc hosp,2021-05-04,quantile,0.55,75.74552462292569
25,2021-04-26,8 day ahead inc hosp,2021-05-04,quantile,0.6,78.43888341863813
25,2021-04-26,8 day ahead inc hosp,2021-05-04,quantile,0.65,81.25186651776626
25,2021-04-26,8 day ahead inc hosp,2021-05-04,quantile,0.7,85.25517834281784
25,2021-04-26,8 day ahead inc hosp,2021-05-04,quantile,0.75,88.83103716440549
25,2021-04-26,8 day ahead inc hosp,2021-05-04,quantile,0.8,93.349694412939
25,2021-04-26,8 day ahead inc hosp,2021-05-04,quantile,0.85,98.43888353098691
25,2021-04-26,8 day ahead inc hosp,2021-05-04,quantile,0.9,106.84837666060098
25,2021-04-26,8 day ahead inc hosp,2021-05-04,quantile,0.95,118.60007400430145
25,2021-04-26,8 day ahead inc hosp,2021-05-04,quantile,0.975,129.28637302270585
25,2021-04-26,8 day ahead inc hosp,2021-05-04,quantile,0.99,147.15471184104203
25,2021-04-26,9 day ahead inc hosp,2021-05-05,quantile,0.01,28.27011195779882
25,2021-04-26,9 day ahead inc hosp,2021-05-05,quantile,0.025,33.1123450117866
25,2021-04-26,9 day ahead inc hosp,2021-05-05,quantile,0.05,37.6513175061907
25,2021-04-26,9 day ahead inc hosp,2021-05-05,quantile,0.1,42.95399776730508
25,2021-04-26,9 day ahead inc hosp,2021-05-05,quantile,0.15,46.28554435909713
25,2021-04-26,9 day ahead inc hosp,2021-05-05,quantile,0.2,49.95257750690347
25,2021-04-26,9 day ahead inc hosp,2021-05-05,quantile,0.25,53.07162468459007
25,2021-04-26,9 day ahead inc hosp,2021-05-05,quantile,0.3,55.9150554678581
25,2021-04-26,9 day ahead inc hosp,2021-05-05,quantile,0.35,58.33256526074071
25,2021-04-26,9 day ahead inc hosp,2021-05-05,quantile,0.4,60.71009882473838
25,2021-04-26,9 day ahead inc hosp,2021-05-05,quantile,0.45,63.89698077711314
25,2021-04-26,9 day ahead inc hosp,2021-05-05,quantile,0.5,66.54439993082943
25,2021-04-26,9 day ahead inc hosp,2021-05-05,quantile,0.55,69.01293145531848
25,2021-04-26,9 day ahead inc hosp,2021-05-05,quantile,0.6,71.96866739571526
25,2021-04-26,9 day ahead inc hosp,2021-05-05,quantile,0.65,75.24286248182516
25,2021-04-26,9 day ahead inc hosp,2021-05-05,quantile,0.7,78.54714633379753
25,2021-04-26,9 day ahead inc hosp,2021-05-05,quantile,0.75,81.93639710527502
25,2021-04-26,9 day ahead inc hosp,2021-05-05,quantile,0.8,85.57535933411079
25,2021-04-26,9 day ahead inc hosp,2021-05-05,quantile,0.85,90.88271524428792
25,2021-04-26,9 day ahead inc hosp,2021-05-05,quantile,0.9,98.36922818394453
25,2021-04-26,9 day ahead inc hosp,2021-05-05,quantile,0.95,108.83887331599637
25,2021-04-26,9 day ahead inc hosp,2021-05-05,quantile,0.975,118.7825786302631
25,2021-04-26,9 day ahead inc hosp,2021-05-05,quantile,0.99,128.7379423243968
25,2021-04-26,10 day ahead inc hosp,2021-05-06,quantile,0.01,31.614911820051052
25,2021-04-26,10 day ahead inc hosp,2021-05-06,quantile,0.025,38.78501610926777
25,2021-04-26,10 day ahead inc hosp,2021-05-06,quantile,0.05,43.57008429227567
25,2021-04-26,10 day ahead inc hosp,2021-05-06,quantile,0.1,48.78264835317679
25,2021-04-26,10 day ahead inc hosp,2021-05-06,quantile,0.15,52.70157751240311
25,2021-04-26,10 day ahead inc hosp,2021-05-06,quantile,0.2,57.24830216653051
25,2021-04-26,10 day ahead inc hosp,2021-05-06,quantile,0.25,60.14468957382373
25,2021-04-26,10 day ahead inc hosp,2021-05-06,quantile,0.3,62.85896156539564
25,2021-04-26,10 day ahead inc hosp,2021-05-06,quantile,0.35,65.83077728234646
25,2021-04-26,10 day ahead inc hosp,2021-05-06,quantile,0.4,68.75841308363891
25,2021-04-26,10 day ahead inc hosp,2021-05-06,quantile,0.45,71.35897552419858
25,2021-04-26,10 day ahead inc hosp,2021-05-06,quantile,0.5,74.23813217776912
25,2021-04-26,10 day ahead inc hosp,2021-05-06,quantile,0.55,77.7636901620261
25,2021-04-26,10 day ahead inc hosp,2021-05-06,quantile,0.6,81.0599621653994
25,2021-04-26,10 day ahead inc hosp,2021-05-06,quantile,0.65,84.13796755579831
25,2021-04-26,10 day ahead inc hosp,2021-05-06,quantile,0.7,87.7998305519301
25,2021-04-26,10 day ahead inc hosp,2021-05-06,quantile,0.75,91.89217136242848
25,2021-04-26,10 day ahead inc hosp,2021-05-06,quantile,0.8,96.57214527550887
25,2021-04-26,10 day ahead inc hosp,2021-05-06,quantile,0.85,102.3651799616985
25,2021-04-26,10 day ahead inc hosp,2021-05-06,quantile,0.9,109.39200634360768
25,2021-04-26,10 day ahead inc hosp,2021-05-06,quantile,0.95,120.24570504578537
25,2021-04-26,10 day ahead inc hosp,2021-05-06,quantile,0.975,133.4071014707935
25,2021-04-26,10 day ahead inc hosp,2021-05-06,quantile,0.99,146.98928847924492
25,2021-04-26,11 day ahead inc hosp,2021-05-07,quantile,0.01,29.88427247220101
25,2021-04-26,11 day ahead inc hosp,2021-05-07,quantile,0.025,36.40322312152212
25,2021-04-26,11 day ahead inc hosp,2021-05-07,quantile,0.05,40.189306846087476
25,2021-04-26,11 day ahead inc hosp,2021-05-07,quantile,0.1,47.40634478841135
25,2021-04-26,11 day ahead inc hosp,2021-05-07,quantile,0.15,51.314871205060925
25,2021-04-26,11 day ahead inc hosp,2021-05-07,quantile,0.2,54.82943453256807
25,2021-04-26,11 day ahead inc hosp,2021-05-07,quantile,0.25,57.88376622251142
25,2021-04-26,11 day ahead inc hosp,2021-05-07,quantile,0.3,61.17298867273842
25,2021-04-26,11 day ahead inc hosp,2021-05-07,quantile,0.35,64.81143892036151
25,2021-04-26,11 day ahead inc hosp,2021-05-07,quantile,0.4,67.56552062057139
25,2021-04-26,11 day ahead inc hosp,2021-05-07,quantile,0.45,70.788548944884
25,2021-04-26,11 day ahead inc hosp,2021-05-07,quantile,0.5,73.69035241865974
25,2021-04-26,11 day ahead inc hosp,2021-05-07,quantile,0.55,76.72198939367718
25,2021-04-26,11 day ahead inc hosp,2021-05-07,quantile,0.6,79.88011581988137
25,2021-04-26,11 day ahead inc hosp,2021-05-07,quantile,0.65,83.45523855494153
25,2021-04-26,11 day ahead inc hosp,2021-05-07,quantile,0.7,86.48582159377956
25,2021-04-26,11 day ahead inc hosp,2021-05-07,quantile,0.75,90.06973912835306
25,2021-04-26,11 day ahead inc hosp,2021-05-07,quantile,0.8,94.84489366507769
25,2021-04-26,11 day ahead inc hosp,2021-05-07,quantile,0.85,99.64495879328224
25,2021-04-26,11 day ahead inc hosp,2021-05-07,quantile,0.9,106.99045694385319
25,2021-04-26,11 day ahead inc hosp,2021-05-07,quantile,0.95,116.20864692750216
25,2021-04-26,11 day ahead inc hosp,2021-05-07,quantile,0.975,124.53601956491154
25,2021-04-26,11 day ahead inc hosp,2021-05-07,quantile,0.99,137.88596405624557
25,2021-04-26,12 day ahead inc hosp,2021-05-08,quantile,0.01,17.826448631660266
25,2021-04-26,12 day ahead inc hosp,2021-05-08,quantile,0.025,22.34310719773438
25,2021-04-26,12 day ahead inc hosp,2021-05-08,quantile,0.05,26.928096534277074
25,2021-04-26,12 day ahead inc hosp,2021-05-08,quantile,0.1,32.17074833571658
25,2021-04-26,12 day ahead inc hosp,2021-05-08,quantile,0.15,34.94079014527847
25,2021-04-26,12 day ahead inc hosp,2021-05-08,quantile,0.2,37.60526664264205
25,2021-04-26,12 day ahead inc hosp,2021-05-08,quantile,0.25,40.89875759314241
25,2021-04-26,12 day ahead inc hosp,2021-05-08,quantile,0.3,43.15488088895102
25,2021-04-26,12 day ahead inc hosp,2021-05-08,quantile,0.35,45.33356963774858
25,2021-04-26,12 day ahead inc hosp,2021-05-08,quantile,0.4,47.604327794729656
25,2021-04-26,12 day ahead inc hosp,2021-05-08,quantile,0.45,49.4928717923249
25,2021-04-26,12 day ahead inc hosp,2021-05-08,quantile,0.5,51.50070550925895
25,2021-04-26,12 day ahead inc hosp,2021-05-08,quantile,0.55,54.60578012332311
25,2021-04-26,12 day ahead inc hosp,2021-05-08,quantile,0.6,57.01011911677044
25,2021-04-26,12 day ahead inc hosp,2021-05-08,quantile,0.65,59.624428711515364
25,2021-04-26,12 day ahead inc hosp,2021-05-08,quantile,0.7,63.05268554691228
25,2021-04-26,12 day ahead inc hosp,2021-05-08,quantile,0.75,66.14398740559058
25,2021-04-26,12 day ahead inc hosp,2021-05-08,quantile,0.8,69.6990556377409
25,2021-04-26,12 day ahead inc hosp,2021-05-08,quantile,0.85,74.59772662942628
25,2021-04-26,12 day ahead inc hosp,2021-05-08,quantile,0.9,80.96946025857056
25,2021-04-26,12 day ahead inc hosp,2021-05-08,quantile,0.95,89.38292734292969
25,2021-04-26,12 day ahead inc hosp,2021-05-08,quantile,0.975,97.36681020041051
25,2021-04-26,12 day ahead inc hosp,2021-05-08,quantile,0.99,103.33167515760334
25,2021-04-26,13 day ahead inc hosp,2021-05-09,quantile,0.01,22.560865190874413
25,2021-04-26,13 day ahead inc hosp,2021-05-09,quantile,0.025,26.061303967099192
25,2021-04-26,13 day ahead inc hosp,2021-05-09,quantile,0.05,32.6419721481002
25,2021-04-26,13 day ahead inc hosp,2021-05-09,quantile,0.1,38.26583472605073
25,2021-04-26,13 day ahead inc hosp,2021-05-09,quantile,0.15,41.767290962788934
25,2021-04-26,13 day ahead inc hosp,2021-05-09,quantile,0.2,45.116311029069315
25,2021-04-26,13 day ahead inc hosp,2021-05-09,quantile,0.25,47.71159888675647
25,2021-04-26,13 day ahead inc hosp,2021-05-09,quantile,0.3,50.84812917190239
25,2021-04-26,13 day ahead inc hosp,2021-05-09,quantile,0.35,52.71542840199843
25,2021-04-26,13 day ahead inc hosp,2021-05-09,quantile,0.4,55.1811051787004
25,2021-04-26,13 day ahead inc hosp,2021-05-09,quantile,0.45,57.246742447034535
25,2021-04-26,13 day ahead inc hosp,2021-05-09,quantile,0.5,60.16697068672655
25,2021-04-26,13 day ahead inc hosp,2021-05-09,quantile,0.55,63.44455756190368
25,2021-04-26,13 day ahead inc hosp,2021-05-09,quantile,0.6,66.23126623888294
25,2021-04-26,13 day ahead inc hosp,2021-05-09,quantile,0.65,69.26365340836792
25,2021-04-26,13 day ahead inc hosp,2021-05-09,quantile,0.7,73.11274733487927
25,2021-04-26,13 day ahead inc hosp,2021-05-09,quantile,0.75,77.75905820565006
25,2021-04-26,13 day ahead inc hosp,2021-05-09,quantile,0.8,80.83450290727428
25,2021-04-26,13 day ahead inc hosp,2021-05-09,quantile,0.85,87.26012897743091
25,2021-04-26,13 day ahead inc hosp,2021-05-09,quantile,0.9,94.73521838178533
25,2021-04-26,13 day ahead inc hosp,2021-05-09,quantile,0.95,103.01820702520699
25,2021-04-26,13 day ahead inc hosp,2021-05-09,quantile,0.975,115.1671105973784
25,2021-04-26,13 day ahead inc hosp,2021-05-09,quantile,0.99,127.29349939918613
25,2021-04-26,14 day ahead inc hosp,2021-05-10,quantile,0.01,15.788071116598188
25,2021-04-26,14 day ahead inc hosp,2021-05-10,quantile,0.025,19.545561746627087
25,2021-04-26,14 day ahead inc hosp,2021-05-10,quantile,0.05,23.281017611053507
25,2021-04-26,14 day ahead inc hosp,2021-05-10,quantile,0.1,27.783751282786966
25,2021-04-26,14 day ahead inc hosp,2021-05-10,quantile,0.15,30.60735609550532
25,2021-04-26,14 day ahead inc hosp,2021-05-10,quantile,0.2,32.881334467821425
25,2021-04-26,14 day ahead inc hosp,2021-05-10,quantile,0.25,36.04361562818196
25,2021-04-26,14 day ahead inc hosp,2021-05-10,quantile,0.3,38.67442088751696
25,2021-04-26,14 day ahead inc hosp,2021-05-10,quantile,0.35,39.86656876739853
25,2021-04-26,14 day ahead inc hosp,2021-05-10,quantile,0.4,41.97877338738756
25,2021-04-26,14 day ahead inc hosp,2021-05-10,quantile,0.45,43.59799281543486
25,2021-04-26,14 day ahead inc hosp,2021-05-10,quantile,0.5,45.491688175405585
25,2021-04-26,14 day ahead inc hosp,2021-05-10,quantile,0.55,48.909173844531445
25,2021-04-26,14 day ahead inc hosp,2021-05-10,quantile,0.6,50.82489049812812
25,2021-04-26,14 day ahead inc hosp,2021-05-10,quantile,0.65,53.41759848933178
25,2021-04-26,14 day ahead inc hosp,2021-05-10,quantile,0.7,56.3247905678423
25,2021-04-26,14 day ahead inc hosp,2021-05-10,quantile,0.75,59.33604473764869
25,2021-04-26,14 day ahead inc hosp,2021-05-10,quantile,0.8,63.14690647092622
25,2021-04-26,14 day ahead inc hosp,2021-05-10,quantile,0.85,67.752015196151
25,2021-04-26,14 day ahead inc hosp,2021-05-10,quantile,0.9,74.2883693977248
25,2021-04-26,14 day ahead inc hosp,2021-05-10,quantile,0.95,87.02293317833148
25,2021-04-26,14 day ahead inc hosp,2021-05-10,quantile,0.975,96.63053174466442
25,2021-04-26,14 day ahead inc hosp,2021-05-10,quantile,0.99,108.68177151183194
25,2021-04-26,15 day ahead inc hosp,2021-05-11,quantile,0.01,20.38262726205922
25,2021-04-26,15 day ahead inc hosp,2021-05-11,quantile,0.025,27.423104621945658
25,2021-04-26,15 day ahead inc hosp,2021-05-11,quantile,0.05,31.771798442918342
25,2021-04-26,15 day ahead inc hosp,2021-05-11,quantile,0.1,37.98134352495333
25,2021-04-26,15 day ahead inc hosp,2021-05-11,quantile,0.15,42.283536109605514
25,2021-04-26,15 day ahead inc hosp,2021-05-11,quantile,0.2,45.288072292347096
25,2021-04-26,15 day ahead inc hosp,2021-05-11,quantile,0.25,48.87448390290641
25,2021-04-26,15 day ahead inc hosp,2021-05-11,quantile,0.3,52.13277602392203
25,2021-04-26,15 day ahead inc hosp,2021-05-11,quantile,0.35,55.22434693826587
25,2021-04-26,15 day ahead inc hosp,2021-05-11,quantile,0.4,59.35836239915322
25,2021-04-26,15 day ahead inc hosp,2021-05-11,quantile,0.45,62.4318659244839
25,2021-04-26,15 day ahead inc hosp,2021-05-11,quantile,0.5,65.31048800613159
25,2021-04-26,15 day ahead inc hosp,2021-05-11,quantile,0.55,69.40813261883115
25,2021-04-26,15 day ahead inc hosp,2021-05-11,quantile,0.6,73.12237955548454
25,2021-04-26,15 day ahead inc hosp,2021-05-11,quantile,0.65,77.05194114083513
25,2021-04-26,15 day ahead inc hosp,2021-05-11,quantile,0.7,81.11780173677734
25,2021-04-26,15 day ahead inc hosp,2021-05-11,quantile,0.75,85.92542656569577
25,2021-04-26,15 day ahead inc hosp,2021-05-11,quantile,0.8,91.189721900083
25,2021-04-26,15 day ahead inc hosp,2021-05-11,quantile,0.85,98.99453962196165
25,2021-04-26,15 day ahead inc hosp,2021-05-11,quantile,0.9,108.63104370953195
25,2021-04-26,15 day ahead inc hosp,2021-05-11,quantile,0.95,124.25984780775414
25,2021-04-26,15 day ahead inc hosp,2021-05-11,quantile,0.975,141.51855224950563
25,2021-04-26,15 day ahead inc hosp,2021-05-11,quantile,0.99,154.31663226186674
25,2021-04-26,16 day ahead inc hosp,2021-05-12,quantile,0.01,18.967403336787694
25,2021-04-26,16 day ahead inc hosp,2021-05-12,quantile,0.025,21.46188064924756
25,2021-04-26,16 day ahead inc hosp,2021-05-12,quantile,0.05,24.807742935814826
25,2021-04-26,16 day ahead inc hosp,2021-05-12,quantile,0.1,32.023584481809245
25,2021-04-26,16 day ahead inc hosp,2021-05-12,quantile,0.15,36.292239611958784
25,2021-04-26,16 day ahead inc hosp,2021-05-12,quantile,0.2,40.585221468970005
25,2021-04-26,16 day ahead inc hosp,2021-05-12,quantile,0.25,44.3738224532106
25,2021-04-26,16 day ahead inc hosp,2021-05-12,quantile,0.3,47.74636268003957
25,2021-04-26,16 day ahead inc hosp,2021-05-12,quantile,0.35,50.30892727678273
25,2021-04-26,16 day ahead inc hosp,2021-05-12,quantile,0.4,52.54687653400216
25,2021-04-26,16 day ahead inc hosp,2021-05-12,quantile,0.45,55.71054654587716
25,2021-04-26,16 day ahead inc hosp,2021-05-12,quantile,0.5,58.842417496237566
25,2021-04-26,16 day ahead inc hosp,2021-05-12,quantile,0.55,61.6705285399695
25,2021-04-26,16 day ahead inc hosp,2021-05-12,quantile,0.6,65.64937640322292
25,2021-04-26,16 day ahead inc hosp,2021-05-12,quantile,0.65,70.31778592450651
25,2021-04-26,16 day ahead inc hosp,2021-05-12,quantile,0.7,74.09577623268234
25,2021-04-26,16 day ahead inc hosp,2021-05-12,quantile,0.75,80.39947405312441
25,2021-04-26,16 day ahead inc hosp,2021-05-12,quantile,0.8,85.63084899537029
25,2021-04-26,16 day ahead inc hosp,2021-05-12,quantile,0.85,92.5970762283616
25,2021-04-26,16 day ahead inc hosp,2021-05-12,quantile,0.9,101.15016620568754
25,2021-04-26,16 day ahead inc hosp,2021-05-12,quantile,0.95,113.5991414464442
25,2021-04-26,16 day ahead inc hosp,2021-05-12,quantile,0.975,125.98551249663785
25,2021-04-26,16 day ahead inc hosp,2021-05-12,quantile,0.99,144.73515367206983
25,2021-04-26,17 day ahead inc hosp,2021-05-13,quantile,0.01,17.644455300388607
25,2021-04-26,17 day ahead inc hosp,2021-05-13,quantile,0.025,25.990063425784243
25,2021-04-26,17 day ahead inc hosp,2021-05-13,quantile,0.05,31.585214803483957
25,2021-04-26,17 day ahead inc hosp,2021-05-13,quantile,0.1,37.15933520724169
25,2021-04-26,17 day ahead inc hosp,2021-05-13,quantile,0.15,42.51820194443536
25,2021-04-26,17 day ahead inc hosp,2021-05-13,quantile,0.2,46.48459579194516
25,2021-04-26,17 day ahead inc hosp,2021-05-13,quantile,0.25,49.557400598116615
25,2021-04-26,17 day ahead inc hosp,2021-05-13,quantile,0.3,51.77775106268058
25,2021-04-26,17 day ahead inc hosp,2021-05-13,quantile,0.35,55.26279244898539
25,2021-04-26,17 day ahead inc hosp,2021-05-13,quantile,0.4,59.40247064324177
25,2021-04-26,17 day ahead inc hosp,2021-05-13,quantile,0.45,62.725417640345775
25,2021-04-26,17 day ahead inc hosp,2021-05-13,quantile,0.5,65.9871181049257
25,2021-04-26,17 day ahead inc hosp,2021-05-13,quantile,0.55,69.92309140859892
25,2021-04-26,17 day ahead inc hosp,2021-05-13,quantile,0.6,73.73515452378156
25,2021-04-26,17 day ahead inc hosp,2021-05-13,quantile,0.65,77.8649031078043
25,2021-04-26,17 day ahead inc hosp,2021-05-13,quantile,0.7,82.74680893767683
25,2021-04-26,17 day ahead inc hosp,2021-05-13,quantile,0.75,88.51424034151303
25,2021-04-26,17 day ahead inc hosp,2021-05-13,quantile,0.8,94.02001938167923
25,2021-04-26,17 day ahead inc hosp,2021-05-13,quantile,0.85,103.28858873062379
25,2021-04-26,17 day ahead inc hosp,2021-05-13,quantile,0.9,114.20228076873843
25,2021-04-26,17 day ahead inc hosp,2021-05-13,quantile,0.95,130.07624750037002
25,2021-04-26,17 day ahead inc hosp,2021-05-13,quantile,0.975,141.7913446565551
25,2021-04-26,17 day ahead inc hosp,2021-05-13,quantile,0.99,157.3803864035684
25,2021-04-26,18 day ahead inc hosp,2021-05-14,quantile,0.01,18.366371148525392
25,2021-04-26,18 day ahead inc hosp,2021-05-14,quantile,0.025,23.00517075909615
25,2021-04-26,18 day ahead inc hosp,2021-05-14,quantile,0.05,26.19117425065168
25,2021-04-26,18 day ahead inc hosp,2021-05-14,quantile,0.1,33.62794595188595
25,2021-04-26,18 day ahead inc hosp,2021-05-14,quantile,0.15,39.391363398443154
25,2021-04-26,18 day ahead inc hosp,2021-05-14,quantile,0.2,45.24608547080327
25,2021-04-26,18 day ahead inc hosp,2021-05-14,quantile,0.25,49.286355328041665
25,2021-04-26,18 day ahead inc hosp,2021-05-14,quantile,0.3,51.42774174811785
25,2021-04-26,18 day ahead inc hosp,2021-05-14,quantile,0.35,55.78426999636044
25,2021-04-26,18 day ahead inc hosp,2021-05-14,quantile,0.4,59.13508135583029
25,2021-04-26,18 day ahead inc hosp,2021-05-14,quantile,0.45,62.238793293341914
25,2021-04-26,18 day ahead inc hosp,2021-05-14,quantile,0.5,66.341879499761
25,2021-04-26,18 day ahead inc hosp,2021-05-14,quantile,0.55,70.22437899841657
25,2021-04-26,18 day ahead inc hosp,2021-05-14,quantile,0.6,74.31777122643047
25,2021-04-26,18 day ahead inc hosp,2021-05-14,quantile,0.65,79.09403850459127
25,2021-04-26,18 day ahead inc hosp,2021-05-14,quantile,0.7,83.04844405968034
25,2021-04-26,18 day ahead inc hosp,2021-05-14,quantile,0.75,88.51708566268427
25,2021-04-26,18 day ahead inc hosp,2021-05-14,quantile,0.8,94.23551794800285
25,2021-04-26,18 day ahead inc hosp,2021-05-14,quantile,0.85,101.01945805213009
25,2021-04-26,18 day ahead inc hosp,2021-05-14,quantile,0.9,111.62282388500228
25,2021-04-26,18 day ahead inc hosp,2021-05-14,quantile,0.95,128.03326545524172
25,2021-04-26,18 day ahead inc hosp,2021-05-14,quantile,0.975,136.58253867677996
25,2021-04-26,18 day ahead inc hosp,2021-05-14,quantile,0.99,156.1742088955805
25,2021-04-26,19 day ahead inc hosp,2021-05-15,quantile,0.01,9.102076771111868
25,2021-04-26,19 day ahead inc hosp,2021-05-15,quantile,0.025,14.435991608989069
25,2021-04-26,19 day ahead inc hosp,2021-05-15,quantile,0.05,18.40115390080977
25,2021-04-26,19 day ahead inc hosp,2021-05-15,quantile,0.1,22.566186313085318
25,2021-04-26,19 day ahead inc hosp,2021-05-15,quantile,0.15,27.567795104626533
25,2021-04-26,19 day ahead inc hosp,2021-05-15,quantile,0.2,30.60583172305982
25,2021-04-26,19 day ahead inc hosp,2021-05-15,quantile,0.25,33.32433790809344
25,2021-04-26,19 day ahead inc hosp,2021-05-15,quantile,0.3,35.810189264965246
25,2021-04-26,19 day ahead inc hosp,2021-05-15,quantile,0.35,38.93807091254091
25,2021-04-26,19 day ahead inc hosp,2021-05-15,quantile,0.4,42.072744138019374
25,2021-04-26,19 day ahead inc hosp,2021-05-15,quantile,0.45,44.802977416498784
25,2021-04-26,19 day ahead inc hosp,2021-05-15,quantile,0.5,47.24503594360549
25,2021-04-26,19 day ahead inc hosp,2021-05-15,quantile,0.55,50.792305635450155
25,2021-04-26,19 day ahead inc hosp,2021-05-15,quantile,0.6,53.95413992559457
25,2021-04-26,19 day ahead inc hosp,2021-05-15,quantile,0.65,58.136858867665396
25,2021-04-26,19 day ahead inc hosp,2021-05-15,quantile,0.7,62.293768501643434
25,2021-04-26,19 day ahead inc hosp,2021-05-15,quantile,0.75,66.03957227313448
25,2021-04-26,19 day ahead inc hosp,2021-05-15,quantile,0.8,70.71685954425173
25,2021-04-26,19 day ahead inc hosp,2021-05-15,quantile,0.85,75.76813105178908
25,2021-04-26,19 day ahead inc hosp,2021-05-15,quantile,0.9,81.94987189291275
25,2021-04-26,19 day ahead inc hosp,2021-05-15,quantile,0.95,95.73728629667062
25,2021-04-26,19 day ahead inc hosp,2021-05-15,quantile,0.975,108.53260093369991
25,2021-04-26,19 day ahead inc hosp,2021-05-15,quantile,0.99,123.94924600375431
25,2021-04-26,20 day ahead inc hosp,2021-05-16,quantile,0.01,12.486156747974082
25,2021-04-26,20 day ahead inc hosp,2021-05-16,quantile,0.025,16.646694840533108
25,2021-04-26,20 day ahead inc hosp,2021-05-16,quantile,0.05,22.120630063900453
25,2021-04-26,20 day ahead inc hosp,2021-05-16,quantile,0.1,28.516728053367945
25,2021-04-26,20 day ahead inc hosp,2021-05-16,quantile,0.15,32.00613826205326
25,2021-04-26,20 day ahead inc hosp,2021-05-16,quantile,0.2,36.24524172119719
25,2021-04-26,20 day ahead inc hosp,2021-05-16,quantile,0.25,39.87846387574913
25,2021-04-26,20 day ahead inc hosp,2021-05-16,quantile,0.3,42.89715801612055
25,2021-04-26,20 day ahead inc hosp,2021-05-16,quantile,0.35,46.24943245167895
25,2021-04-26,20 day ahead inc hosp,2021-05-16,quantile,0.4,49.298788324849234
25,2021-04-26,20 day ahead inc hosp,2021-05-16,quantile,0.45,52.100370328307044
25,2021-04-26,20 day ahead inc hosp,2021-05-16,quantile,0.5,55.53742740057742
25,2021-04-26,20 day ahead inc hosp,2021-05-16,quantile,0.55,58.78871767061814
25,2021-04-26,20 day ahead inc hosp,2021-05-16,quantile,0.6,62.51857088363678
25,2021-04-26,20 day ahead inc hosp,2021-05-16,quantile,0.65,67.11461896819542
25,2021-04-26,20 day ahead inc hosp,2021-05-16,quantile,0.7,70.75507528246618
25,2021-04-26,20 day ahead inc hosp,2021-05-16,quantile,0.75,76.15039922678237
25,2021-04-26,20 day ahead inc hosp,2021-05-16,quantile,0.8,83.0698851983222
25,2021-04-26,20 day ahead inc hosp,2021-05-16,quantile,0.85,89.70210443109008
25,2021-04-26,20 day ahead inc hosp,2021-05-16,quantile,0.9,97.80220752364563
25,2021-04-26,20 day ahead inc hosp,2021-05-16,quantile,0.95,110.55737879954074
25,2021-04-26,20 day ahead inc hosp,2021-05-16,quantile,0.975,128.04057334676034
25,2021-04-26,20 day ahead inc hosp,2021-05-16,quantile,0.99,153.5967041672592
25,2021-04-26,21 day ahead inc hosp,2021-05-17,quantile,0.01,7.834547466500851
25,2021-04-26,21 day ahead inc hosp,2021-05-17,quantile,0.025,10.910157152645064
25,2021-04-26,21 day ahead inc hosp,2021-05-17,quantile,0.05,14.164181348112654
25,2021-04-26,21 day ahead inc hosp,2021-05-17,quantile,0.1,19.760134114147696
25,2021-04-26,21 day ahead inc hosp,2021-05-17,quantile,0.15,23.957956491706884
25,2021-04-26,21 day ahead inc hosp,2021-05-17,quantile,0.2,26.98727952079391
25,2021-04-26,21 day ahead inc hosp,2021-05-17,quantile,0.25,29.34098237033205
25,2021-04-26,21 day ahead inc hosp,2021-05-17,quantile,0.3,31.927913777265932
25,2021-04-26,21 day ahead inc hosp,2021-05-17,quantile,0.35,34.52480157650782
25,2021-04-26,21 day ahead inc hosp,2021-05-17,quantile,0.4,37.001825780147584
25,2021-04-26,21 day ahead inc hosp,2021-05-17,quantile,0.45,39.223192024080426
25,2021-04-26,21 day ahead inc hosp,2021-05-17,quantile,0.5,42.25237784369961
25,2021-04-26,21 day ahead inc hosp,2021-05-17,quantile,0.55,44.93691648074693
25,2021-04-26,21 day ahead inc hosp,2021-05-17,quantile,0.6,48.04696899347629
25,2021-04-26,21 day ahead inc hosp,2021-05-17,quantile,0.65,52.26202876839805
25,2021-04-26,21 day ahead inc hosp,2021-05-17,quantile,0.7,55.84121810585649
25,2021-04-26,21 day ahead inc hosp,2021-05-17,quantile,0.75,59.895504874091266
25,2021-04-26,21 day ahead inc hosp,2021-05-17,quantile,0.8,64.17249181051538
25,2021-04-26,21 day ahead inc hosp,2021-05-17,quantile,0.85,69.81715145542778
25,2021-04-26,21 day ahead inc hosp,2021-05-17,quantile,0.9,78.79561325650361
25,2021-04-26,21 day ahead inc hosp,2021-05-17,quantile,0.95,97.67080847006184
25,2021-04-26,21 day ahead inc hosp,2021-05-17,quantile,0.975,107.02754175227622
25,2021-04-26,21 day ahead inc hosp,2021-05-17,quantile,0.99,118.52404013309754
25,2021-04-26,22 day ahead inc hosp,2021-05-18,quantile,0.01,10.57721220244538
25,2021-04-26,22 day ahead inc hosp,2021-05-18,quantile,0.025,16.34705221304612
25,2021-04-26,22 day ahead inc hosp,2021-05-18,quantile,0.05,23.02295798854916
25,2021-04-26,22 day ahead inc hosp,2021-05-18,quantile,0.1,27.379525806920594
25,2021-04-26,22 day ahead inc hosp,2021-05-18,quantile,0.15,31.90349458392126
25,2021-04-26,22 day ahead inc hosp,2021-05-18,quantile,0.2,37.21156579089599
25,2021-04-26,22 day ahead inc hosp,2021-05-18,quantile,0.25,41.06162477621575
25,2021-04-26,22 day ahead inc hosp,2021-05-18,quantile,0.3,45.08208849068857
25,2021-04-26,22 day ahead inc hosp,2021-05-18,quantile,0.35,48.17858185681048
25,2021-04-26,22 day ahead inc hosp,2021-05-18,quantile,0.4,53.26724266467484
25,2021-04-26,22 day ahead inc hosp,2021-05-18,quantile,0.45,56.47299970416315
25,2021-04-26,22 day ahead inc hosp,2021-05-18,quantile,0.5,60.40920265491442
25,2021-04-26,22 day ahead inc hosp,2021-05-18,quantile,0.55,64.40990026984176
25,2021-04-26,22 day ahead inc hosp,2021-05-18,quantile,0.6,68.81961314141506
25,2021-04-26,22 day ahead inc hosp,2021-05-18,quantile,0.65,74.1839285769881
25,2021-04-26,22 day ahead inc hosp,2021-05-18,quantile,0.7,78.86455315100878
25,2021-04-26,22 day ahead inc hosp,2021-05-18,quantile,0.75,83.77792608817965
25,2021-04-26,22 day ahead inc hosp,2021-05-18,quantile,0.8,91.79593699116153
25,2021-04-26,22 day ahead inc hosp,2021-05-18,quantile,0.85,100.89882324857453
25,2021-04-26,22 day ahead inc hosp,2021-05-18,quantile,0.9,111.44609721699872
25,2021-04-26,22 day ahead inc hosp,2021-05-18,quantile,0.95,132.53787265147326
25,2021-04-26,22 day ahead inc hosp,2021-05-18,quantile,0.975,157.11697066735672
25,2021-04-26,22 day ahead inc hosp,2021-05-18,quantile,0.99,179.24494229930883
25,2021-04-26,23 day ahead inc hosp,2021-05-19,quantile,0.01,8.368695682746768
25,2021-04-26,23 day ahead inc hosp,2021-05-19,quantile,0.025,13.669720044470292
25,2021-04-26,23 day ahead inc hosp,2021-05-19,quantile,0.05,17.116821929415714
25,2021-04-26,23 day ahead inc hosp,2021-05-19,quantile,0.1,23.610632099939757
25,2021-04-26,23 day ahead inc hosp,2021-05-19,quantile,0.15,27.58250525184577
25,2021-04-26,23 day ahead inc hosp,2021-05-19,quantile,0.2,31.74577452560746
25,2021-04-26,23 day ahead inc hosp,2021-05-19,quantile,0.25,36.032123641103496
25,2021-04-26,23 day ahead inc hosp,2021-05-19,quantile,0.3,39.54819990800451
25,2021-04-26,23 day ahead inc hosp,2021-05-19,quantile,0.35,42.70316569289995
25,2021-04-26,23 day ahead inc hosp,2021-05-19,quantile,0.4,46.12264644856051
25,2021-04-26,23 day ahead inc hosp,2021-05-19,quantile,0.45,49.15719675315883
25,2021-04-26,23 day ahead inc hosp,2021-05-19,quantile,0.5,53.64096479660748
25,2021-04-26,23 day ahead inc hosp,2021-05-19,quantile,0.55,57.852009936115294
25,2021-04-26,23 day ahead inc hosp,2021-05-19,quantile,0.6,61.740663315615684
25,2021-04-26,23 day ahead inc hosp,2021-05-19,quantile,0.65,66.93056858699038
25,2021-04-26,23 day ahead inc hosp,2021-05-19,quantile,0.7,71.87503322452248
25,2021-04-26,23 day ahead inc hosp,2021-05-19,quantile,0.75,77.9688150665114
25,2021-04-26,23 day ahead inc hosp,2021-05-19,quantile,0.8,86.07935781242418
25,2021-04-26,23 day ahead inc hosp,2021-05-19,quantile,0.85,94.39306513774412
25,2021-04-26,23 day ahead inc hosp,2021-05-19,quantile,0.9,105.97996641291073
25,2021-04-26,23 day ahead inc hosp,2021-05-19,quantile,0.95,123.95407235790856
25,2021-04-26,23 day ahead inc hosp,2021-05-19,quantile,0.975,136.48948183177308
25,2021-04-26,23 day ahead inc hosp,2021-05-19,quantile,0.99,155.19080321831032
25,2021-04-26,24 day ahead inc hosp,2021-05-20,quantile,0.01,9.9936848092759
25,2021-04-26,24 day ahead inc hosp,2021-05-20,quantile,0.025,15.38799902451994
25,2021-04-26,24 day ahead inc hosp,2021-05-20,quantile,0.05,20.715022503214154
25,2021-04-26,24 day ahead inc hosp,2021-05-20,quantile,0.1,28.290870527688806
25,2021-04-26,24 day ahead inc hosp,2021-05-20,quantile,0.15,32.44106027542735
25,2021-04-26,24 day ahead inc hosp,2021-05-20,quantile,0.2,36.39579376403237
25,2021-04-26,24 day ahead inc hosp,2021-05-20,quantile,0.25,40.29880952356864
25,2021-04-26,24 day ahead inc hosp,2021-05-20,quantile,0.3,44.082501101174884
25,2021-04-26,24 day ahead inc hosp,2021-05-20,quantile,0.35,48.18441257794999
25,2021-04-26,24 day ahead inc hosp,2021-05-20,quantile,0.4,51.30179975469898
25,2021-04-26,24 day ahead inc hosp,2021-05-20,quantile,0.45,56.22409693277681
25,2021-04-26,24 day ahead inc hosp,2021-05-20,quantile,0.5,60.21120512177314
25,2021-04-26,24 day ahead inc hosp,2021-05-20,quantile,0.55,63.45440233042071
25,2021-04-26,24 day ahead inc hosp,2021-05-20,quantile,0.6,68.62274595313683
25,2021-04-26,24 day ahead inc hosp,2021-05-20,quantile,0.65,74.61268595569354
25,2021-04-26,24 day ahead inc hosp,2021-05-20,quantile,0.7,79.42841141660152
25,2021-04-26,24 day ahead inc hosp,2021-05-20,quantile,0.75,86.22899456447034
25,2021-04-26,24 day ahead inc hosp,2021-05-20,quantile,0.8,95.43522835132332
25,2021-04-26,24 day ahead inc hosp,2021-05-20,quantile,0.85,104.81193891100521
25,2021-04-26,24 day ahead inc hosp,2021-05-20,quantile,0.9,119.22712681129791
25,2021-04-26,24 day ahead inc hosp,2021-05-20,quantile,0.95,139.76367348175074
25,2021-04-26,24 day ahead inc hosp,2021-05-20,quantile,0.975,160.56292065357644
25,2021-04-26,24 day ahead inc hosp,2021-05-20,quantile,0.99,178.31859747740523
25,2021-04-26,25 day ahead inc hosp,2021-05-21,quantile,0.01,8.178122124202622
25,2021-04-26,25 day ahead inc hosp,2021-05-21,quantile,0.025,12.632419763964135
25,2021-04-26,25 day ahead inc hosp,2021-05-21,quantile,0.05,17.974447440576668
25,2021-04-26,25 day ahead inc hosp,2021-05-21,quantile,0.1,23.637659332193724
25,2021-04-26,25 day ahead inc hosp,2021-05-21,quantile,0.15,30.065018423965036
25,2021-04-26,25 day ahead inc hosp,2021-05-21,quantile,0.2,35.605104019132824
25,2021-04-26,25 day ahead inc hosp,2021-05-21,quantile,0.25,39.71683616013595
25,2021-04-26,25 day ahead inc hosp,2021-05-21,quantile,0.3,44.30900513847503
25,2021-04-26,25 day ahead inc hosp,2021-05-21,quantile,0.35,48.63476862129623
25,2021-04-26,25 day ahead inc hosp,2021-05-21,quantile,0.4,52.00103349119734
25,2021-04-26,25 day ahead inc hosp,2021-05-21,quantile,0.45,56.000545007681104
25,2021-04-26,25 day ahead inc hosp,2021-05-21,quantile,0.5,60.461257211160316
25,2021-04-26,25 day ahead inc hosp,2021-05-21,quantile,0.55,65.49095898565297
25,2021-04-26,25 day ahead inc hosp,2021-05-21,quantile,0.6,71.04922549879429
25,2021-04-26,25 day ahead inc hosp,2021-05-21,quantile,0.65,76.4914462329066
25,2021-04-26,25 day ahead inc hosp,2021-05-21,quantile,0.7,81.90490946051746
25,2021-04-26,25 day ahead inc hosp,2021-05-21,quantile,0.75,88.30331027726936
25,2021-04-26,25 day ahead inc hosp,2021-05-21,quantile,0.8,95.18148453027207
25,2021-04-26,25 day ahead inc hosp,2021-05-21,quantile,0.85,105.86215538401005
25,2021-04-26,25 day ahead inc hosp,2021-05-21,quantile,0.9,119.54803257990132
25,2021-04-26,25 day ahead inc hosp,2021-05-21,quantile,0.95,140.67145585642476
25,2021-04-26,25 day ahead inc hosp,2021-05-21,quantile,0.975,160.37272869682184
25,2021-04-26,25 day ahead inc hosp,2021-05-21,quantile,0.99,182.94725149165288
25,2021-04-26,26 day ahead inc hosp,2021-05-22,quantile,0.01,4.587647502078869
25,2021-04-26,26 day ahead inc hosp,2021-05-22,quantile,0.025,7.511862718168876
25,2021-04-26,26 day ahead inc hosp,2021-05-22,quantile,0.05,11.089964693927008
25,2021-04-26,26 day ahead inc hosp,2021-05-22,quantile,0.1,15.696204683551072
25,2021-04-26,26 day ahead inc hosp,2021-05-22,quantile,0.15,19.513738720250608
25,2021-04-26,26 day ahead inc hosp,2021-05-22,quantile,0.2,23.5636119032245
25,2021-04-26,26 day ahead inc hosp,2021-05-22,quantile,0.25,26.89127758238484
25,2021-04-26,26 day ahead inc hosp,2021-05-22,quantile,0.3,30.145166962308885
25,2021-04-26,26 day ahead inc hosp,2021-05-22,quantile,0.35,33.160921362264126
25,2021-04-26,26 day ahead inc hosp,2021-05-22,quantile,0.4,36.136496954664516
25,2021-04-26,26 day ahead inc hosp,2021-05-22,quantile,0.45,39.655451381121075
25,2021-04-26,26 day ahead inc hosp,2021-05-22,quantile,0.5,43.741220239159574
25,2021-04-26,26 day ahead inc hosp,2021-05-22,quantile,0.55,47.892032162513004
25,2021-04-26,26 day ahead inc hosp,2021-05-22,quantile,0.6,52.274570338244644
25,2021-04-26,26 day ahead inc hosp,2021-05-22,quantile,0.65,55.929684575578754
25,2021-04-26,26 day ahead inc hosp,2021-05-22,quantile,0.7,59.7799685155479
25,2021-04-26,26 day ahead inc hosp,2021-05-22,quantile,0.75,65.12318363377939
25,2021-04-26,26 day ahead inc hosp,2021-05-22,quantile,0.8,71.9416119601244
25,2021-04-26,26 day ahead inc hosp,2021-05-22,quantile,0.85,79.02774177768597
25,2021-04-26,26 day ahead inc hosp,2021-05-22,quantile,0.9,89.50608792409574
25,2021-04-26,26 day ahead inc hosp,2021-05-22,quantile,0.95,106.40526677002809
25,2021-04-26,26 day ahead inc hosp,2021-05-22,quantile,0.975,125.7901155520205
25,2021-04-26,26 day ahead inc hosp,2021-05-22,quantile,0.99,143.65753950312467
25,2021-04-26,27 day ahead inc hosp,2021-05-23,quantile,0.01,4.978611144264229
25,2021-04-26,27 day ahead inc hosp,2021-05-23,quantile,0.025,8.692870556226046
25,2021-04-26,27 day ahead inc hosp,2021-05-23,quantile,0.05,13.580328627346917
25,2021-04-26,27 day ahead inc hosp,2021-05-23,quantile,0.1,19.111461367451692
25,2021-04-26,27 day ahead inc hosp,2021-05-23,quantile,0.15,24.278627430438213
25,2021-04-26,27 day ahead inc hosp,2021-05-23,quantile,0.2,28.185876813399226
25,2021-04-26,27 day ahead inc hosp,2021-05-23,quantile,0.25,32.21913171453168
25,2021-04-26,27 day ahead inc hosp,2021-05-23,quantile,0.3,36.73926941954405
25,2021-04-26,27 day ahead inc hosp,2021-05-23,quantile,0.35,39.940905532980906
25,2021-04-26,27 day ahead inc hosp,2021-05-23,quantile,0.4,43.16139593622728
25,2021-04-26,27 day ahead inc hosp,2021-05-23,quantile,0.45,47.019778350617145
25,2021-04-26,27 day ahead inc hosp,2021-05-23,quantile,0.5,50.517961287385205
25,2021-04-26,27 day ahead inc hosp,2021-05-23,quantile,0.55,54.75752417912241
25,2021-04-26,27 day ahead inc hosp,2021-05-23,quantile,0.6,58.760117497903366
25,2021-04-26,27 day ahead inc hosp,2021-05-23,quantile,0.65,63.127785184054105
25,2021-04-26,27 day ahead inc hosp,2021-05-23,quantile,0.7,69.38402568270013
25,2021-04-26,27 day ahead inc hosp,2021-05-23,quantile,0.75,74.16777862098846
25,2021-04-26,27 day ahead inc hosp,2021-05-23,quantile,0.8,82.93357506031103
25,2021-04-26,27 day ahead inc hosp,2021-05-23,quantile,0.85,92.47284671138085
25,2021-04-26,27 day ahead inc hosp,2021-05-23,quantile,0.9,105.01532380048772
25,2021-04-26,27 day ahead inc hosp,2021-05-23,quantile,0.95,123.8912844559834
25,2021-04-26,27 day ahead inc hosp,2021-05-23,quantile,0.975,148.81744698849232
25,2021-04-26,27 day ahead inc hosp,2021-05-23,quantile,0.99,172.64020453805998
25,2021-04-26,28 day ahead inc hosp,2021-05-24,quantile,0.01,3.4046563312480975
25,2021-04-26,28 day ahead inc hosp,2021-05-24,quantile,0.025,6.417246570832873
25,2021-04-26,28 day ahead inc hosp,2021-05-24,quantile,0.05,8.94005424160782
25,2021-04-26,28 day ahead inc hosp,2021-05-24,quantile,0.1,12.864973137177019
25,2021-04-26,28 day ahead inc hosp,2021-05-24,quantile,0.15,17.808716588578932
25,2021-04-26,28 day ahead inc hosp,2021-05-24,quantile,0.2,20.573261258268925
25,2021-04-26,28 day ahead inc hosp,2021-05-24,quantile,0.25,24.438530130445205
25,2021-04-26,28 day ahead inc hosp,2021-05-24,quantile,0.3,26.897083922612804
25,2021-04-26,28 day ahead inc hosp,2021-05-24,quantile,0.35,30.054247806238333
25,2021-04-26,28 day ahead inc hosp,2021-05-24,quantile,0.4,32.05001540620732
25,2021-04-26,28 day ahead inc hosp,2021-05-24,quantile,0.45,35.4474060789849
25,2021-04-26,28 day ahead inc hosp,2021-05-24,quantile,0.5,38.52743598071358
25,2021-04-26,28 day ahead inc hosp,2021-05-24,quantile,0.55,42.17405663915199
25,2021-04-26,28 day ahead inc hosp,2021-05-24,quantile,0.6,45.986600185997816
25,2021-04-26,28 day ahead inc hosp,2021-05-24,quantile,0.65,49.98075792117491
25,2021-04-26,28 day ahead inc hosp,2021-05-24,quantile,0.7,54.94318345630462
25,2021-04-26,28 day ahead inc hosp,2021-05-24,quantile,0.75,60.53497882198707
25,2021-04-26,28 day ahead inc hosp,2021-05-24,quantile,0.8,65.84795801206714
25,2021-04-26,28 day ahead inc hosp,2021-05-24,quantile,0.85,75.83543167185549
25,2021-04-26,28 day ahead inc hosp,2021-05-24,quantile,0.9,85.65183054081155
25,2021-04-26,28 day ahead inc hosp,2021-05-24,quantile,0.95,108.33376081880806
25,2021-04-26,28 day ahead inc hosp,2021-05-24,quantile,0.975,121.52278312483091
25,2021-04-26,28 day ahead inc hosp,2021-05-24,quantile,0.99,139.4907203372866
25,2021-04-26,1 day ahead inc case,2021-04-27,quantile,0.01,1153.4964700458656
25,2021-04-26,1 day ahead inc case,2021-04-27,quantile,0.025,1185.210194662255
25,2021-04-26,1 day ahead inc case,2021-04-27,quantile,0.05,1208.614048412934
25,2021-04-26,1 day ahead inc case,2021-04-27,quantile,0.1,1237.3265131737955
25,2021-04-26,1 day ahead inc case,2021-04-27,quantile,0.15,1254.6681810846972
25,2021-04-26,1 day ahead inc case,2021-04-27,quantile,0.2,1275.2736796345919
25,2021-04-26,1 day ahead inc case,2021-04-27,quantile,0.25,1291.8284073563627
25,2021-04-26,1 day ahead inc case,2021-04-27,quantile,0.3,1304.7940752800068
25,2021-04-26,1 day ahead inc case,2021-04-27,quantile,0.35,1316.811250741601
25,2021-04-26,1 day ahead inc case,2021-04-27,quantile,0.4,1329.377136629874
25,2021-04-26,1 day ahead inc case,2021-04-27,quantile,0.45,1341.792748295171
25,2021-04-26,1 day ahead inc case,2021-04-27,quantile,0.5,1354.64232183571
25,2021-04-26,1 day ahead inc case,2021-04-27,quantile,0.55,1366.084080969327
25,2021-04-26,1 day ahead inc case,2021-04-27,quantile,0.6,1373.9314717218251
25,2021-04-26,1 day ahead inc case,2021-04-27,quantile,0.65,1386.5282291213898
25,2021-04-26,1 day ahead inc case,2021-04-27,quantile,0.7,1397.2575331280357
25,2021-04-26,1 day ahead inc case,2021-04-27,quantile,0.75,1412.8973638750222
25,2021-04-26,1 day ahead inc case,2021-04-27,quantile,0.8,1432.0947806232366
25,2021-04-26,1 day ahead inc case,2021-04-27,quantile,0.85,1451.9978090743214
25,2021-04-26,1 day ahead inc case,2021-04-27,quantile,0.9,1471.8979233800203
25,2021-04-26,1 day ahead inc case,2021-04-27,quantile,0.95,1504.0309246730892
25,2021-04-26,1 day ahead inc case,2021-04-27,quantile,0.975,1531.7628583547337
25,2021-04-26,1 day ahead inc case,2021-04-27,quantile,0.99,1573.5213800472334
25,2021-04-26,2 day ahead inc case,2021-04-28,quantile,0.01,1022.6563250886396
25,2021-04-26,2 day ahead inc case,2021-04-28,quantile,0.025,1053.6593349841683
25,2021-04-26,2 day ahead inc case,2021-04-28,quantile,0.05,1096.1094509454567
25,2021-04-26,2 day ahead inc case,2021-04-28,quantile,0.1,1135.069024053843
25,2021-04-26,2 day ahead inc case,2021-04-28,quantile,0.15,1159.5357076853918
25,2021-04-26,2 day ahead inc case,2021-04-28,quantile,0.2,1189.9296093015191
25,2021-04-26,2 day ahead inc case,2021-04-28,quantile,0.25,1211.2863758607468
25,2021-04-26,2 day ahead inc case,2021-04-28,quantile,0.3,1228.3949862192544
25,2021-04-26,2 day ahead inc case,2021-04-28,quantile,0.35,1242.5700113692835
25,2021-04-26,2 day ahead inc case,2021-04-28,quantile,0.4,1254.5047905727874
25,2021-04-26,2 day ahead inc case,2021-04-28,quantile,0.45,1269.2548606874575
25,2021-04-26,2 day ahead inc case,2021-04-28,quantile,0.5,1285.1583303200887
25,2021-04-26,2 day ahead inc case,2021-04-28,quantile,0.55,1298.6532932400955
25,2021-04-26,2 day ahead inc case,2021-04-28,quantile,0.6,1316.1458281686992
25,2021-04-26,2 day ahead inc case,2021-04-28,quantile,0.65,1335.5878300885815
25,2021-04-26,2 day ahead inc case,2021-04-28,quantile,0.7,1350.050125391978
25,2021-04-26,2 day ahead inc case,2021-04-28,quantile,0.75,1372.833112642935
25,2021-04-26,2 day ahead inc case,2021-04-28,quantile,0.8,1387.010565502069
25,2021-04-26,2 day ahead inc case,2021-04-28,quantile,0.85,1415.0779164921544
25,2021-04-26,2 day ahead inc case,2021-04-28,quantile,0.9,1440.9533141669833
25,2021-04-26,2 day ahead inc case,2021-04-28,quantile,0.95,1484.8637443844839
25,2021-04-26,2 day ahead inc case,2021-04-28,quantile,0.975,1554.2116879867715
25,2021-04-26,2 day ahead inc case,2021-04-28,quantile,0.99,1612.7472071114148
25,2021-04-26,3 day ahead inc case,2021-04-29,quantile,0.01,906.5761559626625
25,2021-04-26,3 day ahead inc case,2021-04-29,quantile,0.025,956.9619213814013
25,2021-04-26,3 day ahead inc case,2021-04-29,quantile,0.05,996.6333332513997
25,2021-04-26,3 day ahead inc case,2021-04-29,quantile,0.1,1043.9802376090881
25,2021-04-26,3 day ahead inc case,2021-04-29,quantile,0.15,1092.6377436523069
25,2021-04-26,3 day ahead inc case,2021-04-29,quantile,0.2,1121.1962846457882
25,2021-04-26,3 day ahead inc case,2021-04-29,quantile,0.25,1140.8009565154614
25,2021-04-26,3 day ahead inc case,2021-04-29,quantile,0.3,1163.4616424978506
25,2021-04-26,3 day ahead inc case,2021-04-29,quantile,0.35,1180.3394363046823
25,2021-04-26,3 day ahead inc case,2021-04-29,quantile,0.4,1199.5320482182124
25,2021-04-26,3 day ahead inc case,2021-04-29,quantile,0.45,1223.6646036662135
25,2021-04-26,3 day ahead inc case,2021-04-29,quantile,0.5,1242.465082072956
25,2021-04-26,3 day ahead inc case,2021-04-29,quantile,0.55,1260.4649993708874
25,2021-04-26,3 day ahead inc case,2021-04-29,quantile,0.6,1280.336927211891
25,2021-04-26,3 day ahead inc case,2021-04-29,quantile,0.65,1294.9795427905299
25,2021-04-26,3 day ahead inc case,2021-04-29,quantile,0.7,1311.8231488466574
25,2021-04-26,3 day ahead inc case,2021-04-29,quantile,0.75,1330.5449563264337
25,2021-04-26,3 day ahead inc case,2021-04-29,quantile,0.8,1358.8872472072103
25,2021-04-26,3 day ahead inc case,2021-04-29,quantile,0.85,1392.1198556029244
25,2021-04-26,3 day ahead inc case,2021-04-29,quantile,0.9,1437.9394540281446
25,2021-04-26,3 day ahead inc case,2021-04-29,quantile,0.95,1500.283839897209
25,2021-04-26,3 day ahead inc case,2021-04-29,quantile,0.975,1549.750578460846
25,2021-04-26,3 day ahead inc case,2021-04-29,quantile,0.99,1607.2112655422256
25,2021-04-26,4 day ahead inc case,2021-04-30,quantile,0.01,823.5720111578635
25,2021-04-26,4 day ahead inc case,2021-04-30,quantile,0.025,882.237401034717
25,2021-04-26,4 day ahead inc case,2021-04-30,quantile,0.05,925.9488178639826
25,2021-04-26,4 day ahead inc case,2021-04-30,quantile,0.1,980.0634597504018
25,2021-04-26,4 day ahead inc case,2021-04-30,quantile,0.15,1012.0466642537931
25,2021-04-26,4 day ahead inc case,2021-04-30,quantile,0.2,1047.8697162143808
25,2021-04-26,4 day ahead inc case,2021-04-30,quantile,0.25,1070.457515377649
25,2021-04-26,4 day ahead inc case,2021-04-30,quantile,0.3,1090.123277852542
25,2021-04-26,4 day ahead inc case,2021-04-30,quantile,0.35,1110.0593673536932
25,2021-04-26,4 day ahead inc case,2021-04-30,quantile,0.4,1130.894693622937
25,2021-04-26,4 day ahead inc case,2021-04-30,quantile,0.45,1159.238475647554
25,2021-04-26,4 day ahead inc case,2021-04-30,quantile,0.5,1175.4634261905926
25,2021-04-26,4 day ahead inc case,2021-04-30,quantile,0.55,1197.5603679239312
25,2021-04-26,4 day ahead inc case,2021-04-30,quantile,0.6,1220.3728449589773
25,2021-04-26,4 day ahead inc case,2021-04-30,quantile,0.65,1242.1589364053973
25,2021-04-26,4 day ahead inc case,2021-04-30,quantile,0.7,1270.6653873713356
25,2021-04-26,4 day ahead inc case,2021-04-30,quantile,0.75,1301.1406798924268
25,2021-04-26,4 day ahead inc case,2021-04-30,quantile,0.8,1323.5526263429801
25,2021-04-26,4 day ahead inc case,2021-04-30,quantile,0.85,1355.1348465578799
25,2021-04-26,4 day ahead inc case,2021-04-30,quantile,0.9,1388.974171024143
25,2021-04-26,4 day ahead inc case,2021-04-30,quantile,0.95,1458.7195828044064
25,2021-04-26,4 day ahead inc case,2021-04-30,quantile,0.975,1510.8325083174407
25,2021-04-26,4 day ahead inc case,2021-04-30,quantile,0.99,1557.9998093506417
25,2021-04-26,5 day ahead inc case,2021-05-01,quantile,0.01,763.4678749928569
25,2021-04-26,5 day ahead inc case,2021-05-01,quantile,0.025,824.8272391649656
25,2021-04-26,5 day ahead inc case,2021-05-01,quantile,0.05,864.5981706092657
25,2021-04-26,5 day ahead inc case,2021-05-01,quantile,0.1,927.0718245087648
25,2021-04-26,5 day ahead inc case,2021-05-01,quantile,0.15,971.5969062885197
25,2021-04-26,5 day ahead inc case,2021-05-01,quantile,0.2,999.110792198784
25,2021-04-26,5 day ahead inc case,2021-05-01,quantile,0.25,1026.710580349331
25,2021-04-26,5 day ahead inc case,2021-05-01,quantile,0.3,1050.1899626919226
25,2021-04-26,5 day ahead inc case,2021-05-01,quantile,0.35,1073.4249248943265
25,2021-04-26,5 day ahead inc case,2021-05-01,quantile,0.4,1100.7819330376108
25,2021-04-26,5 day ahead inc case,2021-05-01,quantile,0.45,1121.79731663854
25,2021-04-26,5 day ahead inc case,2021-05-01,quantile,0.5,1142.8603965687355
25,2021-04-26,5 day ahead inc case,2021-05-01,quantile,0.55,1165.9887923075378
25,2021-04-26,5 day ahead inc case,2021-05-01,quantile,0.6,1190.856992603896
25,2021-04-26,5 day ahead inc case,2021-05-01,quantile,0.65,1216.8165183264118
25,2021-04-26,5 day ahead inc case,2021-05-01,quantile,0.7,1241.1358832559918
25,2021-04-26,5 day ahead inc case,2021-05-01,quantile,0.75,1268.294237723601
25,2021-04-26,5 day ahead inc case,2021-05-01,quantile,0.8,1299.0178695177888
25,2021-04-26,5 day ahead inc case,2021-05-01,quantile,0.85,1339.2092954771804
25,2021-04-26,5 day ahead inc case,2021-05-01,quantile,0.9,1373.1519417640745
25,2021-04-26,5 day ahead inc case,2021-05-01,quantile,0.95,1445.3964705846092
25,2021-04-26,5 day ahead inc case,2021-05-01,quantile,0.975,1530.189481357461
25,2021-04-26,5 day ahead inc case,2021-05-01,quantile,0.99,1612.257505558651
25,2021-04-26,6 day ahead inc case,2021-05-02,quantile,0.01,736.2929562109464
25,2021-04-26,6 day ahead inc case,2021-05-02,quantile,0.025,791.2139037434711
25,2021-04-26,6 day ahead inc case,2021-05-02,quantile,0.05,843.186072312138
25,2021-04-26,6 day ahead inc case,2021-05-02,quantile,0.1,899.278098294131
25,2021-04-26,6 day ahead inc case,2021-05-02,quantile,0.15,944.1799913651445
25,2021-04-26,6 day ahead inc case,2021-05-02,quantile,0.2,984.5662506688384
25,2021-04-26,6 day ahead inc case,2021-05-02,quantile,0.25,1008.7066635963384
25,2021-04-26,6 day ahead inc case,2021-05-02,quantile,0.3,1033.4533347260315
25,2021-04-26,6 day ahead inc case,2021-05-02,quantile,0.35,1057.1639504179866
25,2021-04-26,6 day ahead inc case,2021-05-02,quantile,0.4,1080.083154167365
25,2021-04-26,6 day ahead inc case,2021-05-02,quantile,0.45,1098.2004900957609
25,2021-04-26,6 day ahead inc case,2021-05-02,quantile,0.5,1125.1427221061247
25,2021-04-26,6 day ahead inc case,2021-05-02,quantile,0.55,1146.2306975882716
25,2021-04-26,6 day ahead inc case,2021-05-02,quantile,0.6,1175.6876241654686
25,2021-04-26,6 day ahead inc case,2021-05-02,quantile,0.65,1195.0374168240319
25,2021-04-26,6 day ahead inc case,2021-05-02,quantile,0.7,1220.7526985586799
25,2021-04-26,6 day ahead inc case,2021-05-02,quantile,0.75,1256.151556510067
25,2021-04-26,6 day ahead inc case,2021-05-02,quantile,0.8,1294.9148108287945
25,2021-04-26,6 day ahead inc case,2021-05-02,quantile,0.85,1337.2653919947154
25,2021-04-26,6 day ahead inc case,2021-05-02,quantile,0.9,1394.6036843501424
25,2021-04-26,6 day ahead inc case,2021-05-02,quantile,0.95,1471.8553659498384
25,2021-04-26,6 day ahead inc case,2021-05-02,quantile,0.975,1548.867934297104
25,2021-04-26,6 day ahead inc case,2021-05-02,quantile,0.99,1620.992378254722
25,2021-04-26,7 day ahead inc case,2021-05-03,quantile,0.01,682.9736467710956
25,2021-04-26,7 day ahead inc case,2021-05-03,quantile,0.025,746.5675803955928
25,2021-04-26,7 day ahead inc case,2021-05-03,quantile,0.05,782.326472215277
25,2021-04-26,7 day ahead inc case,2021-05-03,quantile,0.1,850.1171163094921
25,2021-04-26,7 day ahead inc case,2021-05-03,quantile,0.15,894.5708573596232
25,2021-04-26,7 day ahead inc case,2021-05-03,quantile,0.2,933.4205570310615
25,2021-04-26,7 day ahead inc case,2021-05-03,quantile,0.25,959.4222437976546
25,2021-04-26,7 day ahead inc case,2021-05-03,quantile,0.3,985.0779684034296
25,2021-04-26,7 day ahead inc case,2021-05-03,quantile,0.35,1007.8466033409741
25,2021-04-26,7 day ahead inc case,2021-05-03,quantile,0.4,1031.1624005443057
25,2021-04-26,7 day ahead inc case,2021-05-03,quantile,0.45,1055.6323752115989
25,2021-04-26,7 day ahead inc case,2021-05-03,quantile,0.5,1088.6518959592513
25,2021-04-26,7 day ahead inc case,2021-05-03,quantile,0.55,1110.1020670887162
25,2021-04-26,7 day ahead inc case,2021-05-03,quantile,0.6,1137.2750517194693
25,2021-04-26,7 day ahead inc case,2021-05-03,quantile,0.65,1159.0925661282974
25,2021-04-26,7 day ahead inc case,2021-05-03,quantile,0.7,1186.906451277393
25,2021-04-26,7 day ahead inc case,2021-05-03,quantile,0.75,1215.8108799182457
25,2021-04-26,7 day ahead inc case,2021-05-03,quantile,0.8,1249.0751664844427
25,2021-04-26,7 day ahead inc case,2021-05-03,quantile,0.85,1301.0135868873979
25,2021-04-26,7 day ahead inc case,2021-05-03,quantile,0.9,1352.5893888831408
25,2021-04-26,7 day ahead inc case,2021-05-03,quantile,0.95,1432.9154706160873
25,2021-04-26,7 day ahead inc case,2021-05-03,quantile,0.975,1501.8327555344388
25,2021-04-26,7 day ahead inc case,2021-05-03,quantile,0.99,1597.2609257559639
25,2021-04-26,8 day ahead inc case,2021-05-04,quantile,0.01,587.3806500752606
25,2021-04-26,8 day ahead inc case,2021-05-04,quantile,0.025,652.4224004237933
25,2021-04-26,8 day ahead inc case,2021-05-04,quantile,0.05,719.210444254053
25,2021-04-26,8 day ahead inc case,2021-05-04,quantile,0.1,778.8043262137435
25,2021-04-26,8 day ahead inc case,2021-05-04,quantile,0.15,830.8059667535514
25,2021-04-26,8 day ahead inc case,2021-05-04,quantile,0.2,873.8178172588428
25,2021-04-26,8 day ahead inc case,2021-05-04,quantile,0.25,917.4042821453136
25,2021-04-26,8 day ahead inc case,2021-05-04,quantile,0.3,951.09873397851
25,2021-04-26,8 day ahead inc case,2021-05-04,quantile,0.35,991.8249470414798
25,2021-04-26,8 day ahead inc case,2021-05-04,quantile,0.4,1018.366579511713
25,2021-04-26,8 day ahead inc case,2021-05-04,quantile,0.45,1041.1364611585168
25,2021-04-26,8 day ahead inc case,2021-05-04,quantile,0.5,1071.4348953526908
25,2021-04-26,8 day ahead inc case,2021-05-04,quantile,0.55,1099.7696129250478
25,2021-04-26,8 day ahead inc case,2021-05-04,quantile,0.6,1132.2262231167892
25,2021-04-26,8 day ahead inc case,2021-05-04,quantile,0.65,1160.2437591624844
25,2021-04-26,8 day ahead inc case,2021-05-04,quantile,0.7,1194.261456563649
25,2021-04-26,8 day ahead inc case,2021-05-04,quantile,0.75,1232.4341412795732
25,2021-04-26,8 day ahead inc case,2021-05-04,quantile,0.8,1270.8944529040439
25,2021-04-26,8 day ahead inc case,2021-05-04,quantile,0.85,1322.244325192635
25,2021-04-26,8 day ahead inc case,2021-05-04,quantile,0.9,1388.0550771491473
25,2021-04-26,8 day ahead inc case,2021-05-04,quantile,0.95,1518.5271043366122
25,2021-04-26,8 day ahead inc case,2021-05-04,quantile,0.975,1598.0796618465674
25,2021-04-26,8 day ahead inc case,2021-05-04,quantile,0.99,1689.008809288408
25,2021-04-26,9 day ahead inc case,2021-05-05,quantile,0.01,502.7086068967879
25,2021-04-26,9 day ahead inc case,2021-05-05,quantile,0.025,562.6202134079349
25,2021-04-26,9 day ahead inc case,2021-05-05,quantile,0.05,633.9373747292178
25,2021-04-26,9 day ahead inc case,2021-05-05,quantile,0.1,713.8550575766457
25,2021-04-26,9 day ahead inc case,2021-05-05,quantile,0.15,770.6369376223911
25,2021-04-26,9 day ahead inc case,2021-05-05,quantile,0.2,811.3616614220127
25,2021-04-26,9 day ahead inc case,2021-05-05,quantile,0.25,850.2378882759441
25,2021-04-26,9 day ahead inc case,2021-05-05,quantile,0.3,886.9026205648383
25,2021-04-26,9 day ahead inc case,2021-05-05,quantile,0.35,921.6189132552695
25,2021-04-26,9 day ahead inc case,2021-05-05,quantile,0.4,957.2506652794119
25,2021-04-26,9 day ahead inc case,2021-05-05,quantile,0.45,989.9943774395881
25,2021-04-26,9 day ahead inc case,2021-05-05,quantile,0.5,1025.9086354432184
25,2021-04-26,9 day ahead inc case,2021-05-05,quantile,0.55,1057.728968969113
25,2021-04-26,9 day ahead inc case,2021-05-05,quantile,0.6,1090.4715999217285
25,2021-04-26,9 day ahead inc case,2021-05-05,quantile,0.65,1125.9362869554905
25,2021-04-26,9 day ahead inc case,2021-05-05,quantile,0.7,1162.5051715699628
25,2021-04-26,9 day ahead inc case,2021-05-05,quantile,0.75,1209.485523464588
25,2021-04-26,9 day ahead inc case,2021-05-05,quantile,0.8,1256.4157001921267
25,2021-04-26,9 day ahead inc case,2021-05-05,quantile,0.85,1325.624717620109
25,2021-04-26,9 day ahead inc case,2021-05-05,quantile,0.9,1400.2184952020593
25,2021-04-26,9 day ahead inc case,2021-05-05,quantile,0.95,1506.1235292585814
25,2021-04-26,9 day ahead inc case,2021-05-05,quantile,0.975,1631.95425781895
25,2021-04-26,9 day ahead inc case,2021-05-05,quantile,0.99,1764.1266788708006
25,2021-04-26,10 day ahead inc case,2021-05-06,quantile,0.01,414.56123741875496
25,2021-04-26,10 day ahead inc case,2021-05-06,quantile,0.025,498.20929379830386
25,2021-04-26,10 day ahead inc case,2021-05-06,quantile,0.05,578.9621560640553
25,2021-04-26,10 day ahead inc case,2021-05-06,quantile,0.1,647.3924271041138
25,2021-04-26,10 day ahead inc case,2021-05-06,quantile,0.15,701.3901187405038
25,2021-04-26,10 day ahead inc case,2021-05-06,quantile,0.2,752.9355436031542
25,2021-04-26,10 day ahead inc case,2021-05-06,quantile,0.25,798.6557082129549
25,2021-04-26,10 day ahead inc case,2021-05-06,quantile,0.3,834.570701695247
25,2021-04-26,10 day ahead inc case,2021-05-06,quantile,0.35,873.6499470446366
25,2021-04-26,10 day ahead inc case,2021-05-06,quantile,0.4,911.5535845152934
25,2021-04-26,10 day ahead inc case,2021-05-06,quantile,0.45,954.5284363658451
25,2021-04-26,10 day ahead inc case,2021-05-06,quantile,0.5,992.6628670532729
25,2021-04-26,10 day ahead inc case,2021-05-06,quantile,0.55,1024.8933352335998
25,2021-04-26,10 day ahead inc case,2021-05-06,quantile,0.6,1066.190459586378
25,2021-04-26,10 day ahead inc case,2021-05-06,quantile,0.65,1102.9623773428534
25,2021-04-26,10 day ahead inc case,2021-05-06,quantile,0.7,1145.9432416416453
25,2021-04-26,10 day ahead inc case,2021-05-06,quantile,0.75,1195.4879804867724
25,2021-04-26,10 day ahead inc case,2021-05-06,quantile,0.8,1245.833822880405
25,2021-04-26,10 day ahead inc case,2021-05-06,quantile,0.85,1305.3263690812405
25,2021-04-26,10 day ahead inc case,2021-05-06,quantile,0.9,1411.294986010954
25,2021-04-26,10 day ahead inc case,2021-05-06,quantile,0.95,1513.1122969196801
25,2021-04-26,10 day ahead inc case,2021-05-06,quantile,0.975,1623.7496649531884
25,2021-04-26,10 day ahead inc case,2021-05-06,quantile,0.99,1781.2660988136813
25,2021-04-26,11 day ahead inc case,2021-05-07,quantile,0.01,385.11116055787863
25,2021-04-26,11 day ahead inc case,2021-05-07,quantile,0.025,426.03851320683395
25,2021-04-26,11 day ahead inc case,2021-05-07,quantile,0.05,511.35196302372657
25,2021-04-26,11 day ahead inc case,2021-05-07,quantile,0.1,592.8776470208098
25,2021-04-26,11 day ahead inc case,2021-05-07,quantile,0.15,645.3193998081088
25,2021-04-26,11 day ahead inc case,2021-05-07,quantile,0.2,699.6635350201672
25,2021-04-26,11 day ahead inc case,2021-05-07,quantile,0.25,749.1584759632686
25,2021-04-26,11 day ahead inc case,2021-05-07,quantile,0.3,785.1264163847256
25,2021-04-26,11 day ahead inc case,2021-05-07,quantile,0.35,828.5770400775157
25,2021-04-26,11 day ahead inc case,2021-05-07,quantile,0.4,865.8706701031157
25,2021-04-26,11 day ahead inc case,2021-05-07,quantile,0.45,896.0761444656797
25,2021-04-26,11 day ahead inc case,2021-05-07,quantile,0.5,931.8652895921857
25,2021-04-26,11 day ahead inc case,2021-05-07,quantile,0.55,971.5720628133306
25,2021-04-26,11 day ahead inc case,2021-05-07,quantile,0.6,1015.0485505769271
25,2021-04-26,11 day ahead inc case,2021-05-07,quantile,0.65,1059.7409019380439
25,2021-04-26,11 day ahead inc case,2021-05-07,quantile,0.7,1120.9278076319113
25,2021-04-26,11 day ahead inc case,2021-05-07,quantile,0.75,1168.9903318623344
25,2021-04-26,11 day ahead inc case,2021-05-07,quantile,0.8,1223.935629137974
25,2021-04-26,11 day ahead inc case,2021-05-07,quantile,0.85,1292.2052637115094
25,2021-04-26,11 day ahead inc case,2021-05-07,quantile,0.9,1399.5470791535752
25,2021-04-26,11 day ahead inc case,2021-05-07,quantile,0.95,1533.3124462337946
25,2021-04-26,11 day ahead inc case,2021-05-07,quantile,0.975,1641.59208739447
25,2021-04-26,11 day ahead inc case,2021-05-07,quantile,0.99,1791.7019038943622
25,2021-04-26,12 day ahead inc case,2021-05-08,quantile,0.01,319.09264737596794
25,2021-04-26,12 day ahead inc case,2021-05-08,quantile,0.025,388.99711580344575
25,2021-04-26,12 day ahead inc case,2021-05-08,quantile,0.05,458.7671957465857
25,2021-04-26,12 day ahead inc case,2021-05-08,quantile,0.1,546.8600768807063
25,2021-04-26,12 day ahead inc case,2021-05-08,quantile,0.15,612.0148186911669
25,2021-04-26,12 day ahead inc case,2021-05-08,quantile,0.2,661.8426725546808
25,2021-04-26,12 day ahead inc case,2021-05-08,quantile,0.25,715.5428593585694
25,2021-04-26,12 day ahead inc case,2021-05-08,quantile,0.3,747.6103648427872
25,2021-04-26,12 day ahead inc case,2021-05-08,quantile,0.35,790.2568288738188
25,2021-04-26,12 day ahead inc case,2021-05-08,quantile,0.4,844.540061200541
25,2021-04-26,12 day ahead inc case,2021-05-08,quantile,0.45,885.4442644675285
25,2021-04-26,12 day ahead inc case,2021-05-08,quantile,0.5,920.750528203534
25,2021-04-26,12 day ahead inc case,2021-05-08,quantile,0.55,962.1665598866863
25,2021-04-26,12 day ahead inc case,2021-05-08,quantile,0.6,1008.227170325809
25,2021-04-26,12 day ahead inc case,2021-05-08,quantile,0.65,1046.1578621314623
25,2021-04-26,12 day ahead inc case,2021-05-08,quantile,0.7,1100.3077084087158
25,2021-04-26,12 day ahead inc case,2021-05-08,quantile,0.75,1153.207941143772
25,2021-04-26,12 day ahead inc case,2021-05-08,quantile,0.8,1214.0358328673726
25,2021-04-26,12 day ahead inc case,2021-05-08,quantile,0.85,1278.325075397246
25,2021-04-26,12 day ahead inc case,2021-05-08,quantile,0.9,1397.4988223395974
25,2021-04-26,12 day ahead inc case,2021-05-08,quantile,0.95,1568.476838104031
25,2021-04-26,12 day ahead inc case,2021-05-08,quantile,0.975,1669.3730002350333
25,2021-04-26,12 day ahead inc case,2021-05-08,quantile,0.99,1785.883362493336
25,2021-04-26,13 day ahead inc case,2021-05-09,quantile,0.01,304.95446745884817
25,2021-04-26,13 day ahead inc case,2021-05-09,quantile,0.025,379.75900420113084
25,2021-04-26,13 day ahead inc case,2021-05-09,quantile,0.05,439.3043304412761
25,2021-04-26,13 day ahead inc case,2021-05-09,quantile,0.1,525.1799562883583
25,2021-04-26,13 day ahead inc case,2021-05-09,quantile,0.15,584.6089466564205
25,2021-04-26,13 day ahead inc case,2021-05-09,quantile,0.2,647.64295758199
25,2021-04-26,13 day ahead inc case,2021-05-09,quantile,0.25,705.5031401823927
25,2021-04-26,13 day ahead inc case,2021-05-09,quantile,0.3,750.4666260845728
25,2021-04-26,13 day ahead inc case,2021-05-09,quantile,0.35,780.8589831048783
25,2021-04-26,13 day ahead inc case,2021-05-09,quantile,0.4,832.1851541323681
25,2021-04-26,13 day ahead inc case,2021-05-09,quantile,0.45,871.60934565135
25,2021-04-26,13 day ahead inc case,2021-05-09,quantile,0.5,909.0597152092785
25,2021-04-26,13 day ahead inc case,2021-05-09,quantile,0.55,954.509004917607
25,2021-04-26,13 day ahead inc case,2021-05-09,quantile,0.6,1003.534575957098
25,2021-04-26,13 day ahead inc case,2021-05-09,quantile,0.65,1059.5767866621898
25,2021-04-26,13 day ahead inc case,2021-05-09,quantile,0.7,1114.9443517551188
25,2021-04-26,13 day ahead inc case,2021-05-09,quantile,0.75,1170.1725418938493
25,2021-04-26,13 day ahead inc case,2021-05-09,quantile,0.8,1217.9831078673483
25,2021-04-26,13 day ahead inc case,2021-05-09,quantile,0.85,1300.5990583391092
25,2021-04-26,13 day ahead inc case,2021-05-09,quantile,0.9,1418.5321652239181
25,2021-04-26,13 day ahead inc case,2021-05-09,quantile,0.95,1598.0960644289587
25,2021-04-26,13 day ahead inc case,2021-05-09,quantile,0.975,1744.2248527796908
25,2021-04-26,13 day ahead inc case,2021-05-09,quantile,0.99,1919.7584994464796
25,2021-04-26,14 day ahead inc case,2021-05-10,quantile,0.01,273.888341609369
25,2021-04-26,14 day ahead inc case,2021-05-10,quantile,0.025,329.30440401855265
25,2021-04-26,14 day ahead inc case,2021-05-10,quantile,0.05,401.77183832695255
25,2021-04-26,14 day ahead inc case,2021-05-10,quantile,0.1,482.7592648254622
25,2021-04-26,14 day ahead inc case,2021-05-10,quantile,0.15,551.5336476940165
25,2021-04-26,14 day ahead inc case,2021-05-10,quantile,0.2,613.7084075210274
25,2021-04-26,14 day ahead inc case,2021-05-10,quantile,0.25,669.5451565437764
25,2021-04-26,14 day ahead inc case,2021-05-10,quantile,0.3,715.3745230476438
25,2021-04-26,14 day ahead inc case,2021-05-10,quantile,0.35,752.1827829519633
25,2021-04-26,14 day ahead inc case,2021-05-10,quantile,0.4,802.0132707189292
25,2021-04-26,14 day ahead inc case,2021-05-10,quantile,0.45,838.5367350199366
25,2021-04-26,14 day ahead inc case,2021-05-10,quantile,0.5,878.3128776289901
25,2021-04-26,14 day ahead inc case,2021-05-10,quantile,0.55,914.9827717012888
25,2021-04-26,14 day ahead inc case,2021-05-10,quantile,0.6,975.3987358720881
25,2021-04-26,14 day ahead inc case,2021-05-10,quantile,0.65,1033.9567191098017
25,2021-04-26,14 day ahead inc case,2021-05-10,quantile,0.7,1078.2823433629087
25,2021-04-26,14 day ahead inc case,2021-05-10,quantile,0.75,1126.3003506238285
25,2021-04-26,14 day ahead inc case,2021-05-10,quantile,0.8,1202.593496288248
25,2021-04-26,14 day ahead inc case,2021-05-10,quantile,0.85,1286.3490038773152
25,2021-04-26,14 day ahead inc case,2021-05-10,quantile,0.9,1415.2513745648955
25,2021-04-26,14 day ahead inc case,2021-05-10,quantile,0.95,1590.089460863852
25,2021-04-26,14 day ahead inc case,2021-05-10,quantile,0.975,1711.5191027592998
25,2021-04-26,14 day ahead inc case,2021-05-10,quantile,0.99,1931.84768394492
25,2021-04-26,15 day ahead inc case,2021-05-11,quantile,0.01,199.49561440640218
25,2021-04-26,15 day ahead inc case,2021-05-11,quantile,0.025,280.7163194196401
25,2021-04-26,15 day ahead inc case,2021-05-11,quantile,0.05,343.677867959733
25,2021-04-26,15 day ahead inc case,2021-05-11,quantile,0.1,463.2651771649415
25,2021-04-26,15 day ahead inc case,2021-05-11,quantile,0.15,518.6631950857185
25,2021-04-26,15 day ahead inc case,2021-05-11,quantile,0.2,584.4898465143908
25,2021-04-26,15 day ahead inc case,2021-05-11,quantile,0.25,629.4560237749521
25,2021-04-26,15 day ahead inc case,2021-05-11,quantile,0.3,684.4215412759361
25,2021-04-26,15 day ahead inc case,2021-05-11,quantile,0.35,738.0397180965617
25,2021-04-26,15 day ahead inc case,2021-05-11,quantile,0.4,780.9945192751178
25,2021-04-26,15 day ahead inc case,2021-05-11,quantile,0.45,821.4584550576873
25,2021-04-26,15 day ahead inc case,2021-05-11,quantile,0.5,876.1330770548452
25,2021-04-26,15 day ahead inc case,2021-05-11,quantile,0.55,931.4888947881656
25,2021-04-26,15 day ahead inc case,2021-05-11,quantile,0.6,971.7209262690459
25,2021-04-26,15 day ahead inc case,2021-05-11,quantile,0.65,1026.759302715965
25,2021-04-26,15 day ahead inc case,2021-05-11,quantile,0.7,1081.5838598866128
25,2021-04-26,15 day ahead inc case,2021-05-11,quantile,0.75,1151.5578761745217
25,2021-04-26,15 day ahead inc case,2021-05-11,quantile,0.8,1227.0714568650535
25,2021-04-26,15 day ahead inc case,2021-05-11,quantile,0.85,1314.0541313448512
25,2021-04-26,15 day ahead inc case,2021-05-11,quantile,0.9,1465.867856510726
25,2021-04-26,15 day ahead inc case,2021-05-11,quantile,0.95,1675.3468525924752
25,2021-04-26,15 day ahead inc case,2021-05-11,quantile,0.975,1824.3239380944472
25,2021-04-26,15 day ahead inc case,2021-05-11,quantile,0.99,2025.008563396814
25,2021-04-26,16 day ahead inc case,2021-05-12,quantile,0.01,166.5480585861351
25,2021-04-26,16 day ahead inc case,2021-05-12,quantile,0.025,230.08059923675245
25,2021-04-26,16 day ahead inc case,2021-05-12,quantile,0.05,305.2744096557115
25,2021-04-26,16 day ahead inc case,2021-05-12,quantile,0.1,389.7313673349527
25,2021-04-26,16 day ahead inc case,2021-05-12,quantile,0.15,482.72844160586334
25,2021-04-26,16 day ahead inc case,2021-05-12,quantile,0.2,538.4956118115564
25,2021-04-26,16 day ahead inc case,2021-05-12,quantile,0.25,584.3629324218808
25,2021-04-26,16 day ahead inc case,2021-05-12,quantile,0.3,646.4742554106799
25,2021-04-26,16 day ahead inc case,2021-05-12,quantile,0.35,698.5945591485553
25,2021-04-26,16 day ahead inc case,2021-05-12,quantile,0.4,739.758515994973
25,2021-04-26,16 day ahead inc case,2021-05-12,quantile,0.45,786.2434318118042
25,2021-04-26,16 day ahead inc case,2021-05-12,quantile,0.5,825.4008516115085
25,2021-04-26,16 day ahead inc case,2021-05-12,quantile,0.55,888.3597692562943
25,2021-04-26,16 day ahead inc case,2021-05-12,quantile,0.6,937.4554798138746
25,2021-04-26,16 day ahead inc case,2021-05-12,quantile,0.65,994.8745869665688
25,2021-04-26,16 day ahead inc case,2021-05-12,quantile,0.7,1066.9846128073707
25,2021-04-26,16 day ahead inc case,2021-05-12,quantile,0.75,1140.1303205699587
25,2021-04-26,16 day ahead inc case,2021-05-12,quantile,0.8,1221.9011632807167
25,2021-04-26,16 day ahead inc case,2021-05-12,quantile,0.85,1341.8162358145526
25,2021-04-26,16 day ahead inc case,2021-05-12,quantile,0.9,1472.2818516933278
25,2021-04-26,16 day ahead inc case,2021-05-12,quantile,0.95,1684.537535526077
25,2021-04-26,16 day ahead inc case,2021-05-12,quantile,0.975,1862.997428586422
25,2021-04-26,16 day ahead inc case,2021-05-12,quantile,0.99,2128.7814603412758
25,2021-04-26,17 day ahead inc case,2021-05-13,quantile,0.01,131.60380406530138
25,2021-04-26,17 day ahead inc case,2021-05-13,quantile,0.025,195.20000116696747
25,2021-04-26,17 day ahead inc case,2021-05-13,quantile,0.05,258.91000594976924
25,2021-04-26,17 day ahead inc case,2021-05-13,quantile,0.1,358.18257077227327
25,2021-04-26,17 day ahead inc case,2021-05-13,quantile,0.15,441.3134637780929
25,2021-04-26,17 day ahead inc case,2021-05-13,quantile,0.2,494.7830415322314
25,2021-04-26,17 day ahead inc case,2021-05-13,quantile,0.25,551.1892641569175
25,2021-04-26,17 day ahead inc case,2021-05-13,quantile,0.3,611.0155402756368
25,2021-04-26,17 day ahead inc case,2021-05-13,quantile,0.35,667.7285812539604
25,2021-04-26,17 day ahead inc case,2021-05-13,quantile,0.4,714.517049934114
25,2021-04-26,17 day ahead inc case,2021-05-13,quantile,0.45,755.2380561997714
25,2021-04-26,17 day ahead inc case,2021-05-13,quantile,0.5,803.7663373923886
25,2021-04-26,17 day ahead inc case,2021-05-13,quantile,0.55,863.4959184455163
25,2021-04-26,17 day ahead inc case,2021-05-13,quantile,0.6,923.191079631936
25,2021-04-26,17 day ahead inc case,2021-05-13,quantile,0.65,980.4717435012547
25,2021-04-26,17 day ahead inc case,2021-05-13,quantile,0.7,1046.9963709913975
25,2021-04-26,17 day ahead inc case,2021-05-13,quantile,0.75,1121.651058136987
25,2021-04-26,17 day ahead inc case,2021-05-13,quantile,0.8,1217.175429648566
25,2021-04-26,17 day ahead inc case,2021-05-13,quantile,0.85,1339.1224765279194
25,2021-04-26,17 day ahead inc case,2021-05-13,quantile,0.9,1483.04386672455
25,2021-04-26,17 day ahead inc case,2021-05-13,quantile,0.95,1679.6835008530006
25,2021-04-26,17 day ahead inc case,2021-05-13,quantile,0.975,1904.8201942541039
25,2021-04-26,17 day ahead inc case,2021-05-13,quantile,0.99,2088.287432055073
25,2021-04-26,18 day ahead inc case,2021-05-14,quantile,0.01,103.44101551079267
25,2021-04-26,18 day ahead inc case,2021-05-14,quantile,0.025,165.29833202450254
25,2021-04-26,18 day ahead inc case,2021-05-14,quantile,0.05,219.55250236377253
25,2021-04-26,18 day ahead inc case,2021-05-14,quantile,0.1,316.1097729338093
25,2021-04-26,18 day ahead inc case,2021-05-14,quantile,0.15,403.13935199685864
25,2021-04-26,18 day ahead inc case,2021-05-14,quantile,0.2,468.46378725091745
25,2021-04-26,18 day ahead inc case,2021-05-14,quantile,0.25,518.5777761406292
25,2021-04-26,18 day ahead inc case,2021-05-14,quantile,0.3,576.8698748225307
25,2021-04-26,18 day ahead inc case,2021-05-14,quantile,0.35,611.5016433543759
25,2021-04-26,18 day ahead inc case,2021-05-14,quantile,0.4,671.25439138337
25,2021-04-26,18 day ahead inc case,2021-05-14,quantile,0.45,708.7749669253972
25,2021-04-26,18 day ahead inc case,2021-05-14,quantile,0.5,763.129474165057
25,2021-04-26,18 day ahead inc case,2021-05-14,quantile,0.55,826.4492844748297
25,2021-04-26,18 day ahead inc case,2021-05-14,quantile,0.6,874.6932217230511
25,2021-04-26,18 day ahead inc case,2021-05-14,quantile,0.65,951.2150902780752
25,2021-04-26,18 day ahead inc case,2021-05-14,quantile,0.7,1030.0968434618753
25,2021-04-26,18 day ahead inc case,2021-05-14,quantile,0.75,1106.0114372855573
25,2021-04-26,18 day ahead inc case,2021-05-14,quantile,0.8,1204.5472467361385
25,2021-04-26,18 day ahead inc case,2021-05-14,quantile,0.85,1312.4415844507866
25,2021-04-26,18 day ahead inc case,2021-05-14,quantile,0.9,1496.7914565436122
25,2021-04-26,18 day ahead inc case,2021-05-14,quantile,0.95,1758.8575372148082
25,2021-04-26,18 day ahead inc case,2021-05-14,quantile,0.975,1892.297315366322
25,2021-04-26,18 day ahead inc case,2021-05-14,quantile,0.99,2126.234198658387
25,2021-04-26,19 day ahead inc case,2021-05-15,quantile,0.01,89.53156657037995
25,2021-04-26,19 day ahead inc case,2021-05-15,quantile,0.025,133.1734465307593
25,2021-04-26,19 day ahead inc case,2021-05-15,quantile,0.05,199.82144925342647
25,2021-04-26,19 day ahead inc case,2021-05-15,quantile,0.1,302.4360566332893
25,2021-04-26,19 day ahead inc case,2021-05-15,quantile,0.15,364.2080415321124
25,2021-04-26,19 day ahead inc case,2021-05-15,quantile,0.2,437.6864992150812
25,2021-04-26,19 day ahead inc case,2021-05-15,quantile,0.25,496.4625187772759
25,2021-04-26,19 day ahead inc case,2021-05-15,quantile,0.3,541.8305631033611
25,2021-04-26,19 day ahead inc case,2021-05-15,quantile,0.35,587.1571314372652
25,2021-04-26,19 day ahead inc case,2021-05-15,quantile,0.4,642.7571389868297
25,2021-04-26,19 day ahead inc case,2021-05-15,quantile,0.45,710.5147207961921
25,2021-04-26,19 day ahead inc case,2021-05-15,quantile,0.5,765.6238199038005
25,2021-04-26,19 day ahead inc case,2021-05-15,quantile,0.55,816.2919336813773
25,2021-04-26,19 day ahead inc case,2021-05-15,quantile,0.6,872.9698571613862
25,2021-04-26,19 day ahead inc case,2021-05-15,quantile,0.65,928.1660275370252
25,2021-04-26,19 day ahead inc case,2021-05-15,quantile,0.7,997.3411446560143
25,2021-04-26,19 day ahead inc case,2021-05-15,quantile,0.75,1101.5665577933014
25,2021-04-26,19 day ahead inc case,2021-05-15,quantile,0.8,1210.357308601656
25,2021-04-26,19 day ahead inc case,2021-05-15,quantile,0.85,1340.169135054941
25,2021-04-26,19 day ahead inc case,2021-05-15,quantile,0.9,1497.1136874762415
25,2021-04-26,19 day ahead inc case,2021-05-15,quantile,0.95,1766.4019190287734
25,2021-04-26,19 day ahead inc case,2021-05-15,quantile,0.975,1946.6995329564172
25,2021-04-26,19 day ahead inc case,2021-05-15,quantile,0.99,2188.425743539831
25,2021-04-26,20 day ahead inc case,2021-05-16,quantile,0.01,81.83089187615126
25,2021-04-26,20 day ahead inc case,2021-05-16,quantile,0.025,140.28475195410195
25,2021-04-26,20 day ahead inc case,2021-05-16,quantile,0.05,189.7089056624678
25,2021-04-26,20 day ahead inc case,2021-05-16,quantile,0.1,287.6539572327324
25,2021-04-26,20 day ahead inc case,2021-05-16,quantile,0.15,347.0213102029878
25,2021-04-26,20 day ahead inc case,2021-05-16,quantile,0.2,414.87367863583404
25,2021-04-26,20 day ahead inc case,2021-05-16,quantile,0.25,473.08619543197267
25,2021-04-26,20 day ahead inc case,2021-05-16,quantile,0.3,526.973126261936
25,2021-04-26,20 day ahead inc case,2021-05-16,quantile,0.35,587.4225781527524
25,2021-04-26,20 day ahead inc case,2021-05-16,quantile,0.4,635.8370739452596
25,2021-04-26,20 day ahead inc case,2021-05-16,quantile,0.45,700.762052737996
25,2021-04-26,20 day ahead inc case,2021-05-16,quantile,0.5,758.2945033179329
25,2021-04-26,20 day ahead inc case,2021-05-16,quantile,0.55,812.3732598755374
25,2021-04-26,20 day ahead inc case,2021-05-16,quantile,0.6,871.815095561889
25,2021-04-26,20 day ahead inc case,2021-05-16,quantile,0.65,947.2328793499192
25,2021-04-26,20 day ahead inc case,2021-05-16,quantile,0.7,1036.0412990369546
25,2021-04-26,20 day ahead inc case,2021-05-16,quantile,0.75,1128.0731936923119
25,2021-04-26,20 day ahead inc case,2021-05-16,quantile,0.8,1239.5388971154146
25,2021-04-26,20 day ahead inc case,2021-05-16,quantile,0.85,1370.5749379542115
25,2021-04-26,20 day ahead inc case,2021-05-16,quantile,0.9,1565.418951269578
25,2021-04-26,20 day ahead inc case,2021-05-16,quantile,0.95,1839.7177564933716
25,2021-04-26,20 day ahead inc case,2021-05-16,quantile,0.975,2042.211059923978
25,2021-04-26,20 day ahead inc case,2021-05-16,quantile,0.99,2293.311624362469
25,2021-04-26,21 day ahead inc case,2021-05-17,quantile,0.01,64.34872510782566
25,2021-04-26,21 day ahead inc case,2021-05-17,quantile,0.025,115.17755935299998
25,2021-04-26,21 day ahead inc case,2021-05-17,quantile,0.05,163.68271903725068
25,2021-04-26,21 day ahead inc case,2021-05-17,quantile,0.1,250.60394541327082
25,2021-04-26,21 day ahead inc case,2021-05-17,quantile,0.15,329.58359943190936
25,2021-04-26,21 day ahead inc case,2021-05-17,quantile,0.2,391.5323190146502
25,2021-04-26,21 day ahead inc case,2021-05-17,quantile,0.25,453.711137611279
25,2021-04-26,21 day ahead inc case,2021-05-17,quantile,0.3,514.6665690676507
25,2021-04-26,21 day ahead inc case,2021-05-17,quantile,0.35,566.230160471117
25,2021-04-26,21 day ahead inc case,2021-05-17,quantile,0.4,619.5319109283488
25,2021-04-26,21 day ahead inc case,2021-05-17,quantile,0.45,670.3258761499452
25,2021-04-26,21 day ahead inc case,2021-05-17,quantile,0.5,723.5196121925427
25,2021-04-26,21 day ahead inc case,2021-05-17,quantile,0.55,795.0599591283734
25,2021-04-26,21 day ahead inc case,2021-05-17,quantile,0.6,840.8615065340508
25,2021-04-26,21 day ahead inc case,2021-05-17,quantile,0.65,917.6701569703513
25,2021-04-26,21 day ahead inc case,2021-05-17,quantile,0.7,1028.330791207504
25,2021-04-26,21 day ahead inc case,2021-05-17,quantile,0.75,1116.3112309444905
25,2021-04-26,21 day ahead inc case,2021-05-17,quantile,0.8,1239.5470329378538
25,2021-04-26,21 day ahead inc case,2021-05-17,quantile,0.85,1361.6823110538992
25,2021-04-26,21 day ahead inc case,2021-05-17,quantile,0.9,1591.2896752895572
25,2021-04-26,21 day ahead inc case,2021-05-17,quantile,0.95,1846.2612730606013
25,2021-04-26,21 day ahead inc case,2021-05-17,quantile,0.975,2107.639439328471
25,2021-04-26,21 day ahead inc case,2021-05-17,quantile,0.99,2464.538648777587
25,2021-04-26,22 day ahead inc case,2021-05-18,quantile,0.01,42.85566950936978
25,2021-04-26,22 day ahead inc case,2021-05-18,quantile,0.025,88.98042754819181
25,2021-04-26,22 day ahead inc case,2021-05-18,quantile,0.05,143.82313105117487
25,2021-04-26,22 day ahead inc case,2021-05-18,quantile,0.1,238.57058388905807
25,2021-04-26,22 day ahead inc case,2021-05-18,quantile,0.15,311.5264242705624
25,2021-04-26,22 day ahead inc case,2021-05-18,quantile,0.2,367.28534381375493
25,2021-04-26,22 day ahead inc case,2021-05-18,quantile,0.25,431.89114458435813
25,2021-04-26,22 day ahead inc case,2021-05-18,quantile,0.3,491.4640726392359
25,2021-04-26,22 day ahead inc case,2021-05-18,quantile,0.35,546.0413073198434
25,2021-04-26,22 day ahead inc case,2021-05-18,quantile,0.4,605.5545306542815
25,2021-04-26,22 day ahead inc case,2021-05-18,quantile,0.45,657.3276295125925
25,2021-04-26,22 day ahead inc case,2021-05-18,quantile,0.5,713.991127897969
25,2021-04-26,22 day ahead inc case,2021-05-18,quantile,0.55,797.7876932466171
25,2021-04-26,22 day ahead inc case,2021-05-18,quantile,0.6,877.9093721970212
25,2021-04-26,22 day ahead inc case,2021-05-18,quantile,0.65,941.5961188003018
25,2021-04-26,22 day ahead inc case,2021-05-18,quantile,0.7,1041.1806616946596
25,2021-04-26,22 day ahead inc case,2021-05-18,quantile,0.75,1153.427807225291
25,2021-04-26,22 day ahead inc case,2021-05-18,quantile,0.8,1273.0544665186812
25,2021-04-26,22 day ahead inc case,2021-05-18,quantile,0.85,1428.3151343871962
25,2021-04-26,22 day ahead inc case,2021-05-18,quantile,0.9,1652.9914754990327
25,2021-04-26,22 day ahead inc case,2021-05-18,quantile,0.95,1903.329481131405
25,2021-04-26,22 day ahead inc case,2021-05-18,quantile,0.975,2271.289188447457
25,2021-04-26,22 day ahead inc case,2021-05-18,quantile,0.99,2603.150584633373
25,2021-04-26,23 day ahead inc case,2021-05-19,quantile,0.01,30.210550783042947
25,2021-04-26,23 day ahead inc case,2021-05-19,quantile,0.025,65.87683709458774
25,2021-04-26,23 day ahead inc case,2021-05-19,quantile,0.05,122.07372995947904
25,2021-04-26,23 day ahead inc case,2021-05-19,quantile,0.1,208.17219929161473
25,2021-04-26,23 day ahead inc case,2021-05-19,quantile,0.15,276.9262948366052
25,2021-04-26,23 day ahead inc case,2021-05-19,quantile,0.2,344.71475905265555
25,2021-04-26,23 day ahead inc case,2021-05-19,quantile,0.25,408.4797763902531
25,2021-04-26,23 day ahead inc case,2021-05-19,quantile,0.3,461.7544045861884
25,2021-04-26,23 day ahead inc case,2021-05-19,quantile,0.35,522.1952696268162
25,2021-04-26,23 day ahead inc case,2021-05-19,quantile,0.4,581.7108732915608
25,2021-04-26,23 day ahead inc case,2021-05-19,quantile,0.45,639.9036925800727
25,2021-04-26,23 day ahead inc case,2021-05-19,quantile,0.5,700.6620691414237
25,2021-04-26,23 day ahead inc case,2021-05-19,quantile,0.55,769.7823816149427
25,2021-04-26,23 day ahead inc case,2021-05-19,quantile,0.6,840.777943801753
25,2021-04-26,23 day ahead inc case,2021-05-19,quantile,0.65,927.6210996811564
25,2021-04-26,23 day ahead inc case,2021-05-19,quantile,0.7,1025.755837272817
25,2021-04-26,23 day ahead inc case,2021-05-19,quantile,0.75,1165.9075471441668
25,2021-04-26,23 day ahead inc case,2021-05-19,quantile,0.8,1293.632945034091
25,2021-04-26,23 day ahead inc case,2021-05-19,quantile,0.85,1460.7002290812165
25,2021-04-26,23 day ahead inc case,2021-05-19,quantile,0.9,1654.008826874536
25,2021-04-26,23 day ahead inc case,2021-05-19,quantile,0.95,1971.2745321070386
25,2021-04-26,23 day ahead inc case,2021-05-19,quantile,0.975,2383.4075005029445
25,2021-04-26,23 day ahead inc case,2021-05-19,quantile,0.99,2793.0291615913216
25,2021-04-26,24 day ahead inc case,2021-05-20,quantile,0.01,23.186368505206644
25,2021-04-26,24 day ahead inc case,2021-05-20,quantile,0.025,54.02462303369313
25,2021-04-26,24 day ahead inc case,2021-05-20,quantile,0.05,105.56481416003474
25,2021-04-26,24 day ahead inc case,2021-05-20,quantile,0.1,186.84210318098786
25,2021-04-26,24 day ahead inc case,2021-05-20,quantile,0.15,249.16331943952923
25,2021-04-26,24 day ahead inc case,2021-05-20,quantile,0.2,317.83642093664207
25,2021-04-26,24 day ahead inc case,2021-05-20,quantile,0.25,395.3715529650341
25,2021-04-26,24 day ahead inc case,2021-05-20,quantile,0.3,439.81966915670034
25,2021-04-26,24 day ahead inc case,2021-05-20,quantile,0.35,494.0931124638934
25,2021-04-26,24 day ahead inc case,2021-05-20,quantile,0.4,562.3150561490328
25,2021-04-26,24 day ahead inc case,2021-05-20,quantile,0.45,607.6815695265789
25,2021-04-26,24 day ahead inc case,2021-05-20,quantile,0.5,679.7344506307279
25,2021-04-26,24 day ahead inc case,2021-05-20,quantile,0.55,741.0317426207451
25,2021-04-26,24 day ahead inc case,2021-05-20,quantile,0.6,830.3638172915901
25,2021-04-26,24 day ahead inc case,2021-05-20,quantile,0.65,902.873741274816
25,2021-04-26,24 day ahead inc case,2021-05-20,quantile,0.7,1022.2141749176054
25,2021-04-26,24 day ahead inc case,2021-05-20,quantile,0.75,1129.0647611426846
25,2021-04-26,24 day ahead inc case,2021-05-20,quantile,0.8,1284.2176074650527
25,2021-04-26,24 day ahead inc case,2021-05-20,quantile,0.85,1427.998242982979
25,2021-04-26,24 day ahead inc case,2021-05-20,quantile,0.9,1673.475241109974
25,2021-04-26,24 day ahead inc case,2021-05-20,quantile,0.95,2049.1465430076073
25,2021-04-26,24 day ahead inc case,2021-05-20,quantile,0.975,2396.4160889172076
25,2021-04-26,24 day ahead inc case,2021-05-20,quantile,0.99,2838.4448019168217
25,2021-04-26,25 day ahead inc case,2021-05-21,quantile,0.01,16.29787151438508
25,2021-04-26,25 day ahead inc case,2021-05-21,quantile,0.025,37.09738760047547
25,2021-04-26,25 day ahead inc case,2021-05-21,quantile,0.05,83.4034272660974
25,2021-04-26,25 day ahead inc case,2021-05-21,quantile,0.1,158.43981087342246
25,2021-04-26,25 day ahead inc case,2021-05-21,quantile,0.15,226.92042743382024
25,2021-04-26,25 day ahead inc case,2021-05-21,quantile,0.2,299.0783389724715
25,2021-04-26,25 day ahead inc case,2021-05-21,quantile,0.25,367.0828867880913
25,2021-04-26,25 day ahead inc case,2021-05-21,quantile,0.3,415.6462556045787
25,2021-04-26,25 day ahead inc case,2021-05-21,quantile,0.35,459.5655179869422
25,2021-04-26,25 day ahead inc case,2021-05-21,quantile,0.4,502.63531813789615
25,2021-04-26,25 day ahead inc case,2021-05-21,quantile,0.45,581.0294561949113
25,2021-04-26,25 day ahead inc case,2021-05-21,quantile,0.5,644.9124684780717
25,2021-04-26,25 day ahead inc case,2021-05-21,quantile,0.55,724.4222055587074
25,2021-04-26,25 day ahead inc case,2021-05-21,quantile,0.6,807.7841197271088
25,2021-04-26,25 day ahead inc case,2021-05-21,quantile,0.65,899.1361390707108
25,2021-04-26,25 day ahead inc case,2021-05-21,quantile,0.7,1003.1737020478932
25,2021-04-26,25 day ahead inc case,2021-05-21,quantile,0.75,1125.8496608600435
25,2021-04-26,25 day ahead inc case,2021-05-21,quantile,0.8,1286.842632313455
25,2021-04-26,25 day ahead inc case,2021-05-21,quantile,0.85,1419.7992449915894
25,2021-04-26,25 day ahead inc case,2021-05-21,quantile,0.9,1657.2888537025824
25,2021-04-26,25 day ahead inc case,2021-05-21,quantile,0.95,2027.9395245386702
25,2021-04-26,25 day ahead inc case,2021-05-21,quantile,0.975,2370.9559348972703
25,2021-04-26,25 day ahead inc case,2021-05-21,quantile,0.99,2695.54047882397
25,2021-04-26,26 day ahead inc case,2021-05-22,quantile,0.01,7.519034906203496
25,2021-04-26,26 day ahead inc case,2021-05-22,quantile,0.025,30.131276178188063
25,2021-04-26,26 day ahead inc case,2021-05-22,quantile,0.05,74.76202423343989
25,2021-04-26,26 day ahead inc case,2021-05-22,quantile,0.1,142.06817109381376
25,2021-04-26,26 day ahead inc case,2021-05-22,quantile,0.15,207.53252294166663
25,2021-04-26,26 day ahead inc case,2021-05-22,quantile,0.2,274.0880648865719
25,2021-04-26,26 day ahead inc case,2021-05-22,quantile,0.25,348.867047894138
25,2021-04-26,26 day ahead inc case,2021-05-22,quantile,0.3,399.05282905422325
25,2021-04-26,26 day ahead inc case,2021-05-22,quantile,0.35,453.1992310230278
25,2021-04-26,26 day ahead inc case,2021-05-22,quantile,0.4,502.0377281678631
25,2021-04-26,26 day ahead inc case,2021-05-22,quantile,0.45,569.6928028373577
25,2021-04-26,26 day ahead inc case,2021-05-22,quantile,0.5,636.3628902874733
25,2021-04-26,26 day ahead inc case,2021-05-22,quantile,0.55,718.2963976597379
25,2021-04-26,26 day ahead inc case,2021-05-22,quantile,0.6,784.7943105011789
25,2021-04-26,26 day ahead inc case,2021-05-22,quantile,0.65,906.0810931625359
25,2021-04-26,26 day ahead inc case,2021-05-22,quantile,0.7,988.880394282564
25,2021-04-26,26 day ahead inc case,2021-05-22,quantile,0.75,1122.978454502858
25,2021-04-26,26 day ahead inc case,2021-05-22,quantile,0.8,1300.1862201803988
25,2021-04-26,26 day ahead inc case,2021-05-22,quantile,0.85,1461.079292360205
25,2021-04-26,26 day ahead inc case,2021-05-22,quantile,0.9,1706.6614792822318
25,2021-04-26,26 day ahead inc case,2021-05-22,quantile,0.95,2053.2688017521496
25,2021-04-26,26 day ahead inc case,2021-05-22,quantile,0.975,2392.2352092162755
25,2021-04-26,26 day ahead inc case,2021-05-22,quantile,0.99,2928.4402643933972
25,2021-04-26,27 day ahead inc case,2021-05-23,quantile,0.01,8.252113116438094
25,2021-04-26,27 day ahead inc case,2021-05-23,quantile,0.025,32.120974833961256
25,2021-04-26,27 day ahead inc case,2021-05-23,quantile,0.05,63.18926638070594
25,2021-04-26,27 day ahead inc case,2021-05-23,quantile,0.1,137.74189380781877
25,2021-04-26,27 day ahead inc case,2021-05-23,quantile,0.15,202.17555626304176
25,2021-04-26,27 day ahead inc case,2021-05-23,quantile,0.2,268.1594180338579
25,2021-04-26,27 day ahead inc case,2021-05-23,quantile,0.25,328.9006217188149
25,2021-04-26,27 day ahead inc case,2021-05-23,quantile,0.3,389.13608242920793
25,2021-04-26,27 day ahead inc case,2021-05-23,quantile,0.35,450.0794275174371
25,2021-04-26,27 day ahead inc case,2021-05-23,quantile,0.4,509.79059449180573
25,2021-04-26,27 day ahead inc case,2021-05-23,quantile,0.45,584.3435643208059
25,2021-04-26,27 day ahead inc case,2021-05-23,quantile,0.5,646.10904921304
25,2021-04-26,27 day ahead inc case,2021-05-23,quantile,0.55,728.1151238915248
25,2021-04-26,27 day ahead inc case,2021-05-23,quantile,0.6,809.6447804484427
25,2021-04-26,27 day ahead inc case,2021-05-23,quantile,0.65,902.6891196396205
25,2021-04-26,27 day ahead inc case,2021-05-23,quantile,0.7,1014.5377888165741
25,2021-04-26,27 day ahead inc case,2021-05-23,quantile,0.75,1140.1170801281055
25,2021-04-26,27 day ahead inc case,2021-05-23,quantile,0.8,1319.0950220453074
25,2021-04-26,27 day ahead inc case,2021-05-23,quantile,0.85,1523.3315868150464
25,2021-04-26,27 day ahead inc case,2021-05-23,quantile,0.9,1781.2265420170716
25,2021-04-26,27 day ahead inc case,2021-05-23,quantile,0.95,2189.088004145116
25,2021-04-26,27 day ahead inc case,2021-05-23,quantile,0.975,2468.0980769090593
25,2021-04-26,27 day ahead inc case,2021-05-23,quantile,0.99,3136.9175793771465
25,2021-04-26,28 day ahead inc case,2021-05-24,quantile,0.01,6.585225546316091
25,2021-04-26,28 day ahead inc case,2021-05-24,quantile,0.025,22.443366454007663
25,2021-04-26,28 day ahead inc case,2021-05-24,quantile,0.05,53.79032655809758
25,2021-04-26,28 day ahead inc case,2021-05-24,quantile,0.1,116.24397924863902
25,2021-04-26,28 day ahead inc case,2021-05-24,quantile,0.15,184.70470850920654
25,2021-04-26,28 day ahead inc case,2021-05-24,quantile,0.2,256.33141717935655
25,2021-04-26,28 day ahead inc case,2021-05-24,quantile,0.25,328.79992837515914
25,2021-04-26,28 day ahead inc case,2021-05-24,quantile,0.3,374.00391645547984
25,2021-04-26,28 day ahead inc case,2021-05-24,quantile,0.35,433.48835170111823
25,2021-04-26,28 day ahead inc case,2021-05-24,quantile,0.4,483.8738229898035
25,2021-04-26,28 day ahead inc case,2021-05-24,quantile,0.45,545.009396802365
25,2021-04-26,28 day ahead inc case,2021-05-24,quantile,0.5,630.0505015292408
25,2021-04-26,28 day ahead inc case,2021-05-24,quantile,0.55,708.7327713773244
25,2021-04-26,28 day ahead inc case,2021-05-24,quantile,0.6,777.5918859688709
25,2021-04-26,28 day ahead inc case,2021-05-24,quantile,0.65,873.9675004132657
25,2021-04-26,28 day ahead inc case,2021-05-24,quantile,0.7,958.7117100227932
25,2021-04-26,28 day ahead inc case,2021-05-24,quantile,0.75,1126.403431612226
25,2021-04-26,28 day ahead inc case,2021-05-24,quantile,0.8,1304.686923199413
25,2021-04-26,28 day ahead inc case,2021-05-24,quantile,0.85,1521.5690233543562
25,2021-04-26,28 day ahead inc case,2021-05-24,quantile,0.9,1819.6879679672131
25,2021-04-26,28 day ahead inc case,2021-05-24,quantile,0.95,2202.364469584066
25,2021-04-26,28 day ahead inc case,2021-05-24,quantile,0.975,2581.151631148302
25,2021-04-26,28 day ahead inc case,2021-05-24,quantile,0.99,3253.11207500158
