location,forecast_date,target,target_end_date,type,quantile,value
06,2021-04-05,1 day ahead inc hosp,2021-04-06,quantile,0.01,216.54655556429398
06,2021-04-05,1 day ahead inc hosp,2021-04-06,quantile,0.025,225.58862064321642
06,2021-04-05,1 day ahead inc hosp,2021-04-06,quantile,0.05,230.90622859283735
06,2021-04-05,1 day ahead inc hosp,2021-04-06,quantile,0.1,239.7162634675137
06,2021-04-05,1 day ahead inc hosp,2021-04-06,quantile,0.15,246.1127952749052
06,2021-04-05,1 day ahead inc hosp,2021-04-06,quantile,0.2,251.55761360459863
06,2021-04-05,1 day ahead inc hosp,2021-04-06,quantile,0.25,255.65722589916263
06,2021-04-05,1 day ahead inc hosp,2021-04-06,quantile,0.3,260.49692163431314
06,2021-04-05,1 day ahead inc hosp,2021-04-06,quantile,0.35,265.90043401605044
06,2021-04-05,1 day ahead inc hosp,2021-04-06,quantile,0.4,269.7587136150285
06,2021-04-05,1 day ahead inc hosp,2021-04-06,quantile,0.45,273.6204108588563
06,2021-04-05,1 day ahead inc hosp,2021-04-06,quantile,0.5,276.80171513294806
06,2021-04-05,1 day ahead inc hosp,2021-04-06,quantile,0.55,280.5851210098303
06,2021-04-05,1 day ahead inc hosp,2021-04-06,quantile,0.6,284.24142591933173
06,2021-04-05,1 day ahead inc hosp,2021-04-06,quantile,0.65,288.778895687961
06,2021-04-05,1 day ahead inc hosp,2021-04-06,quantile,0.7,293.8770920933682
06,2021-04-05,1 day ahead inc hosp,2021-04-06,quantile,0.75,299.1301886383044
06,2021-04-05,1 day ahead inc hosp,2021-04-06,quantile,0.8,305.2647111409309
06,2021-04-05,1 day ahead inc hosp,2021-04-06,quantile,0.85,311.67517177370667
06,2021-04-05,1 day ahead inc hosp,2021-04-06,quantile,0.9,319.49841642617014
06,2021-04-05,1 day ahead inc hosp,2021-04-06,quantile,0.95,331.0246724324305
06,2021-04-05,1 day ahead inc hosp,2021-04-06,quantile,0.975,343.01828121499204
06,2021-04-05,1 day ahead inc hosp,2021-04-06,quantile,0.99,359.67768722962927
06,2021-04-05,2 day ahead inc hosp,2021-04-07,quantile,0.01,192.63199259311085
06,2021-04-05,2 day ahead inc hosp,2021-04-07,quantile,0.025,203.23742872115784
06,2021-04-05,2 day ahead inc hosp,2021-04-07,quantile,0.05,212.73344859562195
06,2021-04-05,2 day ahead inc hosp,2021-04-07,quantile,0.1,223.05475742866682
06,2021-04-05,2 day ahead inc hosp,2021-04-07,quantile,0.15,230.1376778544376
06,2021-04-05,2 day ahead inc hosp,2021-04-07,quantile,0.2,234.47639685086926
06,2021-04-05,2 day ahead inc hosp,2021-04-07,quantile,0.25,239.8548408341189
06,2021-04-05,2 day ahead inc hosp,2021-04-07,quantile,0.3,243.97752738753414
06,2021-04-05,2 day ahead inc hosp,2021-04-07,quantile,0.35,247.3384598131134
06,2021-04-05,2 day ahead inc hosp,2021-04-07,quantile,0.4,251.5896571502021
06,2021-04-05,2 day ahead inc hosp,2021-04-07,quantile,0.45,255.31932203702792
06,2021-04-05,2 day ahead inc hosp,2021-04-07,quantile,0.5,258.6834705001242
06,2021-04-05,2 day ahead inc hosp,2021-04-07,quantile,0.55,262.5263760543697
06,2021-04-05,2 day ahead inc hosp,2021-04-07,quantile,0.6,266.4927185471751
06,2021-04-05,2 day ahead inc hosp,2021-04-07,quantile,0.65,272.3027817724038
06,2021-04-05,2 day ahead inc hosp,2021-04-07,quantile,0.7,278.27777670121327
06,2021-04-05,2 day ahead inc hosp,2021-04-07,quantile,0.75,281.93345540736385
06,2021-04-05,2 day ahead inc hosp,2021-04-07,quantile,0.8,286.2493058259815
06,2021-04-05,2 day ahead inc hosp,2021-04-07,quantile,0.85,292.5166059551242
06,2021-04-05,2 day ahead inc hosp,2021-04-07,quantile,0.9,300.9453241802103
06,2021-04-05,2 day ahead inc hosp,2021-04-07,quantile,0.95,312.6526417578107
06,2021-04-05,2 day ahead inc hosp,2021-04-07,quantile,0.975,326.4132775596697
06,2021-04-05,2 day ahead inc hosp,2021-04-07,quantile,0.99,335.5751240289368
06,2021-04-05,3 day ahead inc hosp,2021-04-08,quantile,0.01,181.8760431457338
06,2021-04-05,3 day ahead inc hosp,2021-04-08,quantile,0.025,190.32498698013154
06,2021-04-05,3 day ahead inc hosp,2021-04-08,quantile,0.05,201.24721040979216
06,2021-04-05,3 day ahead inc hosp,2021-04-08,quantile,0.1,211.81841611552665
06,2021-04-05,3 day ahead inc hosp,2021-04-08,quantile,0.15,220.21435660857634
06,2021-04-05,3 day ahead inc hosp,2021-04-08,quantile,0.2,226.01484250967337
06,2021-04-05,3 day ahead inc hosp,2021-04-08,quantile,0.25,230.67610497983884
06,2021-04-05,3 day ahead inc hosp,2021-04-08,quantile,0.3,235.45265334821113
06,2021-04-05,3 day ahead inc hosp,2021-04-08,quantile,0.35,239.64636767456395
06,2021-04-05,3 day ahead inc hosp,2021-04-08,quantile,0.4,244.65543060028412
06,2021-04-05,3 day ahead inc hosp,2021-04-08,quantile,0.45,248.40093414201093
06,2021-04-05,3 day ahead inc hosp,2021-04-08,quantile,0.5,253.45798382056785
06,2021-04-05,3 day ahead inc hosp,2021-04-08,quantile,0.55,258.09276346270366
06,2021-04-05,3 day ahead inc hosp,2021-04-08,quantile,0.6,262.0773601841609
06,2021-04-05,3 day ahead inc hosp,2021-04-08,quantile,0.65,266.12689107864213
06,2021-04-05,3 day ahead inc hosp,2021-04-08,quantile,0.7,270.6533207814072
06,2021-04-05,3 day ahead inc hosp,2021-04-08,quantile,0.75,276.8146141249241
06,2021-04-05,3 day ahead inc hosp,2021-04-08,quantile,0.8,281.4308401793608
06,2021-04-05,3 day ahead inc hosp,2021-04-08,quantile,0.85,289.873961609557
06,2021-04-05,3 day ahead inc hosp,2021-04-08,quantile,0.9,299.70328969586956
06,2021-04-05,3 day ahead inc hosp,2021-04-08,quantile,0.95,315.91079724097995
06,2021-04-05,3 day ahead inc hosp,2021-04-08,quantile,0.975,327.3738457142063
06,2021-04-05,3 day ahead inc hosp,2021-04-08,quantile,0.99,344.1703908677006
06,2021-04-05,4 day ahead inc hosp,2021-04-09,quantile,0.01,185.6160901646537
06,2021-04-05,4 day ahead inc hosp,2021-04-09,quantile,0.025,196.83931329801717
06,2021-04-05,4 day ahead inc hosp,2021-04-09,quantile,0.05,207.50469030232165
06,2021-04-05,4 day ahead inc hosp,2021-04-09,quantile,0.1,217.72585429537662
06,2021-04-05,4 day ahead inc hosp,2021-04-09,quantile,0.15,227.2068713774946
06,2021-04-05,4 day ahead inc hosp,2021-04-09,quantile,0.2,233.59823543269613
06,2021-04-05,4 day ahead inc hosp,2021-04-09,quantile,0.25,241.11200336722547
06,2021-04-05,4 day ahead inc hosp,2021-04-09,quantile,0.3,246.71115440503777
06,2021-04-05,4 day ahead inc hosp,2021-04-09,quantile,0.35,251.11620105403097
06,2021-04-05,4 day ahead inc hosp,2021-04-09,quantile,0.4,255.83530425842966
06,2021-04-05,4 day ahead inc hosp,2021-04-09,quantile,0.45,259.43223865385124
06,2021-04-05,4 day ahead inc hosp,2021-04-09,quantile,0.5,265.22160336713154
06,2021-04-05,4 day ahead inc hosp,2021-04-09,quantile,0.55,270.1564383983712
06,2021-04-05,4 day ahead inc hosp,2021-04-09,quantile,0.6,275.0527961141934
06,2021-04-05,4 day ahead inc hosp,2021-04-09,quantile,0.65,280.8729586763613
06,2021-04-05,4 day ahead inc hosp,2021-04-09,quantile,0.7,286.2663985891682
06,2021-04-05,4 day ahead inc hosp,2021-04-09,quantile,0.75,290.97635828213714
06,2021-04-05,4 day ahead inc hosp,2021-04-09,quantile,0.8,297.5325782193527
06,2021-04-05,4 day ahead inc hosp,2021-04-09,quantile,0.85,303.9208274878573
06,2021-04-05,4 day ahead inc hosp,2021-04-09,quantile,0.9,313.85605987694754
06,2021-04-05,4 day ahead inc hosp,2021-04-09,quantile,0.95,333.2961719539443
06,2021-04-05,4 day ahead inc hosp,2021-04-09,quantile,0.975,350.0510247201703
06,2021-04-05,4 day ahead inc hosp,2021-04-09,quantile,0.99,373.9663267285743
06,2021-04-05,5 day ahead inc hosp,2021-04-10,quantile,0.01,119.59792730469758
06,2021-04-05,5 day ahead inc hosp,2021-04-10,quantile,0.025,127.54843229213148
06,2021-04-05,5 day ahead inc hosp,2021-04-10,quantile,0.05,132.6568671550115
06,2021-04-05,5 day ahead inc hosp,2021-04-10,quantile,0.1,141.45756098680297
06,2021-04-05,5 day ahead inc hosp,2021-04-10,quantile,0.15,147.2844772709846
06,2021-04-05,5 day ahead inc hosp,2021-04-10,quantile,0.2,153.74637365516904
06,2021-04-05,5 day ahead inc hosp,2021-04-10,quantile,0.25,157.65426460584476
06,2021-04-05,5 day ahead inc hosp,2021-04-10,quantile,0.3,162.04976460720533
06,2021-04-05,5 day ahead inc hosp,2021-04-10,quantile,0.35,165.3945494342462
06,2021-04-05,5 day ahead inc hosp,2021-04-10,quantile,0.4,169.7155278874348
06,2021-04-05,5 day ahead inc hosp,2021-04-10,quantile,0.45,173.73930805504364
06,2021-04-05,5 day ahead inc hosp,2021-04-10,quantile,0.5,177.2485732731085
06,2021-04-05,5 day ahead inc hosp,2021-04-10,quantile,0.55,180.48691242558192
06,2021-04-05,5 day ahead inc hosp,2021-04-10,quantile,0.6,185.03636507638325
06,2021-04-05,5 day ahead inc hosp,2021-04-10,quantile,0.65,189.04518645639862
06,2021-04-05,5 day ahead inc hosp,2021-04-10,quantile,0.7,194.8556854093688
06,2021-04-05,5 day ahead inc hosp,2021-04-10,quantile,0.75,200.36581229329443
06,2021-04-05,5 day ahead inc hosp,2021-04-10,quantile,0.8,205.6432049673499
06,2021-04-05,5 day ahead inc hosp,2021-04-10,quantile,0.85,211.97563758644762
06,2021-04-05,5 day ahead inc hosp,2021-04-10,quantile,0.9,221.01769405144728
06,2021-04-05,5 day ahead inc hosp,2021-04-10,quantile,0.95,234.58910318790055
06,2021-04-05,5 day ahead inc hosp,2021-04-10,quantile,0.975,244.61319159300834
06,2021-04-05,5 day ahead inc hosp,2021-04-10,quantile,0.99,257.33123490749654
06,2021-04-05,6 day ahead inc hosp,2021-04-11,quantile,0.01,132.99474345748246
06,2021-04-05,6 day ahead inc hosp,2021-04-11,quantile,0.025,143.18178957868776
06,2021-04-05,6 day ahead inc hosp,2021-04-11,quantile,0.05,152.06571358548177
06,2021-04-05,6 day ahead inc hosp,2021-04-11,quantile,0.1,163.89687696526204
06,2021-04-05,6 day ahead inc hosp,2021-04-11,quantile,0.15,171.56292828097148
06,2021-04-05,6 day ahead inc hosp,2021-04-11,quantile,0.2,178.94216148426617
06,2021-04-05,6 day ahead inc hosp,2021-04-11,quantile,0.25,184.82067367858753
06,2021-04-05,6 day ahead inc hosp,2021-04-11,quantile,0.3,189.81522019989416
06,2021-04-05,6 day ahead inc hosp,2021-04-11,quantile,0.35,193.56734348301984
06,2021-04-05,6 day ahead inc hosp,2021-04-11,quantile,0.4,198.92877182353706
06,2021-04-05,6 day ahead inc hosp,2021-04-11,quantile,0.45,204.48960840546533
06,2021-04-05,6 day ahead inc hosp,2021-04-11,quantile,0.5,209.61120223497474
06,2021-04-05,6 day ahead inc hosp,2021-04-11,quantile,0.55,214.51828860638645
06,2021-04-05,6 day ahead inc hosp,2021-04-11,quantile,0.6,219.38329283699463
06,2021-04-05,6 day ahead inc hosp,2021-04-11,quantile,0.65,224.51604097180987
06,2021-04-05,6 day ahead inc hosp,2021-04-11,quantile,0.7,230.5630701551413
06,2021-04-05,6 day ahead inc hosp,2021-04-11,quantile,0.75,234.67851691676702
06,2021-04-05,6 day ahead inc hosp,2021-04-11,quantile,0.8,242.22173666313307
06,2021-04-05,6 day ahead inc hosp,2021-04-11,quantile,0.85,250.81393927236576
06,2021-04-05,6 day ahead inc hosp,2021-04-11,quantile,0.9,260.8419983845434
06,2021-04-05,6 day ahead inc hosp,2021-04-11,quantile,0.95,276.39036661387524
06,2021-04-05,6 day ahead inc hosp,2021-04-11,quantile,0.975,295.6657252402136
06,2021-04-05,6 day ahead inc hosp,2021-04-11,quantile,0.99,313.3644416929108
06,2021-04-05,7 day ahead inc hosp,2021-04-12,quantile,0.01,158.4385851363179
06,2021-04-05,7 day ahead inc hosp,2021-04-12,quantile,0.025,175.2780387265251
06,2021-04-05,7 day ahead inc hosp,2021-04-12,quantile,0.05,188.41711167625957
06,2021-04-05,7 day ahead inc hosp,2021-04-12,quantile,0.1,199.60254038260524
06,2021-04-05,7 day ahead inc hosp,2021-04-12,quantile,0.15,211.730755578472
06,2021-04-05,7 day ahead inc hosp,2021-04-12,quantile,0.2,218.99093989441684
06,2021-04-05,7 day ahead inc hosp,2021-04-12,quantile,0.25,225.56674914826402
06,2021-04-05,7 day ahead inc hosp,2021-04-12,quantile,0.3,231.64171212400032
06,2021-04-05,7 day ahead inc hosp,2021-04-12,quantile,0.35,236.95405787519243
06,2021-04-05,7 day ahead inc hosp,2021-04-12,quantile,0.4,241.96836571225765
06,2021-04-05,7 day ahead inc hosp,2021-04-12,quantile,0.45,247.9003120164431
06,2021-04-05,7 day ahead inc hosp,2021-04-12,quantile,0.5,253.51263290206293
06,2021-04-05,7 day ahead inc hosp,2021-04-12,quantile,0.55,259.84726670345196
06,2021-04-05,7 day ahead inc hosp,2021-04-12,quantile,0.6,265.0486549769561
06,2021-04-05,7 day ahead inc hosp,2021-04-12,quantile,0.65,271.8839741851152
06,2021-04-05,7 day ahead inc hosp,2021-04-12,quantile,0.7,278.0071480398263
06,2021-04-05,7 day ahead inc hosp,2021-04-12,quantile,0.75,284.77118778473636
06,2021-04-05,7 day ahead inc hosp,2021-04-12,quantile,0.8,292.5598783591523
06,2021-04-05,7 day ahead inc hosp,2021-04-12,quantile,0.85,302.5416265380718
06,2021-04-05,7 day ahead inc hosp,2021-04-12,quantile,0.9,313.42982589602127
06,2021-04-05,7 day ahead inc hosp,2021-04-12,quantile,0.95,336.19424991239384
06,2021-04-05,7 day ahead inc hosp,2021-04-12,quantile,0.975,352.68432186385826
06,2021-04-05,7 day ahead inc hosp,2021-04-12,quantile,0.99,375.61372380246627
06,2021-04-05,8 day ahead inc hosp,2021-04-13,quantile,0.01,135.0687601547146
06,2021-04-05,8 day ahead inc hosp,2021-04-13,quantile,0.025,150.93377228181845
06,2021-04-05,8 day ahead inc hosp,2021-04-13,quantile,0.05,160.75612531084928
06,2021-04-05,8 day ahead inc hosp,2021-04-13,quantile,0.1,173.6766854484889
06,2021-04-05,8 day ahead inc hosp,2021-04-13,quantile,0.15,185.0214933319237
06,2021-04-05,8 day ahead inc hosp,2021-04-13,quantile,0.2,191.82214688141696
06,2021-04-05,8 day ahead inc hosp,2021-04-13,quantile,0.25,199.24443430882175
06,2021-04-05,8 day ahead inc hosp,2021-04-13,quantile,0.3,205.60838536740167
06,2021-04-05,8 day ahead inc hosp,2021-04-13,quantile,0.35,213.14257723678404
06,2021-04-05,8 day ahead inc hosp,2021-04-13,quantile,0.4,218.20746640418722
06,2021-04-05,8 day ahead inc hosp,2021-04-13,quantile,0.45,224.13570633797204
06,2021-04-05,8 day ahead inc hosp,2021-04-13,quantile,0.5,231.31314969326297
06,2021-04-05,8 day ahead inc hosp,2021-04-13,quantile,0.55,239.7311158327243
06,2021-04-05,8 day ahead inc hosp,2021-04-13,quantile,0.6,245.27195364768212
06,2021-04-05,8 day ahead inc hosp,2021-04-13,quantile,0.65,251.40761410824567
06,2021-04-05,8 day ahead inc hosp,2021-04-13,quantile,0.7,259.3816963705977
06,2021-04-05,8 day ahead inc hosp,2021-04-13,quantile,0.75,267.26670099091086
06,2021-04-05,8 day ahead inc hosp,2021-04-13,quantile,0.8,276.4279704954483
06,2021-04-05,8 day ahead inc hosp,2021-04-13,quantile,0.85,293.3097208858061
06,2021-04-05,8 day ahead inc hosp,2021-04-13,quantile,0.9,312.0749063908796
06,2021-04-05,8 day ahead inc hosp,2021-04-13,quantile,0.95,335.96290446358324
06,2021-04-05,8 day ahead inc hosp,2021-04-13,quantile,0.975,354.58487003113424
06,2021-04-05,8 day ahead inc hosp,2021-04-13,quantile,0.99,407.16226299811336
06,2021-04-05,9 day ahead inc hosp,2021-04-14,quantile,0.01,124.83407737248088
06,2021-04-05,9 day ahead inc hosp,2021-04-14,quantile,0.025,136.4568155388012
06,2021-04-05,9 day ahead inc hosp,2021-04-14,quantile,0.05,150.75607657856378
06,2021-04-05,9 day ahead inc hosp,2021-04-14,quantile,0.1,169.98660565874266
06,2021-04-05,9 day ahead inc hosp,2021-04-14,quantile,0.15,181.18286542735342
06,2021-04-05,9 day ahead inc hosp,2021-04-14,quantile,0.2,188.298318108763
06,2021-04-05,9 day ahead inc hosp,2021-04-14,quantile,0.25,198.55729426663123
06,2021-04-05,9 day ahead inc hosp,2021-04-14,quantile,0.3,206.28787956317885
06,2021-04-05,9 day ahead inc hosp,2021-04-14,quantile,0.35,213.53802868742898
06,2021-04-05,9 day ahead inc hosp,2021-04-14,quantile,0.4,219.6734555169312
06,2021-04-05,9 day ahead inc hosp,2021-04-14,quantile,0.45,226.48750657272817
06,2021-04-05,9 day ahead inc hosp,2021-04-14,quantile,0.5,233.93996559655085
06,2021-04-05,9 day ahead inc hosp,2021-04-14,quantile,0.55,240.56721235277973
06,2021-04-05,9 day ahead inc hosp,2021-04-14,quantile,0.6,247.65472462193554
06,2021-04-05,9 day ahead inc hosp,2021-04-14,quantile,0.65,256.00630645034266
06,2021-04-05,9 day ahead inc hosp,2021-04-14,quantile,0.7,265.0378979161803
06,2021-04-05,9 day ahead inc hosp,2021-04-14,quantile,0.75,275.47457034104184
06,2021-04-05,9 day ahead inc hosp,2021-04-14,quantile,0.8,285.2598661727613
06,2021-04-05,9 day ahead inc hosp,2021-04-14,quantile,0.85,300.12148562095655
06,2021-04-05,9 day ahead inc hosp,2021-04-14,quantile,0.9,317.71118366625706
06,2021-04-05,9 day ahead inc hosp,2021-04-14,quantile,0.95,346.77714108251934
06,2021-04-05,9 day ahead inc hosp,2021-04-14,quantile,0.975,374.8961916373011
06,2021-04-05,9 day ahead inc hosp,2021-04-14,quantile,0.99,407.0823345705422
06,2021-04-05,10 day ahead inc hosp,2021-04-15,quantile,0.01,110.93644466215322
06,2021-04-05,10 day ahead inc hosp,2021-04-15,quantile,0.025,120.96252414855023
06,2021-04-05,10 day ahead inc hosp,2021-04-15,quantile,0.05,136.23223765622907
06,2021-04-05,10 day ahead inc hosp,2021-04-15,quantile,0.1,152.4853047428683
06,2021-04-05,10 day ahead inc hosp,2021-04-15,quantile,0.15,165.2224286218748
06,2021-04-05,10 day ahead inc hosp,2021-04-15,quantile,0.2,173.42438523787803
06,2021-04-05,10 day ahead inc hosp,2021-04-15,quantile,0.25,182.6575088025118
06,2021-04-05,10 day ahead inc hosp,2021-04-15,quantile,0.3,188.9287385720957
06,2021-04-05,10 day ahead inc hosp,2021-04-15,quantile,0.35,196.73519148127042
06,2021-04-05,10 day ahead inc hosp,2021-04-15,quantile,0.4,204.2163858016478
06,2021-04-05,10 day ahead inc hosp,2021-04-15,quantile,0.45,211.84209327151163
06,2021-04-05,10 day ahead inc hosp,2021-04-15,quantile,0.5,221.08623191130016
06,2021-04-05,10 day ahead inc hosp,2021-04-15,quantile,0.55,227.99363277061912
06,2021-04-05,10 day ahead inc hosp,2021-04-15,quantile,0.6,239.16649038701252
06,2021-04-05,10 day ahead inc hosp,2021-04-15,quantile,0.65,246.96949966252342
06,2021-04-05,10 day ahead inc hosp,2021-04-15,quantile,0.7,255.18383715751435
06,2021-04-05,10 day ahead inc hosp,2021-04-15,quantile,0.75,264.6825762248819
06,2021-04-05,10 day ahead inc hosp,2021-04-15,quantile,0.8,278.4711697589252
06,2021-04-05,10 day ahead inc hosp,2021-04-15,quantile,0.85,294.15895334560486
06,2021-04-05,10 day ahead inc hosp,2021-04-15,quantile,0.9,313.88335675256343
06,2021-04-05,10 day ahead inc hosp,2021-04-15,quantile,0.95,342.1565684362218
06,2021-04-05,10 day ahead inc hosp,2021-04-15,quantile,0.975,368.35858013852663
06,2021-04-05,10 day ahead inc hosp,2021-04-15,quantile,0.99,410.96182636341456
06,2021-04-05,11 day ahead inc hosp,2021-04-16,quantile,0.01,119.94296105977885
06,2021-04-05,11 day ahead inc hosp,2021-04-16,quantile,0.025,133.60381286668897
06,2021-04-05,11 day ahead inc hosp,2021-04-16,quantile,0.05,144.09180312638162
06,2021-04-05,11 day ahead inc hosp,2021-04-16,quantile,0.1,158.6598596545295
06,2021-04-05,11 day ahead inc hosp,2021-04-16,quantile,0.15,170.23266523702677
06,2021-04-05,11 day ahead inc hosp,2021-04-16,quantile,0.2,184.69566982389392
06,2021-04-05,11 day ahead inc hosp,2021-04-16,quantile,0.25,196.7797083775147
06,2021-04-05,11 day ahead inc hosp,2021-04-16,quantile,0.3,206.91071462516095
06,2021-04-05,11 day ahead inc hosp,2021-04-16,quantile,0.35,216.22116062529363
06,2021-04-05,11 day ahead inc hosp,2021-04-16,quantile,0.4,224.44363553989686
06,2021-04-05,11 day ahead inc hosp,2021-04-16,quantile,0.45,232.75082627916623
06,2021-04-05,11 day ahead inc hosp,2021-04-16,quantile,0.5,244.1344695106685
06,2021-04-05,11 day ahead inc hosp,2021-04-16,quantile,0.55,252.46135728604287
06,2021-04-05,11 day ahead inc hosp,2021-04-16,quantile,0.6,261.21294399715316
06,2021-04-05,11 day ahead inc hosp,2021-04-16,quantile,0.65,269.94371738246394
06,2021-04-05,11 day ahead inc hosp,2021-04-16,quantile,0.7,279.09849567966705
06,2021-04-05,11 day ahead inc hosp,2021-04-16,quantile,0.75,290.1598707824772
06,2021-04-05,11 day ahead inc hosp,2021-04-16,quantile,0.8,304.6368272007369
06,2021-04-05,11 day ahead inc hosp,2021-04-16,quantile,0.85,324.4098151563447
06,2021-04-05,11 day ahead inc hosp,2021-04-16,quantile,0.9,340.8615075411026
06,2021-04-05,11 day ahead inc hosp,2021-04-16,quantile,0.95,374.1465415287595
06,2021-04-05,11 day ahead inc hosp,2021-04-16,quantile,0.975,408.9578128289287
06,2021-04-05,11 day ahead inc hosp,2021-04-16,quantile,0.99,449.5155054184951
06,2021-04-05,12 day ahead inc hosp,2021-04-17,quantile,0.01,64.01131278561387
06,2021-04-05,12 day ahead inc hosp,2021-04-17,quantile,0.025,74.71230687003133
06,2021-04-05,12 day ahead inc hosp,2021-04-17,quantile,0.05,85.31998609375722
06,2021-04-05,12 day ahead inc hosp,2021-04-17,quantile,0.1,101.30067473172177
06,2021-04-05,12 day ahead inc hosp,2021-04-17,quantile,0.15,111.08006940614868
06,2021-04-05,12 day ahead inc hosp,2021-04-17,quantile,0.2,120.07960910148337
06,2021-04-05,12 day ahead inc hosp,2021-04-17,quantile,0.25,129.21941662892678
06,2021-04-05,12 day ahead inc hosp,2021-04-17,quantile,0.3,134.53315005179905
06,2021-04-05,12 day ahead inc hosp,2021-04-17,quantile,0.35,141.7522445149212
06,2021-04-05,12 day ahead inc hosp,2021-04-17,quantile,0.4,148.53237005907118
06,2021-04-05,12 day ahead inc hosp,2021-04-17,quantile,0.45,154.18377100281026
06,2021-04-05,12 day ahead inc hosp,2021-04-17,quantile,0.5,160.4888865412471
06,2021-04-05,12 day ahead inc hosp,2021-04-17,quantile,0.55,167.54292082842238
06,2021-04-05,12 day ahead inc hosp,2021-04-17,quantile,0.6,173.9318456500717
06,2021-04-05,12 day ahead inc hosp,2021-04-17,quantile,0.65,181.5415944736826
06,2021-04-05,12 day ahead inc hosp,2021-04-17,quantile,0.7,191.3091058723763
06,2021-04-05,12 day ahead inc hosp,2021-04-17,quantile,0.75,202.51453582107476
06,2021-04-05,12 day ahead inc hosp,2021-04-17,quantile,0.8,214.86526866508214
06,2021-04-05,12 day ahead inc hosp,2021-04-17,quantile,0.85,231.18028098853395
06,2021-04-05,12 day ahead inc hosp,2021-04-17,quantile,0.9,250.00806345791833
06,2021-04-05,12 day ahead inc hosp,2021-04-17,quantile,0.95,282.1748927879482
06,2021-04-05,12 day ahead inc hosp,2021-04-17,quantile,0.975,306.66590420593064
06,2021-04-05,12 day ahead inc hosp,2021-04-17,quantile,0.99,351.51707988843214
06,2021-04-05,13 day ahead inc hosp,2021-04-18,quantile,0.01,71.25742221114272
06,2021-04-05,13 day ahead inc hosp,2021-04-18,quantile,0.025,81.39480120136821
06,2021-04-05,13 day ahead inc hosp,2021-04-18,quantile,0.05,92.9692927865233
06,2021-04-05,13 day ahead inc hosp,2021-04-18,quantile,0.1,108.23546339992829
06,2021-04-05,13 day ahead inc hosp,2021-04-18,quantile,0.15,121.55032604066069
06,2021-04-05,13 day ahead inc hosp,2021-04-18,quantile,0.2,128.9367883373773
06,2021-04-05,13 day ahead inc hosp,2021-04-18,quantile,0.25,137.37179299891213
06,2021-04-05,13 day ahead inc hosp,2021-04-18,quantile,0.3,146.08266593149222
06,2021-04-05,13 day ahead inc hosp,2021-04-18,quantile,0.35,152.4365621428223
06,2021-04-05,13 day ahead inc hosp,2021-04-18,quantile,0.4,160.20915637623793
06,2021-04-05,13 day ahead inc hosp,2021-04-18,quantile,0.45,166.5474694065472
06,2021-04-05,13 day ahead inc hosp,2021-04-18,quantile,0.5,175.52484979929173
06,2021-04-05,13 day ahead inc hosp,2021-04-18,quantile,0.55,183.90991865680155
06,2021-04-05,13 day ahead inc hosp,2021-04-18,quantile,0.6,193.26028649057403
06,2021-04-05,13 day ahead inc hosp,2021-04-18,quantile,0.65,203.67221739516629
06,2021-04-05,13 day ahead inc hosp,2021-04-18,quantile,0.7,214.12799856641865
06,2021-04-05,13 day ahead inc hosp,2021-04-18,quantile,0.75,224.83588344286423
06,2021-04-05,13 day ahead inc hosp,2021-04-18,quantile,0.8,235.0582732737374
06,2021-04-05,13 day ahead inc hosp,2021-04-18,quantile,0.85,250.02586825861854
06,2021-04-05,13 day ahead inc hosp,2021-04-18,quantile,0.9,275.5426286443751
06,2021-04-05,13 day ahead inc hosp,2021-04-18,quantile,0.95,312.4524636764273
06,2021-04-05,13 day ahead inc hosp,2021-04-18,quantile,0.975,340.20671082906233
06,2021-04-05,13 day ahead inc hosp,2021-04-18,quantile,0.99,376.3335393459591
06,2021-04-05,14 day ahead inc hosp,2021-04-19,quantile,0.01,90.24618471552905
06,2021-04-05,14 day ahead inc hosp,2021-04-19,quantile,0.025,98.9692294380864
06,2021-04-05,14 day ahead inc hosp,2021-04-19,quantile,0.05,115.7792654864515
06,2021-04-05,14 day ahead inc hosp,2021-04-19,quantile,0.1,136.68758680701995
06,2021-04-05,14 day ahead inc hosp,2021-04-19,quantile,0.15,150.61600659936872
06,2021-04-05,14 day ahead inc hosp,2021-04-19,quantile,0.2,162.64919193633986
06,2021-04-05,14 day ahead inc hosp,2021-04-19,quantile,0.25,175.30487075772288
06,2021-04-05,14 day ahead inc hosp,2021-04-19,quantile,0.3,182.73943678854346
06,2021-04-05,14 day ahead inc hosp,2021-04-19,quantile,0.35,194.41872755055232
06,2021-04-05,14 day ahead inc hosp,2021-04-19,quantile,0.4,202.85405538573656
06,2021-04-05,14 day ahead inc hosp,2021-04-19,quantile,0.45,211.3078456386992
06,2021-04-05,14 day ahead inc hosp,2021-04-19,quantile,0.5,222.31464168676723
06,2021-04-05,14 day ahead inc hosp,2021-04-19,quantile,0.55,232.98055768957494
06,2021-04-05,14 day ahead inc hosp,2021-04-19,quantile,0.6,242.37102240373804
06,2021-04-05,14 day ahead inc hosp,2021-04-19,quantile,0.65,254.21090338801545
06,2021-04-05,14 day ahead inc hosp,2021-04-19,quantile,0.7,267.9509791663406
06,2021-04-05,14 day ahead inc hosp,2021-04-19,quantile,0.75,280.6456653519145
06,2021-04-05,14 day ahead inc hosp,2021-04-19,quantile,0.8,296.37932073051263
06,2021-04-05,14 day ahead inc hosp,2021-04-19,quantile,0.85,319.5016269294623
06,2021-04-05,14 day ahead inc hosp,2021-04-19,quantile,0.9,345.03969093457613
06,2021-04-05,14 day ahead inc hosp,2021-04-19,quantile,0.95,389.0753314673008
06,2021-04-05,14 day ahead inc hosp,2021-04-19,quantile,0.975,421.9646883756908
06,2021-04-05,14 day ahead inc hosp,2021-04-19,quantile,0.99,479.2009204136709
06,2021-04-05,15 day ahead inc hosp,2021-04-20,quantile,0.01,72.05311224372608
06,2021-04-05,15 day ahead inc hosp,2021-04-20,quantile,0.025,86.97343255846741
06,2021-04-05,15 day ahead inc hosp,2021-04-20,quantile,0.05,101.54504232061916
06,2021-04-05,15 day ahead inc hosp,2021-04-20,quantile,0.1,124.21621208080585
06,2021-04-05,15 day ahead inc hosp,2021-04-20,quantile,0.15,140.19101527341707
06,2021-04-05,15 day ahead inc hosp,2021-04-20,quantile,0.2,152.48918445000345
06,2021-04-05,15 day ahead inc hosp,2021-04-20,quantile,0.25,164.4204539535137
06,2021-04-05,15 day ahead inc hosp,2021-04-20,quantile,0.3,173.14121577034078
06,2021-04-05,15 day ahead inc hosp,2021-04-20,quantile,0.35,185.26503350877866
06,2021-04-05,15 day ahead inc hosp,2021-04-20,quantile,0.4,194.24737626205996
06,2021-04-05,15 day ahead inc hosp,2021-04-20,quantile,0.45,204.17107416891872
06,2021-04-05,15 day ahead inc hosp,2021-04-20,quantile,0.5,212.22347639232058
06,2021-04-05,15 day ahead inc hosp,2021-04-20,quantile,0.55,223.97357102900673
06,2021-04-05,15 day ahead inc hosp,2021-04-20,quantile,0.6,236.64011568639896
06,2021-04-05,15 day ahead inc hosp,2021-04-20,quantile,0.65,249.06880678924315
06,2021-04-05,15 day ahead inc hosp,2021-04-20,quantile,0.7,264.45982137780913
06,2021-04-05,15 day ahead inc hosp,2021-04-20,quantile,0.75,279.5506767223161
06,2021-04-05,15 day ahead inc hosp,2021-04-20,quantile,0.8,298.9926181657991
06,2021-04-05,15 day ahead inc hosp,2021-04-20,quantile,0.85,324.50716014566086
06,2021-04-05,15 day ahead inc hosp,2021-04-20,quantile,0.9,359.3717970058157
06,2021-04-05,15 day ahead inc hosp,2021-04-20,quantile,0.95,408.06014897372586
06,2021-04-05,15 day ahead inc hosp,2021-04-20,quantile,0.975,459.5760763735931
06,2021-04-05,15 day ahead inc hosp,2021-04-20,quantile,0.99,539.7275407841884
06,2021-04-05,16 day ahead inc hosp,2021-04-21,quantile,0.01,67.43589230305807
06,2021-04-05,16 day ahead inc hosp,2021-04-21,quantile,0.025,75.99934047123195
06,2021-04-05,16 day ahead inc hosp,2021-04-21,quantile,0.05,89.50905757948571
06,2021-04-05,16 day ahead inc hosp,2021-04-21,quantile,0.1,113.95367057410515
06,2021-04-05,16 day ahead inc hosp,2021-04-21,quantile,0.15,126.88566705628939
06,2021-04-05,16 day ahead inc hosp,2021-04-21,quantile,0.2,140.90486200873917
06,2021-04-05,16 day ahead inc hosp,2021-04-21,quantile,0.25,151.31289382976294
06,2021-04-05,16 day ahead inc hosp,2021-04-21,quantile,0.3,161.83188720832146
06,2021-04-05,16 day ahead inc hosp,2021-04-21,quantile,0.35,172.54279537482702
06,2021-04-05,16 day ahead inc hosp,2021-04-21,quantile,0.4,183.5176362411323
06,2021-04-05,16 day ahead inc hosp,2021-04-21,quantile,0.45,193.48046775350093
06,2021-04-05,16 day ahead inc hosp,2021-04-21,quantile,0.5,205.019054199663
06,2021-04-05,16 day ahead inc hosp,2021-04-21,quantile,0.55,215.69610886231106
06,2021-04-05,16 day ahead inc hosp,2021-04-21,quantile,0.6,229.2473728418904
06,2021-04-05,16 day ahead inc hosp,2021-04-21,quantile,0.65,244.6731001324709
06,2021-04-05,16 day ahead inc hosp,2021-04-21,quantile,0.7,261.77744570492865
06,2021-04-05,16 day ahead inc hosp,2021-04-21,quantile,0.75,278.6035128397127
06,2021-04-05,16 day ahead inc hosp,2021-04-21,quantile,0.8,295.34688842423935
06,2021-04-05,16 day ahead inc hosp,2021-04-21,quantile,0.85,319.7185846596066
06,2021-04-05,16 day ahead inc hosp,2021-04-21,quantile,0.9,356.73397681442606
06,2021-04-05,16 day ahead inc hosp,2021-04-21,quantile,0.95,409.36094072218026
06,2021-04-05,16 day ahead inc hosp,2021-04-21,quantile,0.975,474.8335607315169
06,2021-04-05,16 day ahead inc hosp,2021-04-21,quantile,0.99,533.3951009686945
06,2021-04-05,17 day ahead inc hosp,2021-04-22,quantile,0.01,51.65025148389984
06,2021-04-05,17 day ahead inc hosp,2021-04-22,quantile,0.025,68.63961933167523
06,2021-04-05,17 day ahead inc hosp,2021-04-22,quantile,0.05,83.9898543012645
06,2021-04-05,17 day ahead inc hosp,2021-04-22,quantile,0.1,100.13293646067257
06,2021-04-05,17 day ahead inc hosp,2021-04-22,quantile,0.15,115.80160516177116
06,2021-04-05,17 day ahead inc hosp,2021-04-22,quantile,0.2,129.89248554017794
06,2021-04-05,17 day ahead inc hosp,2021-04-22,quantile,0.25,141.23157908518212
06,2021-04-05,17 day ahead inc hosp,2021-04-22,quantile,0.3,151.27961867495054
06,2021-04-05,17 day ahead inc hosp,2021-04-22,quantile,0.35,161.15339130539513
06,2021-04-05,17 day ahead inc hosp,2021-04-22,quantile,0.4,171.58166893780734
06,2021-04-05,17 day ahead inc hosp,2021-04-22,quantile,0.45,181.51799664666342
06,2021-04-05,17 day ahead inc hosp,2021-04-22,quantile,0.5,195.01101700949465
06,2021-04-05,17 day ahead inc hosp,2021-04-22,quantile,0.55,208.21008529267323
06,2021-04-05,17 day ahead inc hosp,2021-04-22,quantile,0.6,221.7023379228998
06,2021-04-05,17 day ahead inc hosp,2021-04-22,quantile,0.65,233.97493371997598
06,2021-04-05,17 day ahead inc hosp,2021-04-22,quantile,0.7,255.90520049991792
06,2021-04-05,17 day ahead inc hosp,2021-04-22,quantile,0.75,271.7377540259879
06,2021-04-05,17 day ahead inc hosp,2021-04-22,quantile,0.8,290.5671435235105
06,2021-04-05,17 day ahead inc hosp,2021-04-22,quantile,0.85,318.82839794493634
06,2021-04-05,17 day ahead inc hosp,2021-04-22,quantile,0.9,351.56106103833014
06,2021-04-05,17 day ahead inc hosp,2021-04-22,quantile,0.95,406.0716245650824
06,2021-04-05,17 day ahead inc hosp,2021-04-22,quantile,0.975,474.42536665144905
06,2021-04-05,17 day ahead inc hosp,2021-04-22,quantile,0.99,540.697197723712
06,2021-04-05,18 day ahead inc hosp,2021-04-23,quantile,0.01,54.43776062893704
06,2021-04-05,18 day ahead inc hosp,2021-04-23,quantile,0.025,67.94017766594663
06,2021-04-05,18 day ahead inc hosp,2021-04-23,quantile,0.05,83.18636929634245
06,2021-04-05,18 day ahead inc hosp,2021-04-23,quantile,0.1,102.15072906632103
06,2021-04-05,18 day ahead inc hosp,2021-04-23,quantile,0.15,122.11519580830105
06,2021-04-05,18 day ahead inc hosp,2021-04-23,quantile,0.2,136.55252773499544
06,2021-04-05,18 day ahead inc hosp,2021-04-23,quantile,0.25,147.36626521287835
06,2021-04-05,18 day ahead inc hosp,2021-04-23,quantile,0.3,162.11857755573843
06,2021-04-05,18 day ahead inc hosp,2021-04-23,quantile,0.35,176.397752263927
06,2021-04-05,18 day ahead inc hosp,2021-04-23,quantile,0.4,188.58645478501344
06,2021-04-05,18 day ahead inc hosp,2021-04-23,quantile,0.45,200.7928188232637
06,2021-04-05,18 day ahead inc hosp,2021-04-23,quantile,0.5,212.67538846837977
06,2021-04-05,18 day ahead inc hosp,2021-04-23,quantile,0.55,227.06680475560822
06,2021-04-05,18 day ahead inc hosp,2021-04-23,quantile,0.6,239.84449729981412
06,2021-04-05,18 day ahead inc hosp,2021-04-23,quantile,0.65,253.28984303273273
06,2021-04-05,18 day ahead inc hosp,2021-04-23,quantile,0.7,272.50795164025345
06,2021-04-05,18 day ahead inc hosp,2021-04-23,quantile,0.75,299.2035893856607
06,2021-04-05,18 day ahead inc hosp,2021-04-23,quantile,0.8,317.2747065274877
06,2021-04-05,18 day ahead inc hosp,2021-04-23,quantile,0.85,344.8719711036321
06,2021-04-05,18 day ahead inc hosp,2021-04-23,quantile,0.9,377.67094561350126
06,2021-04-05,18 day ahead inc hosp,2021-04-23,quantile,0.95,438.60533707549354
06,2021-04-05,18 day ahead inc hosp,2021-04-23,quantile,0.975,514.3770475627829
06,2021-04-05,18 day ahead inc hosp,2021-04-23,quantile,0.99,590.918179357045
06,2021-04-05,19 day ahead inc hosp,2021-04-24,quantile,0.01,24.287402338856875
06,2021-04-05,19 day ahead inc hosp,2021-04-24,quantile,0.025,33.52163755753203
06,2021-04-05,19 day ahead inc hosp,2021-04-24,quantile,0.05,44.924966921741635
06,2021-04-05,19 day ahead inc hosp,2021-04-24,quantile,0.1,64.08205366169653
06,2021-04-05,19 day ahead inc hosp,2021-04-24,quantile,0.15,74.0145876306702
06,2021-04-05,19 day ahead inc hosp,2021-04-24,quantile,0.2,83.39621864999003
06,2021-04-05,19 day ahead inc hosp,2021-04-24,quantile,0.25,91.45490307618321
06,2021-04-05,19 day ahead inc hosp,2021-04-24,quantile,0.3,101.89695880235747
06,2021-04-05,19 day ahead inc hosp,2021-04-24,quantile,0.35,111.75118983804383
06,2021-04-05,19 day ahead inc hosp,2021-04-24,quantile,0.4,121.14004040763253
06,2021-04-05,19 day ahead inc hosp,2021-04-24,quantile,0.45,130.2958343912179
06,2021-04-05,19 day ahead inc hosp,2021-04-24,quantile,0.5,139.18087848597023
06,2021-04-05,19 day ahead inc hosp,2021-04-24,quantile,0.55,148.86393080001463
06,2021-04-05,19 day ahead inc hosp,2021-04-24,quantile,0.6,161.15063171102966
06,2021-04-05,19 day ahead inc hosp,2021-04-24,quantile,0.65,171.2687416559157
06,2021-04-05,19 day ahead inc hosp,2021-04-24,quantile,0.7,186.27201003013369
06,2021-04-05,19 day ahead inc hosp,2021-04-24,quantile,0.75,204.14892939188672
06,2021-04-05,19 day ahead inc hosp,2021-04-24,quantile,0.8,223.45394143794883
06,2021-04-05,19 day ahead inc hosp,2021-04-24,quantile,0.85,245.01230306882243
06,2021-04-05,19 day ahead inc hosp,2021-04-24,quantile,0.9,280.98503887149315
06,2021-04-05,19 day ahead inc hosp,2021-04-24,quantile,0.95,335.5369733475845
06,2021-04-05,19 day ahead inc hosp,2021-04-24,quantile,0.975,406.99809692641884
06,2021-04-05,19 day ahead inc hosp,2021-04-24,quantile,0.99,473.8237642711874
06,2021-04-05,20 day ahead inc hosp,2021-04-25,quantile,0.01,31.24648638922562
06,2021-04-05,20 day ahead inc hosp,2021-04-25,quantile,0.025,43.71239179467027
06,2021-04-05,20 day ahead inc hosp,2021-04-25,quantile,0.05,53.660451977583335
06,2021-04-05,20 day ahead inc hosp,2021-04-25,quantile,0.1,71.0660248995781
06,2021-04-05,20 day ahead inc hosp,2021-04-25,quantile,0.15,83.189407934477
06,2021-04-05,20 day ahead inc hosp,2021-04-25,quantile,0.2,95.61983119702866
06,2021-04-05,20 day ahead inc hosp,2021-04-25,quantile,0.25,106.41979445616214
06,2021-04-05,20 day ahead inc hosp,2021-04-25,quantile,0.3,115.93231716350833
06,2021-04-05,20 day ahead inc hosp,2021-04-25,quantile,0.35,128.74838432609494
06,2021-04-05,20 day ahead inc hosp,2021-04-25,quantile,0.4,138.75166639209917
06,2021-04-05,20 day ahead inc hosp,2021-04-25,quantile,0.45,148.22941157981958
06,2021-04-05,20 day ahead inc hosp,2021-04-25,quantile,0.5,162.03472640066659
06,2021-04-05,20 day ahead inc hosp,2021-04-25,quantile,0.55,175.39664160107773
06,2021-04-05,20 day ahead inc hosp,2021-04-25,quantile,0.6,187.53477808593328
06,2021-04-05,20 day ahead inc hosp,2021-04-25,quantile,0.65,199.34906798404302
06,2021-04-05,20 day ahead inc hosp,2021-04-25,quantile,0.7,214.34071907914685
06,2021-04-05,20 day ahead inc hosp,2021-04-25,quantile,0.75,231.16922756876116
06,2021-04-05,20 day ahead inc hosp,2021-04-25,quantile,0.8,258.83784885661026
06,2021-04-05,20 day ahead inc hosp,2021-04-25,quantile,0.85,287.2622756825703
06,2021-04-05,20 day ahead inc hosp,2021-04-25,quantile,0.9,328.477998272913
06,2021-04-05,20 day ahead inc hosp,2021-04-25,quantile,0.95,398.9172806988076
06,2021-04-05,20 day ahead inc hosp,2021-04-25,quantile,0.975,446.9078662410541
06,2021-04-05,20 day ahead inc hosp,2021-04-25,quantile,0.99,548.0812859148272
06,2021-04-05,21 day ahead inc hosp,2021-04-26,quantile,0.01,36.51478329011889
06,2021-04-05,21 day ahead inc hosp,2021-04-26,quantile,0.025,50.21128567103678
06,2021-04-05,21 day ahead inc hosp,2021-04-26,quantile,0.05,67.38581419252189
06,2021-04-05,21 day ahead inc hosp,2021-04-26,quantile,0.1,86.67489407228119
06,2021-04-05,21 day ahead inc hosp,2021-04-26,quantile,0.15,106.0079844855877
06,2021-04-05,21 day ahead inc hosp,2021-04-26,quantile,0.2,120.00578560241848
06,2021-04-05,21 day ahead inc hosp,2021-04-26,quantile,0.25,132.05460792384986
06,2021-04-05,21 day ahead inc hosp,2021-04-26,quantile,0.3,144.59293637381572
06,2021-04-05,21 day ahead inc hosp,2021-04-26,quantile,0.35,161.00629308439264
06,2021-04-05,21 day ahead inc hosp,2021-04-26,quantile,0.4,174.09273003515472
06,2021-04-05,21 day ahead inc hosp,2021-04-26,quantile,0.45,184.73636076575562
06,2021-04-05,21 day ahead inc hosp,2021-04-26,quantile,0.5,196.46259812070187
06,2021-04-05,21 day ahead inc hosp,2021-04-26,quantile,0.55,211.38809991275568
06,2021-04-05,21 day ahead inc hosp,2021-04-26,quantile,0.6,229.700181651313
06,2021-04-05,21 day ahead inc hosp,2021-04-26,quantile,0.65,249.51312937659353
06,2021-04-05,21 day ahead inc hosp,2021-04-26,quantile,0.7,268.6413676788886
06,2021-04-05,21 day ahead inc hosp,2021-04-26,quantile,0.75,287.82493647595965
06,2021-04-05,21 day ahead inc hosp,2021-04-26,quantile,0.8,317.1995303291259
06,2021-04-05,21 day ahead inc hosp,2021-04-26,quantile,0.85,349.4249900482481
06,2021-04-05,21 day ahead inc hosp,2021-04-26,quantile,0.9,402.1643549986634
06,2021-04-05,21 day ahead inc hosp,2021-04-26,quantile,0.95,478.6571887199256
06,2021-04-05,21 day ahead inc hosp,2021-04-26,quantile,0.975,551.2009814260005
06,2021-04-05,21 day ahead inc hosp,2021-04-26,quantile,0.99,676.6881882072884
06,2021-04-05,22 day ahead inc hosp,2021-04-27,quantile,0.01,30.600228463842534
06,2021-04-05,22 day ahead inc hosp,2021-04-27,quantile,0.025,41.29508501461703
06,2021-04-05,22 day ahead inc hosp,2021-04-27,quantile,0.05,55.735701871388486
06,2021-04-05,22 day ahead inc hosp,2021-04-27,quantile,0.1,78.11725865076212
06,2021-04-05,22 day ahead inc hosp,2021-04-27,quantile,0.15,93.63376224246666
06,2021-04-05,22 day ahead inc hosp,2021-04-27,quantile,0.2,107.71988333849151
06,2021-04-05,22 day ahead inc hosp,2021-04-27,quantile,0.25,120.58698848435064
06,2021-04-05,22 day ahead inc hosp,2021-04-27,quantile,0.3,132.00926377316657
06,2021-04-05,22 day ahead inc hosp,2021-04-27,quantile,0.35,143.66693052991855
06,2021-04-05,22 day ahead inc hosp,2021-04-27,quantile,0.4,158.26495112978853
06,2021-04-05,22 day ahead inc hosp,2021-04-27,quantile,0.45,168.1104504892685
06,2021-04-05,22 day ahead inc hosp,2021-04-27,quantile,0.5,186.92646857431075
06,2021-04-05,22 day ahead inc hosp,2021-04-27,quantile,0.55,203.64452439986206
06,2021-04-05,22 day ahead inc hosp,2021-04-27,quantile,0.6,217.08676298356045
06,2021-04-05,22 day ahead inc hosp,2021-04-27,quantile,0.65,234.30999559044008
06,2021-04-05,22 day ahead inc hosp,2021-04-27,quantile,0.7,256.76542581219843
06,2021-04-05,22 day ahead inc hosp,2021-04-27,quantile,0.75,285.2268136446786
06,2021-04-05,22 day ahead inc hosp,2021-04-27,quantile,0.8,311.32166096817525
06,2021-04-05,22 day ahead inc hosp,2021-04-27,quantile,0.85,352.09057551423257
06,2021-04-05,22 day ahead inc hosp,2021-04-27,quantile,0.9,406.7591594476981
06,2021-04-05,22 day ahead inc hosp,2021-04-27,quantile,0.95,500.619317226967
06,2021-04-05,22 day ahead inc hosp,2021-04-27,quantile,0.975,571.5990788934153
06,2021-04-05,22 day ahead inc hosp,2021-04-27,quantile,0.99,682.5195469211667
06,2021-04-05,23 day ahead inc hosp,2021-04-28,quantile,0.01,27.122095988623737
06,2021-04-05,23 day ahead inc hosp,2021-04-28,quantile,0.025,37.63368731785072
06,2021-04-05,23 day ahead inc hosp,2021-04-28,quantile,0.05,49.253542116246756
06,2021-04-05,23 day ahead inc hosp,2021-04-28,quantile,0.1,69.86526362379529
06,2021-04-05,23 day ahead inc hosp,2021-04-28,quantile,0.15,85.5311802972455
06,2021-04-05,23 day ahead inc hosp,2021-04-28,quantile,0.2,102.38703111705848
06,2021-04-05,23 day ahead inc hosp,2021-04-28,quantile,0.25,112.47147825121205
06,2021-04-05,23 day ahead inc hosp,2021-04-28,quantile,0.3,127.86220629342812
06,2021-04-05,23 day ahead inc hosp,2021-04-28,quantile,0.35,141.0656161574611
06,2021-04-05,23 day ahead inc hosp,2021-04-28,quantile,0.4,154.19483283603725
06,2021-04-05,23 day ahead inc hosp,2021-04-28,quantile,0.45,169.0573966981217
06,2021-04-05,23 day ahead inc hosp,2021-04-28,quantile,0.5,181.9310269651005
06,2021-04-05,23 day ahead inc hosp,2021-04-28,quantile,0.55,197.73208384710665
06,2021-04-05,23 day ahead inc hosp,2021-04-28,quantile,0.6,218.640163683772
06,2021-04-05,23 day ahead inc hosp,2021-04-28,quantile,0.65,239.38315370062102
06,2021-04-05,23 day ahead inc hosp,2021-04-28,quantile,0.7,262.01736388256813
06,2021-04-05,23 day ahead inc hosp,2021-04-28,quantile,0.75,288.369744191474
06,2021-04-05,23 day ahead inc hosp,2021-04-28,quantile,0.8,318.30727161537686
06,2021-04-05,23 day ahead inc hosp,2021-04-28,quantile,0.85,355.3403421188573
06,2021-04-05,23 day ahead inc hosp,2021-04-28,quantile,0.9,409.8844093917131
06,2021-04-05,23 day ahead inc hosp,2021-04-28,quantile,0.95,506.93060819377104
06,2021-04-05,23 day ahead inc hosp,2021-04-28,quantile,0.975,614.308971186121
06,2021-04-05,23 day ahead inc hosp,2021-04-28,quantile,0.99,754.2167287200695
06,2021-04-05,24 day ahead inc hosp,2021-04-29,quantile,0.01,18.846911262899184
06,2021-04-05,24 day ahead inc hosp,2021-04-29,quantile,0.025,29.35480123212784
06,2021-04-05,24 day ahead inc hosp,2021-04-29,quantile,0.05,43.387216526071434
06,2021-04-05,24 day ahead inc hosp,2021-04-29,quantile,0.1,60.678466040633886
06,2021-04-05,24 day ahead inc hosp,2021-04-29,quantile,0.15,75.98519803842963
06,2021-04-05,24 day ahead inc hosp,2021-04-29,quantile,0.2,90.86991120889891
06,2021-04-05,24 day ahead inc hosp,2021-04-29,quantile,0.25,103.04963453926105
06,2021-04-05,24 day ahead inc hosp,2021-04-29,quantile,0.3,118.22599366126751
06,2021-04-05,24 day ahead inc hosp,2021-04-29,quantile,0.35,131.04351308109136
06,2021-04-05,24 day ahead inc hosp,2021-04-29,quantile,0.4,142.7069446281146
06,2021-04-05,24 day ahead inc hosp,2021-04-29,quantile,0.45,157.40518796907583
06,2021-04-05,24 day ahead inc hosp,2021-04-29,quantile,0.5,173.173913884569
06,2021-04-05,24 day ahead inc hosp,2021-04-29,quantile,0.55,188.10432334104877
06,2021-04-05,24 day ahead inc hosp,2021-04-29,quantile,0.6,203.4618630603587
06,2021-04-05,24 day ahead inc hosp,2021-04-29,quantile,0.65,223.860346060363
06,2021-04-05,24 day ahead inc hosp,2021-04-29,quantile,0.7,247.85800648360774
06,2021-04-05,24 day ahead inc hosp,2021-04-29,quantile,0.75,273.0547892919544
06,2021-04-05,24 day ahead inc hosp,2021-04-29,quantile,0.8,309.3648064797862
06,2021-04-05,24 day ahead inc hosp,2021-04-29,quantile,0.85,342.22252605385097
06,2021-04-05,24 day ahead inc hosp,2021-04-29,quantile,0.9,404.753669975481
06,2021-04-05,24 day ahead inc hosp,2021-04-29,quantile,0.95,506.9837264491203
06,2021-04-05,24 day ahead inc hosp,2021-04-29,quantile,0.975,601.9670662216055
06,2021-04-05,24 day ahead inc hosp,2021-04-29,quantile,0.99,742.1664423438862
06,2021-04-05,25 day ahead inc hosp,2021-04-30,quantile,0.01,19.92305824983233
06,2021-04-05,25 day ahead inc hosp,2021-04-30,quantile,0.025,28.078262480118376
06,2021-04-05,25 day ahead inc hosp,2021-04-30,quantile,0.05,43.3392134271766
06,2021-04-05,25 day ahead inc hosp,2021-04-30,quantile,0.1,62.107760333688404
06,2021-04-05,25 day ahead inc hosp,2021-04-30,quantile,0.15,80.08020146179284
06,2021-04-05,25 day ahead inc hosp,2021-04-30,quantile,0.2,94.38254234149146
06,2021-04-05,25 day ahead inc hosp,2021-04-30,quantile,0.25,108.35604896504498
06,2021-04-05,25 day ahead inc hosp,2021-04-30,quantile,0.3,125.1344569165232
06,2021-04-05,25 day ahead inc hosp,2021-04-30,quantile,0.35,140.5750239711243
06,2021-04-05,25 day ahead inc hosp,2021-04-30,quantile,0.4,158.13711074561334
06,2021-04-05,25 day ahead inc hosp,2021-04-30,quantile,0.45,174.43560347411034
06,2021-04-05,25 day ahead inc hosp,2021-04-30,quantile,0.5,194.0909445850585
06,2021-04-05,25 day ahead inc hosp,2021-04-30,quantile,0.55,208.61365788482243
06,2021-04-05,25 day ahead inc hosp,2021-04-30,quantile,0.6,225.02507696475865
06,2021-04-05,25 day ahead inc hosp,2021-04-30,quantile,0.65,245.27531387906043
06,2021-04-05,25 day ahead inc hosp,2021-04-30,quantile,0.7,275.37647863486393
06,2021-04-05,25 day ahead inc hosp,2021-04-30,quantile,0.75,300.52086976730607
06,2021-04-05,25 day ahead inc hosp,2021-04-30,quantile,0.8,332.8722012914383
06,2021-04-05,25 day ahead inc hosp,2021-04-30,quantile,0.85,376.8498253365484
06,2021-04-05,25 day ahead inc hosp,2021-04-30,quantile,0.9,460.4528608988696
06,2021-04-05,25 day ahead inc hosp,2021-04-30,quantile,0.95,559.2181602807892
06,2021-04-05,25 day ahead inc hosp,2021-04-30,quantile,0.975,672.5122383307399
06,2021-04-05,25 day ahead inc hosp,2021-04-30,quantile,0.99,860.558213340746
06,2021-04-05,26 day ahead inc hosp,2021-05-01,quantile,0.01,6.788462278623347
06,2021-04-05,26 day ahead inc hosp,2021-05-01,quantile,0.025,12.65483153607528
06,2021-04-05,26 day ahead inc hosp,2021-05-01,quantile,0.05,23.35239892768785
06,2021-04-05,26 day ahead inc hosp,2021-05-01,quantile,0.1,33.32127138021922
06,2021-04-05,26 day ahead inc hosp,2021-05-01,quantile,0.15,46.1507887368699
06,2021-04-05,26 day ahead inc hosp,2021-05-01,quantile,0.2,53.106436847877546
06,2021-04-05,26 day ahead inc hosp,2021-05-01,quantile,0.25,65.72485138696139
06,2021-04-05,26 day ahead inc hosp,2021-05-01,quantile,0.3,78.0691355851549
06,2021-04-05,26 day ahead inc hosp,2021-05-01,quantile,0.35,88.76251515715353
06,2021-04-05,26 day ahead inc hosp,2021-05-01,quantile,0.4,98.64226816970714
06,2021-04-05,26 day ahead inc hosp,2021-05-01,quantile,0.45,109.40026319408926
06,2021-04-05,26 day ahead inc hosp,2021-05-01,quantile,0.5,123.8065087990702
06,2021-04-05,26 day ahead inc hosp,2021-05-01,quantile,0.55,134.865331794079
06,2021-04-05,26 day ahead inc hosp,2021-05-01,quantile,0.6,150.9322737336171
06,2021-04-05,26 day ahead inc hosp,2021-05-01,quantile,0.65,170.56620771586307
06,2021-04-05,26 day ahead inc hosp,2021-05-01,quantile,0.7,187.65827086870704
06,2021-04-05,26 day ahead inc hosp,2021-05-01,quantile,0.75,208.95259684330875
06,2021-04-05,26 day ahead inc hosp,2021-05-01,quantile,0.8,236.1095418914252
06,2021-04-05,26 day ahead inc hosp,2021-05-01,quantile,0.85,278.005605375707
06,2021-04-05,26 day ahead inc hosp,2021-05-01,quantile,0.9,344.3823090554205
06,2021-04-05,26 day ahead inc hosp,2021-05-01,quantile,0.95,425.31098659926386
06,2021-04-05,26 day ahead inc hosp,2021-05-01,quantile,0.975,521.6847572925107
06,2021-04-05,26 day ahead inc hosp,2021-05-01,quantile,0.99,675.9585547331199
06,2021-04-05,27 day ahead inc hosp,2021-05-02,quantile,0.01,6.741882280282095
06,2021-04-05,27 day ahead inc hosp,2021-05-02,quantile,0.025,15.702111247708842
06,2021-04-05,27 day ahead inc hosp,2021-05-02,quantile,0.05,23.768499227009237
06,2021-04-05,27 day ahead inc hosp,2021-05-02,quantile,0.1,35.34426425443039
06,2021-04-05,27 day ahead inc hosp,2021-05-02,quantile,0.15,50.65082244312608
06,2021-04-05,27 day ahead inc hosp,2021-05-02,quantile,0.2,61.01115485612783
06,2021-04-05,27 day ahead inc hosp,2021-05-02,quantile,0.25,71.30932371339006
06,2021-04-05,27 day ahead inc hosp,2021-05-02,quantile,0.3,85.92533852848061
06,2021-04-05,27 day ahead inc hosp,2021-05-02,quantile,0.35,98.37800509148843
06,2021-04-05,27 day ahead inc hosp,2021-05-02,quantile,0.4,111.58276647797761
06,2021-04-05,27 day ahead inc hosp,2021-05-02,quantile,0.45,126.19247022664717
06,2021-04-05,27 day ahead inc hosp,2021-05-02,quantile,0.5,141.79977903562087
06,2021-04-05,27 day ahead inc hosp,2021-05-02,quantile,0.55,156.0373948371119
06,2021-04-05,27 day ahead inc hosp,2021-05-02,quantile,0.6,171.21336352792997
06,2021-04-05,27 day ahead inc hosp,2021-05-02,quantile,0.65,189.414235241256
06,2021-04-05,27 day ahead inc hosp,2021-05-02,quantile,0.7,208.39569170355838
06,2021-04-05,27 day ahead inc hosp,2021-05-02,quantile,0.75,234.0853825361939
06,2021-04-05,27 day ahead inc hosp,2021-05-02,quantile,0.8,263.2579230167861
06,2021-04-05,27 day ahead inc hosp,2021-05-02,quantile,0.85,310.84852987892725
06,2021-04-05,27 day ahead inc hosp,2021-05-02,quantile,0.9,391.7470446411805
06,2021-04-05,27 day ahead inc hosp,2021-05-02,quantile,0.95,492.4856794354921
06,2021-04-05,27 day ahead inc hosp,2021-05-02,quantile,0.975,610.1213154683068
06,2021-04-05,27 day ahead inc hosp,2021-05-02,quantile,0.99,725.5345098550401
06,2021-04-05,28 day ahead inc hosp,2021-05-03,quantile,0.01,10.727143067313486
06,2021-04-05,28 day ahead inc hosp,2021-05-03,quantile,0.025,20.13705311776381
06,2021-04-05,28 day ahead inc hosp,2021-05-03,quantile,0.05,30.039786305735337
06,2021-04-05,28 day ahead inc hosp,2021-05-03,quantile,0.1,48.46210935798203
06,2021-04-05,28 day ahead inc hosp,2021-05-03,quantile,0.15,67.65901046430557
06,2021-04-05,28 day ahead inc hosp,2021-05-03,quantile,0.2,80.38745372918744
06,2021-04-05,28 day ahead inc hosp,2021-05-03,quantile,0.25,93.98161014551157
06,2021-04-05,28 day ahead inc hosp,2021-05-03,quantile,0.3,108.45299366516961
06,2021-04-05,28 day ahead inc hosp,2021-05-03,quantile,0.35,125.08098984251838
06,2021-04-05,28 day ahead inc hosp,2021-05-03,quantile,0.4,142.09025733185692
06,2021-04-05,28 day ahead inc hosp,2021-05-03,quantile,0.45,158.50796516373245
06,2021-04-05,28 day ahead inc hosp,2021-05-03,quantile,0.5,178.21842327278026
06,2021-04-05,28 day ahead inc hosp,2021-05-03,quantile,0.55,194.3978610940467
06,2021-04-05,28 day ahead inc hosp,2021-05-03,quantile,0.6,220.3560042540614
06,2021-04-05,28 day ahead inc hosp,2021-05-03,quantile,0.65,239.9572977326479
06,2021-04-05,28 day ahead inc hosp,2021-05-03,quantile,0.7,270.42156446054787
06,2021-04-05,28 day ahead inc hosp,2021-05-03,quantile,0.75,295.14122865638666
06,2021-04-05,28 day ahead inc hosp,2021-05-03,quantile,0.8,337.2611301201925
06,2021-04-05,28 day ahead inc hosp,2021-05-03,quantile,0.85,402.52562640591094
06,2021-04-05,28 day ahead inc hosp,2021-05-03,quantile,0.9,481.9780855471454
06,2021-04-05,28 day ahead inc hosp,2021-05-03,quantile,0.95,606.8514405023166
06,2021-04-05,28 day ahead inc hosp,2021-05-03,quantile,0.975,735.1538086437746
06,2021-04-05,28 day ahead inc hosp,2021-05-03,quantile,0.99,919.9958016184975
06,2021-04-05,1 day ahead inc case,2021-04-06,quantile,0.01,965.1248803427566
06,2021-04-05,1 day ahead inc case,2021-04-06,quantile,0.025,1126.500038522326
06,2021-04-05,1 day ahead inc case,2021-04-06,quantile,0.05,1280.996649917219
06,2021-04-05,1 day ahead inc case,2021-04-06,quantile,0.1,1478.3953849519387
06,2021-04-05,1 day ahead inc case,2021-04-06,quantile,0.15,1631.8187938995618
06,2021-04-05,1 day ahead inc case,2021-04-06,quantile,0.2,1778.6034465936807
06,2021-04-05,1 day ahead inc case,2021-04-06,quantile,0.25,1903.7571864851855
06,2021-04-05,1 day ahead inc case,2021-04-06,quantile,0.3,2023.7460572709763
06,2021-04-05,1 day ahead inc case,2021-04-06,quantile,0.35,2156.6293855064237
06,2021-04-05,1 day ahead inc case,2021-04-06,quantile,0.4,2242.187762865245
06,2021-04-05,1 day ahead inc case,2021-04-06,quantile,0.45,2374.7128453215614
06,2021-04-05,1 day ahead inc case,2021-04-06,quantile,0.5,2483.948305976938
06,2021-04-05,1 day ahead inc case,2021-04-06,quantile,0.55,2606.7977183168036
06,2021-04-05,1 day ahead inc case,2021-04-06,quantile,0.6,2705.860637663787
06,2021-04-05,1 day ahead inc case,2021-04-06,quantile,0.65,2831.895778914368
06,2021-04-05,1 day ahead inc case,2021-04-06,quantile,0.7,2997.732446459266
06,2021-04-05,1 day ahead inc case,2021-04-06,quantile,0.75,3117.1298589455832
06,2021-04-05,1 day ahead inc case,2021-04-06,quantile,0.8,3292.2366188115357
06,2021-04-05,1 day ahead inc case,2021-04-06,quantile,0.85,3517.6963757616413
06,2021-04-05,1 day ahead inc case,2021-04-06,quantile,0.9,3730.5891232051467
06,2021-04-05,1 day ahead inc case,2021-04-06,quantile,0.95,4174.93882007957
06,2021-04-05,1 day ahead inc case,2021-04-06,quantile,0.975,4598.9089698635
06,2021-04-05,1 day ahead inc case,2021-04-06,quantile,0.99,5112.37003246563
06,2021-04-05,2 day ahead inc case,2021-04-07,quantile,0.01,1148.6310012408799
06,2021-04-05,2 day ahead inc case,2021-04-07,quantile,0.025,1295.6008655839873
06,2021-04-05,2 day ahead inc case,2021-04-07,quantile,0.05,1466.1981663361628
06,2021-04-05,2 day ahead inc case,2021-04-07,quantile,0.1,1687.8867559820333
06,2021-04-05,2 day ahead inc case,2021-04-07,quantile,0.15,1876.0320136719533
06,2021-04-05,2 day ahead inc case,2021-04-07,quantile,0.2,2053.360097567604
06,2021-04-05,2 day ahead inc case,2021-04-07,quantile,0.25,2209.9696468914262
06,2021-04-05,2 day ahead inc case,2021-04-07,quantile,0.3,2370.597456743508
06,2021-04-05,2 day ahead inc case,2021-04-07,quantile,0.35,2509.513555572514
06,2021-04-05,2 day ahead inc case,2021-04-07,quantile,0.4,2601.600878405974
06,2021-04-05,2 day ahead inc case,2021-04-07,quantile,0.45,2739.7860801891256
06,2021-04-05,2 day ahead inc case,2021-04-07,quantile,0.5,2884.589241897317
06,2021-04-05,2 day ahead inc case,2021-04-07,quantile,0.55,2993.3924154323095
06,2021-04-05,2 day ahead inc case,2021-04-07,quantile,0.6,3126.3543418125405
06,2021-04-05,2 day ahead inc case,2021-04-07,quantile,0.65,3277.3949845565953
06,2021-04-05,2 day ahead inc case,2021-04-07,quantile,0.7,3454.6271779337594
06,2021-04-05,2 day ahead inc case,2021-04-07,quantile,0.75,3633.0722274384393
06,2021-04-05,2 day ahead inc case,2021-04-07,quantile,0.8,3826.1127119108114
06,2021-04-05,2 day ahead inc case,2021-04-07,quantile,0.85,4129.157866684553
06,2021-04-05,2 day ahead inc case,2021-04-07,quantile,0.9,4492.126552156438
06,2021-04-05,2 day ahead inc case,2021-04-07,quantile,0.95,5099.535825651129
06,2021-04-05,2 day ahead inc case,2021-04-07,quantile,0.975,5810.907881575329
06,2021-04-05,2 day ahead inc case,2021-04-07,quantile,0.99,6556.265676221107
06,2021-04-05,3 day ahead inc case,2021-04-08,quantile,0.01,804.625095441884
06,2021-04-05,3 day ahead inc case,2021-04-08,quantile,0.025,985.857827887582
06,2021-04-05,3 day ahead inc case,2021-04-08,quantile,0.05,1193.0770589312135
06,2021-04-05,3 day ahead inc case,2021-04-08,quantile,0.1,1459.7658369926498
06,2021-04-05,3 day ahead inc case,2021-04-08,quantile,0.15,1655.220259925481
06,2021-04-05,3 day ahead inc case,2021-04-08,quantile,0.2,1803.980582719373
06,2021-04-05,3 day ahead inc case,2021-04-08,quantile,0.25,1982.8383308396456
06,2021-04-05,3 day ahead inc case,2021-04-08,quantile,0.3,2112.92103093168
06,2021-04-05,3 day ahead inc case,2021-04-08,quantile,0.35,2267.093800465835
06,2021-04-05,3 day ahead inc case,2021-04-08,quantile,0.4,2379.704528041699
06,2021-04-05,3 day ahead inc case,2021-04-08,quantile,0.45,2524.0997227246353
06,2021-04-05,3 day ahead inc case,2021-04-08,quantile,0.5,2696.3441825403866
06,2021-04-05,3 day ahead inc case,2021-04-08,quantile,0.55,2812.2479890273116
06,2021-04-05,3 day ahead inc case,2021-04-08,quantile,0.6,2949.07145212102
06,2021-04-05,3 day ahead inc case,2021-04-08,quantile,0.65,3118.024303302416
06,2021-04-05,3 day ahead inc case,2021-04-08,quantile,0.7,3323.1849816928693
06,2021-04-05,3 day ahead inc case,2021-04-08,quantile,0.75,3495.585226543547
06,2021-04-05,3 day ahead inc case,2021-04-08,quantile,0.8,3711.4065353365327
06,2021-04-05,3 day ahead inc case,2021-04-08,quantile,0.85,4008.06691882719
06,2021-04-05,3 day ahead inc case,2021-04-08,quantile,0.9,4425.732385392169
06,2021-04-05,3 day ahead inc case,2021-04-08,quantile,0.95,5062.027762979468
06,2021-04-05,3 day ahead inc case,2021-04-08,quantile,0.975,5577.315756822567
06,2021-04-05,3 day ahead inc case,2021-04-08,quantile,0.99,6433.268506191408
06,2021-04-05,4 day ahead inc case,2021-04-09,quantile,0.01,1530.600224074923
06,2021-04-05,4 day ahead inc case,2021-04-09,quantile,0.025,1787.0126020765529
06,2021-04-05,4 day ahead inc case,2021-04-09,quantile,0.05,2069.451437328463
06,2021-04-05,4 day ahead inc case,2021-04-09,quantile,0.1,2597.081383386374
06,2021-04-05,4 day ahead inc case,2021-04-09,quantile,0.15,2887.4317547608994
06,2021-04-05,4 day ahead inc case,2021-04-09,quantile,0.2,3152.0616678997053
06,2021-04-05,4 day ahead inc case,2021-04-09,quantile,0.25,3347.0050190398474
06,2021-04-05,4 day ahead inc case,2021-04-09,quantile,0.3,3554.3126002278764
06,2021-04-05,4 day ahead inc case,2021-04-09,quantile,0.35,3781.357021764447
06,2021-04-05,4 day ahead inc case,2021-04-09,quantile,0.4,4017.7043768939807
06,2021-04-05,4 day ahead inc case,2021-04-09,quantile,0.45,4165.793497754843
06,2021-04-05,4 day ahead inc case,2021-04-09,quantile,0.5,4312.790559631404
06,2021-04-05,4 day ahead inc case,2021-04-09,quantile,0.55,4517.520465804316
06,2021-04-05,4 day ahead inc case,2021-04-09,quantile,0.6,4788.487051430562
06,2021-04-05,4 day ahead inc case,2021-04-09,quantile,0.65,5067.538392987806
06,2021-04-05,4 day ahead inc case,2021-04-09,quantile,0.7,5320.048528890004
06,2021-04-05,4 day ahead inc case,2021-04-09,quantile,0.75,5649.159159195047
06,2021-04-05,4 day ahead inc case,2021-04-09,quantile,0.8,6020.2718438737675
06,2021-04-05,4 day ahead inc case,2021-04-09,quantile,0.85,6495.216616526472
06,2021-04-05,4 day ahead inc case,2021-04-09,quantile,0.9,7010.628822677309
06,2021-04-05,4 day ahead inc case,2021-04-09,quantile,0.95,7835.777645137962
06,2021-04-05,4 day ahead inc case,2021-04-09,quantile,0.975,8494.990839341534
06,2021-04-05,4 day ahead inc case,2021-04-09,quantile,0.99,9465.20653289669
06,2021-04-05,5 day ahead inc case,2021-04-10,quantile,0.01,769.294261037199
06,2021-04-05,5 day ahead inc case,2021-04-10,quantile,0.025,932.8950085146765
06,2021-04-05,5 day ahead inc case,2021-04-10,quantile,0.05,1073.9732411080433
06,2021-04-05,5 day ahead inc case,2021-04-10,quantile,0.1,1330.2774177613396
06,2021-04-05,5 day ahead inc case,2021-04-10,quantile,0.15,1524.247818255378
06,2021-04-05,5 day ahead inc case,2021-04-10,quantile,0.2,1662.8505241504029
06,2021-04-05,5 day ahead inc case,2021-04-10,quantile,0.25,1851.0106663599827
06,2021-04-05,5 day ahead inc case,2021-04-10,quantile,0.3,1993.10803037592
06,2021-04-05,5 day ahead inc case,2021-04-10,quantile,0.35,2130.419157663426
06,2021-04-05,5 day ahead inc case,2021-04-10,quantile,0.4,2285.7401676901754
06,2021-04-05,5 day ahead inc case,2021-04-10,quantile,0.45,2404.6691037468654
06,2021-04-05,5 day ahead inc case,2021-04-10,quantile,0.5,2563.7667069653708
06,2021-04-05,5 day ahead inc case,2021-04-10,quantile,0.55,2685.98513451463
06,2021-04-05,5 day ahead inc case,2021-04-10,quantile,0.6,2870.3749093057418
06,2021-04-05,5 day ahead inc case,2021-04-10,quantile,0.65,3032.2580952434573
06,2021-04-05,5 day ahead inc case,2021-04-10,quantile,0.7,3242.8618612918076
06,2021-04-05,5 day ahead inc case,2021-04-10,quantile,0.75,3497.576826492392
06,2021-04-05,5 day ahead inc case,2021-04-10,quantile,0.8,3724.8562533360205
06,2021-04-05,5 day ahead inc case,2021-04-10,quantile,0.85,3996.9454666918723
06,2021-04-05,5 day ahead inc case,2021-04-10,quantile,0.9,4472.91288240053
06,2021-04-05,5 day ahead inc case,2021-04-10,quantile,0.95,5157.585512758663
06,2021-04-05,5 day ahead inc case,2021-04-10,quantile,0.975,5964.638186949144
06,2021-04-05,5 day ahead inc case,2021-04-10,quantile,0.99,7097.066553086018
06,2021-04-05,6 day ahead inc case,2021-04-11,quantile,0.01,424.804307811102
06,2021-04-05,6 day ahead inc case,2021-04-11,quantile,0.025,537.4164940903948
06,2021-04-05,6 day ahead inc case,2021-04-11,quantile,0.05,686.580684105574
06,2021-04-05,6 day ahead inc case,2021-04-11,quantile,0.1,851.164749962002
06,2021-04-05,6 day ahead inc case,2021-04-11,quantile,0.15,1003.1291789272896
06,2021-04-05,6 day ahead inc case,2021-04-11,quantile,0.2,1131.9943359485505
06,2021-04-05,6 day ahead inc case,2021-04-11,quantile,0.25,1232.579542710363
06,2021-04-05,6 day ahead inc case,2021-04-11,quantile,0.3,1335.7984110887526
06,2021-04-05,6 day ahead inc case,2021-04-11,quantile,0.35,1443.3544158124255
06,2021-04-05,6 day ahead inc case,2021-04-11,quantile,0.4,1549.8448807043526
06,2021-04-05,6 day ahead inc case,2021-04-11,quantile,0.45,1654.4248186142759
06,2021-04-05,6 day ahead inc case,2021-04-11,quantile,0.5,1777.5549475613216
06,2021-04-05,6 day ahead inc case,2021-04-11,quantile,0.55,1878.9367895369085
06,2021-04-05,6 day ahead inc case,2021-04-11,quantile,0.6,1985.770305249486
06,2021-04-05,6 day ahead inc case,2021-04-11,quantile,0.65,2133.2557422255286
06,2021-04-05,6 day ahead inc case,2021-04-11,quantile,0.7,2290.1618689127617
06,2021-04-05,6 day ahead inc case,2021-04-11,quantile,0.75,2492.100349109897
06,2021-04-05,6 day ahead inc case,2021-04-11,quantile,0.8,2798.0518555042945
06,2021-04-05,6 day ahead inc case,2021-04-11,quantile,0.85,3112.1806253470113
06,2021-04-05,6 day ahead inc case,2021-04-11,quantile,0.9,3462.921130871142
06,2021-04-05,6 day ahead inc case,2021-04-11,quantile,0.95,4142.143890610845
06,2021-04-05,6 day ahead inc case,2021-04-11,quantile,0.975,4935.303317173206
06,2021-04-05,6 day ahead inc case,2021-04-11,quantile,0.99,5953.85520238376
06,2021-04-05,7 day ahead inc case,2021-04-12,quantile,0.01,826.6415501418176
06,2021-04-05,7 day ahead inc case,2021-04-12,quantile,0.025,998.5300812954961
06,2021-04-05,7 day ahead inc case,2021-04-12,quantile,0.05,1251.1599137089945
06,2021-04-05,7 day ahead inc case,2021-04-12,quantile,0.1,1623.0358310295587
06,2021-04-05,7 day ahead inc case,2021-04-12,quantile,0.15,1948.8655046037334
06,2021-04-05,7 day ahead inc case,2021-04-12,quantile,0.2,2092.970023762423
06,2021-04-05,7 day ahead inc case,2021-04-12,quantile,0.25,2247.9266898669075
06,2021-04-05,7 day ahead inc case,2021-04-12,quantile,0.3,2427.847797974209
06,2021-04-05,7 day ahead inc case,2021-04-12,quantile,0.35,2628.677061778343
06,2021-04-05,7 day ahead inc case,2021-04-12,quantile,0.4,2848.156547865072
06,2021-04-05,7 day ahead inc case,2021-04-12,quantile,0.45,3032.570237977995
06,2021-04-05,7 day ahead inc case,2021-04-12,quantile,0.5,3190.879128477714
06,2021-04-05,7 day ahead inc case,2021-04-12,quantile,0.55,3365.9107600758757
06,2021-04-05,7 day ahead inc case,2021-04-12,quantile,0.6,3559.95685957927
06,2021-04-05,7 day ahead inc case,2021-04-12,quantile,0.65,3778.985073475689
06,2021-04-05,7 day ahead inc case,2021-04-12,quantile,0.7,4053.8562760362465
06,2021-04-05,7 day ahead inc case,2021-04-12,quantile,0.75,4389.147270254498
06,2021-04-05,7 day ahead inc case,2021-04-12,quantile,0.8,4722.019317439976
06,2021-04-05,7 day ahead inc case,2021-04-12,quantile,0.85,5121.77617125813
06,2021-04-05,7 day ahead inc case,2021-04-12,quantile,0.9,5803.647616673108
06,2021-04-05,7 day ahead inc case,2021-04-12,quantile,0.95,6673.607298256672
06,2021-04-05,7 day ahead inc case,2021-04-12,quantile,0.975,7610.3024380871575
06,2021-04-05,7 day ahead inc case,2021-04-12,quantile,0.99,9190.255267554028
06,2021-04-05,8 day ahead inc case,2021-04-13,quantile,0.01,353.74706220350953
06,2021-04-05,8 day ahead inc case,2021-04-13,quantile,0.025,544.6914023714023
06,2021-04-05,8 day ahead inc case,2021-04-13,quantile,0.05,814.4792299671126
06,2021-04-05,8 day ahead inc case,2021-04-13,quantile,0.1,1081.005102615468
06,2021-04-05,8 day ahead inc case,2021-04-13,quantile,0.15,1293.4995495290607
06,2021-04-05,8 day ahead inc case,2021-04-13,quantile,0.2,1522.3644673106453
06,2021-04-05,8 day ahead inc case,2021-04-13,quantile,0.25,1760.027978986488
06,2021-04-05,8 day ahead inc case,2021-04-13,quantile,0.3,1977.4503371492685
06,2021-04-05,8 day ahead inc case,2021-04-13,quantile,0.35,2223.3625928280453
06,2021-04-05,8 day ahead inc case,2021-04-13,quantile,0.4,2392.6390823576435
06,2021-04-05,8 day ahead inc case,2021-04-13,quantile,0.45,2577.6538714477388
06,2021-04-05,8 day ahead inc case,2021-04-13,quantile,0.5,2775.4834036824636
06,2021-04-05,8 day ahead inc case,2021-04-13,quantile,0.55,3002.5848531733623
06,2021-04-05,8 day ahead inc case,2021-04-13,quantile,0.6,3198.8238377208886
06,2021-04-05,8 day ahead inc case,2021-04-13,quantile,0.65,3421.74105046902
06,2021-04-05,8 day ahead inc case,2021-04-13,quantile,0.7,3659.311772925083
06,2021-04-05,8 day ahead inc case,2021-04-13,quantile,0.75,4008.4000674250187
06,2021-04-05,8 day ahead inc case,2021-04-13,quantile,0.8,4483.52510943409
06,2021-04-05,8 day ahead inc case,2021-04-13,quantile,0.85,4918.510415586723
06,2021-04-05,8 day ahead inc case,2021-04-13,quantile,0.9,5649.266680283353
06,2021-04-05,8 day ahead inc case,2021-04-13,quantile,0.95,6904.882186787157
06,2021-04-05,8 day ahead inc case,2021-04-13,quantile,0.975,8181.292563779933
06,2021-04-05,8 day ahead inc case,2021-04-13,quantile,0.99,10018.824253953891
06,2021-04-05,9 day ahead inc case,2021-04-14,quantile,0.01,340.48089074532766
06,2021-04-05,9 day ahead inc case,2021-04-14,quantile,0.025,564.3075481571334
06,2021-04-05,9 day ahead inc case,2021-04-14,quantile,0.05,682.487879793145
06,2021-04-05,9 day ahead inc case,2021-04-14,quantile,0.1,966.21219957571
06,2021-04-05,9 day ahead inc case,2021-04-14,quantile,0.15,1178.604996003794
06,2021-04-05,9 day ahead inc case,2021-04-14,quantile,0.2,1381.8846605133315
06,2021-04-05,9 day ahead inc case,2021-04-14,quantile,0.25,1621.332100342381
06,2021-04-05,9 day ahead inc case,2021-04-14,quantile,0.3,1826.7312667966
06,2021-04-05,9 day ahead inc case,2021-04-14,quantile,0.35,1987.5131020415915
06,2021-04-05,9 day ahead inc case,2021-04-14,quantile,0.4,2165.4295119200738
06,2021-04-05,9 day ahead inc case,2021-04-14,quantile,0.45,2373.586379334396
06,2021-04-05,9 day ahead inc case,2021-04-14,quantile,0.5,2550.7328671186656
06,2021-04-05,9 day ahead inc case,2021-04-14,quantile,0.55,2840.2851188115737
06,2021-04-05,9 day ahead inc case,2021-04-14,quantile,0.6,3090.083903096866
06,2021-04-05,9 day ahead inc case,2021-04-14,quantile,0.65,3427.0159860342046
06,2021-04-05,9 day ahead inc case,2021-04-14,quantile,0.7,3765.9300116898403
06,2021-04-05,9 day ahead inc case,2021-04-14,quantile,0.75,4135.199011673114
06,2021-04-05,9 day ahead inc case,2021-04-14,quantile,0.8,4620.582556042662
06,2021-04-05,9 day ahead inc case,2021-04-14,quantile,0.85,5182.133395973916
06,2021-04-05,9 day ahead inc case,2021-04-14,quantile,0.9,6005.82171886862
06,2021-04-05,9 day ahead inc case,2021-04-14,quantile,0.95,7489.328813773511
06,2021-04-05,9 day ahead inc case,2021-04-14,quantile,0.975,8716.876240054158
06,2021-04-05,9 day ahead inc case,2021-04-14,quantile,0.99,10183.990326198962
06,2021-04-05,10 day ahead inc case,2021-04-15,quantile,0.01,356.91177871638183
06,2021-04-05,10 day ahead inc case,2021-04-15,quantile,0.025,469.35001664055926
06,2021-04-05,10 day ahead inc case,2021-04-15,quantile,0.05,657.3302468158595
06,2021-04-05,10 day ahead inc case,2021-04-15,quantile,0.1,919.606561639877
06,2021-04-05,10 day ahead inc case,2021-04-15,quantile,0.15,1123.4753408178776
06,2021-04-05,10 day ahead inc case,2021-04-15,quantile,0.2,1365.8993964696845
06,2021-04-05,10 day ahead inc case,2021-04-15,quantile,0.25,1595.6906914046192
06,2021-04-05,10 day ahead inc case,2021-04-15,quantile,0.3,1815.9493170938624
06,2021-04-05,10 day ahead inc case,2021-04-15,quantile,0.35,1961.6590833557882
06,2021-04-05,10 day ahead inc case,2021-04-15,quantile,0.4,2202.0891244133522
06,2021-04-05,10 day ahead inc case,2021-04-15,quantile,0.45,2438.8075044980296
06,2021-04-05,10 day ahead inc case,2021-04-15,quantile,0.5,2753.5034980014607
06,2021-04-05,10 day ahead inc case,2021-04-15,quantile,0.55,2975.9613628258285
06,2021-04-05,10 day ahead inc case,2021-04-15,quantile,0.6,3292.826616126102
06,2021-04-05,10 day ahead inc case,2021-04-15,quantile,0.65,3536.693625819351
06,2021-04-05,10 day ahead inc case,2021-04-15,quantile,0.7,3889.2500487472275
06,2021-04-05,10 day ahead inc case,2021-04-15,quantile,0.75,4323.248427866252
06,2021-04-05,10 day ahead inc case,2021-04-15,quantile,0.8,4853.741739058146
06,2021-04-05,10 day ahead inc case,2021-04-15,quantile,0.85,5406.005695395769
06,2021-04-05,10 day ahead inc case,2021-04-15,quantile,0.9,6283.507302774176
06,2021-04-05,10 day ahead inc case,2021-04-15,quantile,0.95,7917.921117722533
06,2021-04-05,10 day ahead inc case,2021-04-15,quantile,0.975,9436.981147686229
06,2021-04-05,10 day ahead inc case,2021-04-15,quantile,0.99,12016.004755020984
06,2021-04-05,11 day ahead inc case,2021-04-16,quantile,0.01,679.7767016606366
06,2021-04-05,11 day ahead inc case,2021-04-16,quantile,0.025,960.4396986956395
06,2021-04-05,11 day ahead inc case,2021-04-16,quantile,0.05,1239.9210620824256
06,2021-04-05,11 day ahead inc case,2021-04-16,quantile,0.1,1749.1673743062763
06,2021-04-05,11 day ahead inc case,2021-04-16,quantile,0.15,2125.288472520657
06,2021-04-05,11 day ahead inc case,2021-04-16,quantile,0.2,2491.755320395193
06,2021-04-05,11 day ahead inc case,2021-04-16,quantile,0.25,2887.4749186518247
06,2021-04-05,11 day ahead inc case,2021-04-16,quantile,0.3,3183.8356580567556
06,2021-04-05,11 day ahead inc case,2021-04-16,quantile,0.35,3542.677489971972
06,2021-04-05,11 day ahead inc case,2021-04-16,quantile,0.4,3830.692579177124
06,2021-04-05,11 day ahead inc case,2021-04-16,quantile,0.45,4190.218360320078
06,2021-04-05,11 day ahead inc case,2021-04-16,quantile,0.5,4640.721338252125
06,2021-04-05,11 day ahead inc case,2021-04-16,quantile,0.55,5035.466224940007
06,2021-04-05,11 day ahead inc case,2021-04-16,quantile,0.6,5507.058005546578
06,2021-04-05,11 day ahead inc case,2021-04-16,quantile,0.65,5938.000174006043
06,2021-04-05,11 day ahead inc case,2021-04-16,quantile,0.7,6597.080044048999
06,2021-04-05,11 day ahead inc case,2021-04-16,quantile,0.75,7260.882070954101
06,2021-04-05,11 day ahead inc case,2021-04-16,quantile,0.8,8128.345427837793
06,2021-04-05,11 day ahead inc case,2021-04-16,quantile,0.85,9109.26715911496
06,2021-04-05,11 day ahead inc case,2021-04-16,quantile,0.9,10400.942952719086
06,2021-04-05,11 day ahead inc case,2021-04-16,quantile,0.95,12223.361330999867
06,2021-04-05,11 day ahead inc case,2021-04-16,quantile,0.975,14610.007162783502
06,2021-04-05,11 day ahead inc case,2021-04-16,quantile,0.99,16813.90966832555
06,2021-04-05,12 day ahead inc case,2021-04-17,quantile,0.01,153.89350069711477
06,2021-04-05,12 day ahead inc case,2021-04-17,quantile,0.025,306.1646933864232
06,2021-04-05,12 day ahead inc case,2021-04-17,quantile,0.05,448.0384336607013
06,2021-04-05,12 day ahead inc case,2021-04-17,quantile,0.1,670.1838423049469
06,2021-04-05,12 day ahead inc case,2021-04-17,quantile,0.15,864.403487903156
06,2021-04-05,12 day ahead inc case,2021-04-17,quantile,0.2,1060.7372227342582
06,2021-04-05,12 day ahead inc case,2021-04-17,quantile,0.25,1249.4021074038099
06,2021-04-05,12 day ahead inc case,2021-04-17,quantile,0.3,1468.5312088677995
06,2021-04-05,12 day ahead inc case,2021-04-17,quantile,0.35,1673.827724684871
06,2021-04-05,12 day ahead inc case,2021-04-17,quantile,0.4,1878.240905322591
06,2021-04-05,12 day ahead inc case,2021-04-17,quantile,0.45,2111.696730194705
06,2021-04-05,12 day ahead inc case,2021-04-17,quantile,0.5,2379.9476000712643
06,2021-04-05,12 day ahead inc case,2021-04-17,quantile,0.55,2675.838750865691
06,2021-04-05,12 day ahead inc case,2021-04-17,quantile,0.6,2881.581164880326
06,2021-04-05,12 day ahead inc case,2021-04-17,quantile,0.65,3173.1092365589316
06,2021-04-05,12 day ahead inc case,2021-04-17,quantile,0.7,3479.756419583794
06,2021-04-05,12 day ahead inc case,2021-04-17,quantile,0.75,3914.2584184592006
06,2021-04-05,12 day ahead inc case,2021-04-17,quantile,0.8,4447.501140681961
06,2021-04-05,12 day ahead inc case,2021-04-17,quantile,0.85,5145.795847331419
06,2021-04-05,12 day ahead inc case,2021-04-17,quantile,0.9,6031.922644859555
06,2021-04-05,12 day ahead inc case,2021-04-17,quantile,0.95,7490.445912277344
06,2021-04-05,12 day ahead inc case,2021-04-17,quantile,0.975,8587.469708326216
06,2021-04-05,12 day ahead inc case,2021-04-17,quantile,0.99,11949.03550834882
06,2021-04-05,13 day ahead inc case,2021-04-18,quantile,0.01,107.53511602478972
06,2021-04-05,13 day ahead inc case,2021-04-18,quantile,0.025,184.69686343571163
06,2021-04-05,13 day ahead inc case,2021-04-18,quantile,0.05,311.60635460558876
06,2021-04-05,13 day ahead inc case,2021-04-18,quantile,0.1,512.6898157074761
06,2021-04-05,13 day ahead inc case,2021-04-18,quantile,0.15,657.7591001922466
06,2021-04-05,13 day ahead inc case,2021-04-18,quantile,0.2,819.235884520393
06,2021-04-05,13 day ahead inc case,2021-04-18,quantile,0.25,985.9939689861193
06,2021-04-05,13 day ahead inc case,2021-04-18,quantile,0.3,1140.6764633849073
06,2021-04-05,13 day ahead inc case,2021-04-18,quantile,0.35,1308.9863377860854
06,2021-04-05,13 day ahead inc case,2021-04-18,quantile,0.4,1483.3251532787162
06,2021-04-05,13 day ahead inc case,2021-04-18,quantile,0.45,1656.4213546787112
06,2021-04-05,13 day ahead inc case,2021-04-18,quantile,0.5,1900.6339722680555
06,2021-04-05,13 day ahead inc case,2021-04-18,quantile,0.55,2163.3893569290294
06,2021-04-05,13 day ahead inc case,2021-04-18,quantile,0.6,2450.178686343056
06,2021-04-05,13 day ahead inc case,2021-04-18,quantile,0.65,2742.561063014023
06,2021-04-05,13 day ahead inc case,2021-04-18,quantile,0.7,3148.273186107552
06,2021-04-05,13 day ahead inc case,2021-04-18,quantile,0.75,3601.295973117781
06,2021-04-05,13 day ahead inc case,2021-04-18,quantile,0.8,4143.856795056925
06,2021-04-05,13 day ahead inc case,2021-04-18,quantile,0.85,4709.243126546982
06,2021-04-05,13 day ahead inc case,2021-04-18,quantile,0.9,5725.757263298953
06,2021-04-05,13 day ahead inc case,2021-04-18,quantile,0.95,7667.230255913481
06,2021-04-05,13 day ahead inc case,2021-04-18,quantile,0.975,9127.06832418676
06,2021-04-05,13 day ahead inc case,2021-04-18,quantile,0.99,10889.515121409051
06,2021-04-05,14 day ahead inc case,2021-04-19,quantile,0.01,193.35968527031483
06,2021-04-05,14 day ahead inc case,2021-04-19,quantile,0.025,376.29597296715104
06,2021-04-05,14 day ahead inc case,2021-04-19,quantile,0.05,573.397219957956
06,2021-04-05,14 day ahead inc case,2021-04-19,quantile,0.1,929.1520122167929
06,2021-04-05,14 day ahead inc case,2021-04-19,quantile,0.15,1199.1070633386519
06,2021-04-05,14 day ahead inc case,2021-04-19,quantile,0.2,1408.8465344137046
06,2021-04-05,14 day ahead inc case,2021-04-19,quantile,0.25,1659.6110051272424
06,2021-04-05,14 day ahead inc case,2021-04-19,quantile,0.3,1954.244843373189
06,2021-04-05,14 day ahead inc case,2021-04-19,quantile,0.35,2157.1958251844894
06,2021-04-05,14 day ahead inc case,2021-04-19,quantile,0.4,2409.8987036220883
06,2021-04-05,14 day ahead inc case,2021-04-19,quantile,0.45,2742.27848313337
06,2021-04-05,14 day ahead inc case,2021-04-19,quantile,0.5,3119.0830750570217
06,2021-04-05,14 day ahead inc case,2021-04-19,quantile,0.55,3562.6127466479397
06,2021-04-05,14 day ahead inc case,2021-04-19,quantile,0.6,3929.155009445545
06,2021-04-05,14 day ahead inc case,2021-04-19,quantile,0.65,4306.513132563579
06,2021-04-05,14 day ahead inc case,2021-04-19,quantile,0.7,4728.821354859448
06,2021-04-05,14 day ahead inc case,2021-04-19,quantile,0.75,5385.758254935214
06,2021-04-05,14 day ahead inc case,2021-04-19,quantile,0.8,6020.52897835375
06,2021-04-05,14 day ahead inc case,2021-04-19,quantile,0.85,7133.197093340449
06,2021-04-05,14 day ahead inc case,2021-04-19,quantile,0.9,8493.808938953862
06,2021-04-05,14 day ahead inc case,2021-04-19,quantile,0.95,10915.515808674474
06,2021-04-05,14 day ahead inc case,2021-04-19,quantile,0.975,13108.127800013004
06,2021-04-05,14 day ahead inc case,2021-04-19,quantile,0.99,17575.428751330164
06,2021-04-05,15 day ahead inc case,2021-04-20,quantile,0.01,55.71620080226055
06,2021-04-05,15 day ahead inc case,2021-04-20,quantile,0.025,162.1815555918784
06,2021-04-05,15 day ahead inc case,2021-04-20,quantile,0.05,306.9427571315936
06,2021-04-05,15 day ahead inc case,2021-04-20,quantile,0.1,508.5989366478037
06,2021-04-05,15 day ahead inc case,2021-04-20,quantile,0.15,707.1224220275159
06,2021-04-05,15 day ahead inc case,2021-04-20,quantile,0.2,988.6220542875217
06,2021-04-05,15 day ahead inc case,2021-04-20,quantile,0.25,1218.0332442977367
06,2021-04-05,15 day ahead inc case,2021-04-20,quantile,0.3,1493.024657751493
06,2021-04-05,15 day ahead inc case,2021-04-20,quantile,0.35,1774.671773532193
06,2021-04-05,15 day ahead inc case,2021-04-20,quantile,0.4,2038.409417502864
06,2021-04-05,15 day ahead inc case,2021-04-20,quantile,0.45,2357.814296022443
06,2021-04-05,15 day ahead inc case,2021-04-20,quantile,0.5,2656.9594094294416
06,2021-04-05,15 day ahead inc case,2021-04-20,quantile,0.55,2957.061618634291
06,2021-04-05,15 day ahead inc case,2021-04-20,quantile,0.6,3387.5188111611424
06,2021-04-05,15 day ahead inc case,2021-04-20,quantile,0.65,3832.3658666108636
06,2021-04-05,15 day ahead inc case,2021-04-20,quantile,0.7,4326.911213348439
06,2021-04-05,15 day ahead inc case,2021-04-20,quantile,0.75,4981.825770760028
06,2021-04-05,15 day ahead inc case,2021-04-20,quantile,0.8,5724.490473576692
06,2021-04-05,15 day ahead inc case,2021-04-20,quantile,0.85,6786.558929517908
06,2021-04-05,15 day ahead inc case,2021-04-20,quantile,0.9,8319.503223780164
06,2021-04-05,15 day ahead inc case,2021-04-20,quantile,0.95,11532.875500313323
06,2021-04-05,15 day ahead inc case,2021-04-20,quantile,0.975,13837.68939411317
06,2021-04-05,15 day ahead inc case,2021-04-20,quantile,0.99,17072.702091420175
06,2021-04-05,16 day ahead inc case,2021-04-21,quantile,0.01,59.42139650791681
06,2021-04-05,16 day ahead inc case,2021-04-21,quantile,0.025,143.9271365371094
06,2021-04-05,16 day ahead inc case,2021-04-21,quantile,0.05,266.4442113418219
06,2021-04-05,16 day ahead inc case,2021-04-21,quantile,0.1,536.8092227054872
06,2021-04-05,16 day ahead inc case,2021-04-21,quantile,0.15,809.4470958039853
06,2021-04-05,16 day ahead inc case,2021-04-21,quantile,0.2,1070.2674946209586
06,2021-04-05,16 day ahead inc case,2021-04-21,quantile,0.25,1312.9563594266224
06,2021-04-05,16 day ahead inc case,2021-04-21,quantile,0.3,1613.9770672357806
06,2021-04-05,16 day ahead inc case,2021-04-21,quantile,0.35,1902.3136215653578
06,2021-04-05,16 day ahead inc case,2021-04-21,quantile,0.4,2136.471410067747
06,2021-04-05,16 day ahead inc case,2021-04-21,quantile,0.45,2411.966666338737
06,2021-04-05,16 day ahead inc case,2021-04-21,quantile,0.5,2841.0397170589927
06,2021-04-05,16 day ahead inc case,2021-04-21,quantile,0.55,3236.29394060204
06,2021-04-05,16 day ahead inc case,2021-04-21,quantile,0.6,3669.219547390974
06,2021-04-05,16 day ahead inc case,2021-04-21,quantile,0.65,4151.660306374046
06,2021-04-05,16 day ahead inc case,2021-04-21,quantile,0.7,4743.037261409062
06,2021-04-05,16 day ahead inc case,2021-04-21,quantile,0.75,5683.7825071433945
06,2021-04-05,16 day ahead inc case,2021-04-21,quantile,0.8,6851.911829302525
06,2021-04-05,16 day ahead inc case,2021-04-21,quantile,0.85,8333.769494541591
06,2021-04-05,16 day ahead inc case,2021-04-21,quantile,0.9,10060.42867850961
06,2021-04-05,16 day ahead inc case,2021-04-21,quantile,0.95,12378.806902156328
06,2021-04-05,16 day ahead inc case,2021-04-21,quantile,0.975,14741.453488975614
06,2021-04-05,16 day ahead inc case,2021-04-21,quantile,0.99,19196.56566115128
06,2021-04-05,17 day ahead inc case,2021-04-22,quantile,0.01,49.30281232531998
06,2021-04-05,17 day ahead inc case,2021-04-22,quantile,0.025,100.85419767886638
06,2021-04-05,17 day ahead inc case,2021-04-22,quantile,0.05,184.0202939133641
06,2021-04-05,17 day ahead inc case,2021-04-22,quantile,0.1,371.60303522325114
06,2021-04-05,17 day ahead inc case,2021-04-22,quantile,0.15,635.3923892775557
06,2021-04-05,17 day ahead inc case,2021-04-22,quantile,0.2,868.8913433057924
06,2021-04-05,17 day ahead inc case,2021-04-22,quantile,0.25,1169.0725101055375
06,2021-04-05,17 day ahead inc case,2021-04-22,quantile,0.3,1381.5675581191563
06,2021-04-05,17 day ahead inc case,2021-04-22,quantile,0.35,1689.8514713884217
06,2021-04-05,17 day ahead inc case,2021-04-22,quantile,0.4,1991.0929646938857
06,2021-04-05,17 day ahead inc case,2021-04-22,quantile,0.45,2267.268589564338
06,2021-04-05,17 day ahead inc case,2021-04-22,quantile,0.5,2605.7820457814387
06,2021-04-05,17 day ahead inc case,2021-04-22,quantile,0.55,3109.7398062055904
06,2021-04-05,17 day ahead inc case,2021-04-22,quantile,0.6,3558.268426990139
06,2021-04-05,17 day ahead inc case,2021-04-22,quantile,0.65,4025.4995598773558
06,2021-04-05,17 day ahead inc case,2021-04-22,quantile,0.7,4621.834753863145
06,2021-04-05,17 day ahead inc case,2021-04-22,quantile,0.75,5528.56305271528
06,2021-04-05,17 day ahead inc case,2021-04-22,quantile,0.8,6465.202132350429
06,2021-04-05,17 day ahead inc case,2021-04-22,quantile,0.85,7763.871917338429
06,2021-04-05,17 day ahead inc case,2021-04-22,quantile,0.9,9630.62884601258
06,2021-04-05,17 day ahead inc case,2021-04-22,quantile,0.95,13133.906431283633
06,2021-04-05,17 day ahead inc case,2021-04-22,quantile,0.975,15756.381958414753
06,2021-04-05,17 day ahead inc case,2021-04-22,quantile,0.99,21921.8683747105
06,2021-04-05,18 day ahead inc case,2021-04-23,quantile,0.01,103.22209263929096
06,2021-04-05,18 day ahead inc case,2021-04-23,quantile,0.025,263.34400731124833
06,2021-04-05,18 day ahead inc case,2021-04-23,quantile,0.05,433.9929742788988
06,2021-04-05,18 day ahead inc case,2021-04-23,quantile,0.1,908.6495955086656
06,2021-04-05,18 day ahead inc case,2021-04-23,quantile,0.15,1347.1435202840566
06,2021-04-05,18 day ahead inc case,2021-04-23,quantile,0.2,1756.377572820812
06,2021-04-05,18 day ahead inc case,2021-04-23,quantile,0.25,2201.4856238989855
06,2021-04-05,18 day ahead inc case,2021-04-23,quantile,0.3,2606.1936511061413
06,2021-04-05,18 day ahead inc case,2021-04-23,quantile,0.35,3067.6477189035545
06,2021-04-05,18 day ahead inc case,2021-04-23,quantile,0.4,3481.9619912033704
06,2021-04-05,18 day ahead inc case,2021-04-23,quantile,0.45,4025.336780208722
06,2021-04-05,18 day ahead inc case,2021-04-23,quantile,0.5,4612.639567130719
06,2021-04-05,18 day ahead inc case,2021-04-23,quantile,0.55,5265.69023292691
06,2021-04-05,18 day ahead inc case,2021-04-23,quantile,0.6,5938.5593256044895
06,2021-04-05,18 day ahead inc case,2021-04-23,quantile,0.65,6838.352980129314
06,2021-04-05,18 day ahead inc case,2021-04-23,quantile,0.7,7771.079962477476
06,2021-04-05,18 day ahead inc case,2021-04-23,quantile,0.75,9369.702640114809
06,2021-04-05,18 day ahead inc case,2021-04-23,quantile,0.8,10978.447629196773
06,2021-04-05,18 day ahead inc case,2021-04-23,quantile,0.85,12641.938522580442
06,2021-04-05,18 day ahead inc case,2021-04-23,quantile,0.9,15643.979281893035
06,2021-04-05,18 day ahead inc case,2021-04-23,quantile,0.95,19314.193708340994
06,2021-04-05,18 day ahead inc case,2021-04-23,quantile,0.975,23043.626914768793
06,2021-04-05,18 day ahead inc case,2021-04-23,quantile,0.99,31548.03869587902
06,2021-04-05,19 day ahead inc case,2021-04-24,quantile,0.01,4.1932904137904305
06,2021-04-05,19 day ahead inc case,2021-04-24,quantile,0.025,48.85484030993928
06,2021-04-05,19 day ahead inc case,2021-04-24,quantile,0.05,140.60102020536868
06,2021-04-05,19 day ahead inc case,2021-04-24,quantile,0.1,314.229737275644
06,2021-04-05,19 day ahead inc case,2021-04-24,quantile,0.15,479.84246746230133
06,2021-04-05,19 day ahead inc case,2021-04-24,quantile,0.2,653.2851014704695
06,2021-04-05,19 day ahead inc case,2021-04-24,quantile,0.25,912.5229871066541
06,2021-04-05,19 day ahead inc case,2021-04-24,quantile,0.3,1157.7298181610931
06,2021-04-05,19 day ahead inc case,2021-04-24,quantile,0.35,1408.477901272409
06,2021-04-05,19 day ahead inc case,2021-04-24,quantile,0.4,1675.2072814255355
06,2021-04-05,19 day ahead inc case,2021-04-24,quantile,0.45,2008.8789288080295
06,2021-04-05,19 day ahead inc case,2021-04-24,quantile,0.5,2288.1350940591665
06,2021-04-05,19 day ahead inc case,2021-04-24,quantile,0.55,2678.903216243478
06,2021-04-05,19 day ahead inc case,2021-04-24,quantile,0.6,3244.9769059784653
06,2021-04-05,19 day ahead inc case,2021-04-24,quantile,0.65,4003.017735823792
06,2021-04-05,19 day ahead inc case,2021-04-24,quantile,0.7,4666.985830270348
06,2021-04-05,19 day ahead inc case,2021-04-24,quantile,0.75,5613.347989265977
06,2021-04-05,19 day ahead inc case,2021-04-24,quantile,0.8,6739.858390038083
06,2021-04-05,19 day ahead inc case,2021-04-24,quantile,0.85,8303.006929961777
06,2021-04-05,19 day ahead inc case,2021-04-24,quantile,0.9,10246.769622817987
06,2021-04-05,19 day ahead inc case,2021-04-24,quantile,0.95,13171.74515759613
06,2021-04-05,19 day ahead inc case,2021-04-24,quantile,0.975,17174.292787227998
06,2021-04-05,19 day ahead inc case,2021-04-24,quantile,0.99,23970.148169996563
06,2021-04-05,20 day ahead inc case,2021-04-25,quantile,0.01,1.2313798318253846
06,2021-04-05,20 day ahead inc case,2021-04-25,quantile,0.025,14.08602839451275
06,2021-04-05,20 day ahead inc case,2021-04-25,quantile,0.05,73.01603623637222
06,2021-04-05,20 day ahead inc case,2021-04-25,quantile,0.1,200.09883940891976
06,2021-04-05,20 day ahead inc case,2021-04-25,quantile,0.15,303.9124679562279
06,2021-04-05,20 day ahead inc case,2021-04-25,quantile,0.2,407.22006402930145
06,2021-04-05,20 day ahead inc case,2021-04-25,quantile,0.25,566.4951313096474
06,2021-04-05,20 day ahead inc case,2021-04-25,quantile,0.3,689.3097942948633
06,2021-04-05,20 day ahead inc case,2021-04-25,quantile,0.35,946.1331944483009
06,2021-04-05,20 day ahead inc case,2021-04-25,quantile,0.4,1184.2045589748618
06,2021-04-05,20 day ahead inc case,2021-04-25,quantile,0.45,1488.3244581472118
06,2021-04-05,20 day ahead inc case,2021-04-25,quantile,0.5,1786.7384895317678
06,2021-04-05,20 day ahead inc case,2021-04-25,quantile,0.55,2129.8397675381993
06,2021-04-05,20 day ahead inc case,2021-04-25,quantile,0.6,2548.901160434472
06,2021-04-05,20 day ahead inc case,2021-04-25,quantile,0.65,3136.6618889576557
06,2021-04-05,20 day ahead inc case,2021-04-25,quantile,0.7,3852.202559299215
06,2021-04-05,20 day ahead inc case,2021-04-25,quantile,0.75,4678.2501792905305
06,2021-04-05,20 day ahead inc case,2021-04-25,quantile,0.8,5570.605771095876
06,2021-04-05,20 day ahead inc case,2021-04-25,quantile,0.85,7262.984683434174
06,2021-04-05,20 day ahead inc case,2021-04-25,quantile,0.9,9174.514315412389
06,2021-04-05,20 day ahead inc case,2021-04-25,quantile,0.95,13139.142427465256
06,2021-04-05,20 day ahead inc case,2021-04-25,quantile,0.975,16049.853464068514
06,2021-04-05,20 day ahead inc case,2021-04-25,quantile,0.99,20882.437109868944
06,2021-04-05,21 day ahead inc case,2021-04-26,quantile,0.01,18.255128516672368
06,2021-04-05,21 day ahead inc case,2021-04-26,quantile,0.025,57.967111090360596
06,2021-04-05,21 day ahead inc case,2021-04-26,quantile,0.05,165.7098676095735
06,2021-04-05,21 day ahead inc case,2021-04-26,quantile,0.1,350.55158649169965
06,2021-04-05,21 day ahead inc case,2021-04-26,quantile,0.15,613.9717957135638
06,2021-04-05,21 day ahead inc case,2021-04-26,quantile,0.2,911.6302100568931
06,2021-04-05,21 day ahead inc case,2021-04-26,quantile,0.25,1154.0600883861957
06,2021-04-05,21 day ahead inc case,2021-04-26,quantile,0.3,1522.692519423195
06,2021-04-05,21 day ahead inc case,2021-04-26,quantile,0.35,1901.1475651868054
06,2021-04-05,21 day ahead inc case,2021-04-26,quantile,0.4,2263.950098504709
06,2021-04-05,21 day ahead inc case,2021-04-26,quantile,0.45,2662.3882575103603
06,2021-04-05,21 day ahead inc case,2021-04-26,quantile,0.5,3203.88763757838
06,2021-04-05,21 day ahead inc case,2021-04-26,quantile,0.55,3747.774669188818
06,2021-04-05,21 day ahead inc case,2021-04-26,quantile,0.6,4390.377822489694
06,2021-04-05,21 day ahead inc case,2021-04-26,quantile,0.65,5335.176234593852
06,2021-04-05,21 day ahead inc case,2021-04-26,quantile,0.7,6287.206044546214
06,2021-04-05,21 day ahead inc case,2021-04-26,quantile,0.75,7855.047681499462
06,2021-04-05,21 day ahead inc case,2021-04-26,quantile,0.8,9299.275869436568
06,2021-04-05,21 day ahead inc case,2021-04-26,quantile,0.85,11569.713145208922
06,2021-04-05,21 day ahead inc case,2021-04-26,quantile,0.9,14773.986275488973
06,2021-04-05,21 day ahead inc case,2021-04-26,quantile,0.95,20315.9871946034
06,2021-04-05,21 day ahead inc case,2021-04-26,quantile,0.975,26075.43463837402
06,2021-04-05,21 day ahead inc case,2021-04-26,quantile,0.99,37089.73515990986
06,2021-04-05,22 day ahead inc case,2021-04-27,quantile,0.01,0.6718005831995444
06,2021-04-05,22 day ahead inc case,2021-04-27,quantile,0.025,17.465417117269542
06,2021-04-05,22 day ahead inc case,2021-04-27,quantile,0.05,56.27939922286042
06,2021-04-05,22 day ahead inc case,2021-04-27,quantile,0.1,177.81868180289698
06,2021-04-05,22 day ahead inc case,2021-04-27,quantile,0.15,346.0010030481712
06,2021-04-05,22 day ahead inc case,2021-04-27,quantile,0.2,525.3895537439496
06,2021-04-05,22 day ahead inc case,2021-04-27,quantile,0.25,766.587976936636
06,2021-04-05,22 day ahead inc case,2021-04-27,quantile,0.3,1061.8074389857925
06,2021-04-05,22 day ahead inc case,2021-04-27,quantile,0.35,1379.4181691888227
06,2021-04-05,22 day ahead inc case,2021-04-27,quantile,0.4,1773.3573981887694
06,2021-04-05,22 day ahead inc case,2021-04-27,quantile,0.45,2293.5385417236857
06,2021-04-05,22 day ahead inc case,2021-04-27,quantile,0.5,2874.0581575194237
06,2021-04-05,22 day ahead inc case,2021-04-27,quantile,0.55,3313.7109043770242
06,2021-04-05,22 day ahead inc case,2021-04-27,quantile,0.6,3915.376410344184
06,2021-04-05,22 day ahead inc case,2021-04-27,quantile,0.65,4610.513245037675
06,2021-04-05,22 day ahead inc case,2021-04-27,quantile,0.7,5575.2885078304835
06,2021-04-05,22 day ahead inc case,2021-04-27,quantile,0.75,6788.59723350692
06,2021-04-05,22 day ahead inc case,2021-04-27,quantile,0.8,8732.079722249411
06,2021-04-05,22 day ahead inc case,2021-04-27,quantile,0.85,10776.841691454363
06,2021-04-05,22 day ahead inc case,2021-04-27,quantile,0.9,14451.140452620411
06,2021-04-05,22 day ahead inc case,2021-04-27,quantile,0.95,20306.81904980432
06,2021-04-05,22 day ahead inc case,2021-04-27,quantile,0.975,24260.837255544586
06,2021-04-05,22 day ahead inc case,2021-04-27,quantile,0.99,34476.58039549299
06,2021-04-05,23 day ahead inc case,2021-04-28,quantile,0.01,1.2471892275295158
06,2021-04-05,23 day ahead inc case,2021-04-28,quantile,0.025,13.524366522859987
06,2021-04-05,23 day ahead inc case,2021-04-28,quantile,0.05,52.90933178159305
06,2021-04-05,23 day ahead inc case,2021-04-28,quantile,0.1,185.39995555626763
06,2021-04-05,23 day ahead inc case,2021-04-28,quantile,0.15,327.27182714068243
06,2021-04-05,23 day ahead inc case,2021-04-28,quantile,0.2,582.2779648596901
06,2021-04-05,23 day ahead inc case,2021-04-28,quantile,0.25,808.2293231310268
06,2021-04-05,23 day ahead inc case,2021-04-28,quantile,0.3,1079.7330858974033
06,2021-04-05,23 day ahead inc case,2021-04-28,quantile,0.35,1448.1465957022358
06,2021-04-05,23 day ahead inc case,2021-04-28,quantile,0.4,1883.94923734724
06,2021-04-05,23 day ahead inc case,2021-04-28,quantile,0.45,2325.7164329767825
06,2021-04-05,23 day ahead inc case,2021-04-28,quantile,0.5,2804.7931122094665
06,2021-04-05,23 day ahead inc case,2021-04-28,quantile,0.55,3417.0342676449427
06,2021-04-05,23 day ahead inc case,2021-04-28,quantile,0.6,4293.748916608487
06,2021-04-05,23 day ahead inc case,2021-04-28,quantile,0.65,5088.28932375073
06,2021-04-05,23 day ahead inc case,2021-04-28,quantile,0.7,6301.4037796873745
06,2021-04-05,23 day ahead inc case,2021-04-28,quantile,0.75,7910.449002155101
06,2021-04-05,23 day ahead inc case,2021-04-28,quantile,0.8,9981.428149310967
06,2021-04-05,23 day ahead inc case,2021-04-28,quantile,0.85,12695.713748861626
06,2021-04-05,23 day ahead inc case,2021-04-28,quantile,0.9,15740.356398771302
06,2021-04-05,23 day ahead inc case,2021-04-28,quantile,0.95,23275.35046300456
06,2021-04-05,23 day ahead inc case,2021-04-28,quantile,0.975,27985.972176480816
06,2021-04-05,23 day ahead inc case,2021-04-28,quantile,0.99,40117.49430495262
06,2021-04-05,24 day ahead inc case,2021-04-29,quantile,0.01,0.18736836287632164
06,2021-04-05,24 day ahead inc case,2021-04-29,quantile,0.025,5.469453272379326
06,2021-04-05,24 day ahead inc case,2021-04-29,quantile,0.05,31.238434807949076
06,2021-04-05,24 day ahead inc case,2021-04-29,quantile,0.1,143.40337740215531
06,2021-04-05,24 day ahead inc case,2021-04-29,quantile,0.15,307.93431481502944
06,2021-04-05,24 day ahead inc case,2021-04-29,quantile,0.2,588.9936042663502
06,2021-04-05,24 day ahead inc case,2021-04-29,quantile,0.25,800.6131457666494
06,2021-04-05,24 day ahead inc case,2021-04-29,quantile,0.3,1127.5198266173613
06,2021-04-05,24 day ahead inc case,2021-04-29,quantile,0.35,1372.128297101618
06,2021-04-05,24 day ahead inc case,2021-04-29,quantile,0.4,1679.0847666556888
06,2021-04-05,24 day ahead inc case,2021-04-29,quantile,0.45,2139.3651073076517
06,2021-04-05,24 day ahead inc case,2021-04-29,quantile,0.5,2813.772791391249
06,2021-04-05,24 day ahead inc case,2021-04-29,quantile,0.55,3291.1467793433985
06,2021-04-05,24 day ahead inc case,2021-04-29,quantile,0.6,3982.8565383630093
06,2021-04-05,24 day ahead inc case,2021-04-29,quantile,0.65,5019.047438704273
06,2021-04-05,24 day ahead inc case,2021-04-29,quantile,0.7,6181.85285607087
06,2021-04-05,24 day ahead inc case,2021-04-29,quantile,0.75,7648.901598096266
06,2021-04-05,24 day ahead inc case,2021-04-29,quantile,0.8,9707.608996867586
06,2021-04-05,24 day ahead inc case,2021-04-29,quantile,0.85,12308.977512553525
06,2021-04-05,24 day ahead inc case,2021-04-29,quantile,0.9,15753.891167360876
06,2021-04-05,24 day ahead inc case,2021-04-29,quantile,0.95,23616.11072794931
06,2021-04-05,24 day ahead inc case,2021-04-29,quantile,0.975,31397.344763636524
06,2021-04-05,24 day ahead inc case,2021-04-29,quantile,0.99,44241.55800131443
06,2021-04-05,25 day ahead inc case,2021-04-30,quantile,0.01,1.3025750930596032
06,2021-04-05,25 day ahead inc case,2021-04-30,quantile,0.025,22.29560136123638
06,2021-04-05,25 day ahead inc case,2021-04-30,quantile,0.05,80.84341023833821
06,2021-04-05,25 day ahead inc case,2021-04-30,quantile,0.1,323.29490097914453
06,2021-04-05,25 day ahead inc case,2021-04-30,quantile,0.15,648.3860800441304
06,2021-04-05,25 day ahead inc case,2021-04-30,quantile,0.2,1060.8718444656863
06,2021-04-05,25 day ahead inc case,2021-04-30,quantile,0.25,1462.7500742212696
06,2021-04-05,25 day ahead inc case,2021-04-30,quantile,0.3,1912.0880454123458
06,2021-04-05,25 day ahead inc case,2021-04-30,quantile,0.35,2453.5597629967046
06,2021-04-05,25 day ahead inc case,2021-04-30,quantile,0.4,3089.834595844357
06,2021-04-05,25 day ahead inc case,2021-04-30,quantile,0.45,3755.117582322086
06,2021-04-05,25 day ahead inc case,2021-04-30,quantile,0.5,4360.1922196086
06,2021-04-05,25 day ahead inc case,2021-04-30,quantile,0.55,5379.092731814362
06,2021-04-05,25 day ahead inc case,2021-04-30,quantile,0.6,6464.195996390946
06,2021-04-05,25 day ahead inc case,2021-04-30,quantile,0.65,8320.003824110272
06,2021-04-05,25 day ahead inc case,2021-04-30,quantile,0.7,9961.407810626179
06,2021-04-05,25 day ahead inc case,2021-04-30,quantile,0.75,12211.496117727005
06,2021-04-05,25 day ahead inc case,2021-04-30,quantile,0.8,15916.957820476739
06,2021-04-05,25 day ahead inc case,2021-04-30,quantile,0.85,19449.33175570261
06,2021-04-05,25 day ahead inc case,2021-04-30,quantile,0.9,24149.8882679991
06,2021-04-05,25 day ahead inc case,2021-04-30,quantile,0.95,31323.204913967453
06,2021-04-05,25 day ahead inc case,2021-04-30,quantile,0.975,41034.522576457995
06,2021-04-05,25 day ahead inc case,2021-04-30,quantile,0.99,59462.29568955298
06,2021-04-05,26 day ahead inc case,2021-05-01,quantile,0.01,0.0
06,2021-04-05,26 day ahead inc case,2021-05-01,quantile,0.025,0.6380733366390472
06,2021-04-05,26 day ahead inc case,2021-05-01,quantile,0.05,12.121438444330298
06,2021-04-05,26 day ahead inc case,2021-05-01,quantile,0.1,69.3711458566437
06,2021-04-05,26 day ahead inc case,2021-05-01,quantile,0.15,186.39325745211835
06,2021-04-05,26 day ahead inc case,2021-05-01,quantile,0.2,355.0053427610304
06,2021-04-05,26 day ahead inc case,2021-05-01,quantile,0.25,551.231902125163
06,2021-04-05,26 day ahead inc case,2021-05-01,quantile,0.3,811.8080715743172
06,2021-04-05,26 day ahead inc case,2021-05-01,quantile,0.35,1082.2045644916245
06,2021-04-05,26 day ahead inc case,2021-05-01,quantile,0.4,1459.8628962894775
06,2021-04-05,26 day ahead inc case,2021-05-01,quantile,0.45,1953.4252564004798
06,2021-04-05,26 day ahead inc case,2021-05-01,quantile,0.5,2430.0532939665522
06,2021-04-05,26 day ahead inc case,2021-05-01,quantile,0.55,3064.4597707715234
06,2021-04-05,26 day ahead inc case,2021-05-01,quantile,0.6,3821.0294322215786
06,2021-04-05,26 day ahead inc case,2021-05-01,quantile,0.65,4621.6724806453285
06,2021-04-05,26 day ahead inc case,2021-05-01,quantile,0.7,5871.335311242689
06,2021-04-05,26 day ahead inc case,2021-05-01,quantile,0.75,7436.391103551193
06,2021-04-05,26 day ahead inc case,2021-05-01,quantile,0.8,9700.22820181259
06,2021-04-05,26 day ahead inc case,2021-05-01,quantile,0.85,12748.03875735401
06,2021-04-05,26 day ahead inc case,2021-05-01,quantile,0.9,17159.005320635788
06,2021-04-05,26 day ahead inc case,2021-05-01,quantile,0.95,23509.84211320581
06,2021-04-05,26 day ahead inc case,2021-05-01,quantile,0.975,30390.561885086972
06,2021-04-05,26 day ahead inc case,2021-05-01,quantile,0.99,46316.38775791015
06,2021-04-05,27 day ahead inc case,2021-05-02,quantile,0.01,0.0
06,2021-04-05,27 day ahead inc case,2021-05-02,quantile,0.025,0.0
06,2021-04-05,27 day ahead inc case,2021-05-02,quantile,0.05,2.972015163926349
06,2021-04-05,27 day ahead inc case,2021-05-02,quantile,0.1,39.867698603520594
06,2021-04-05,27 day ahead inc case,2021-05-02,quantile,0.15,121.83692132839705
06,2021-04-05,27 day ahead inc case,2021-05-02,quantile,0.2,224.04062370846512
06,2021-04-05,27 day ahead inc case,2021-05-02,quantile,0.25,359.15615143385344
06,2021-04-05,27 day ahead inc case,2021-05-02,quantile,0.3,496.4227470657043
06,2021-04-05,27 day ahead inc case,2021-05-02,quantile,0.35,721.3733475622051
06,2021-04-05,27 day ahead inc case,2021-05-02,quantile,0.4,1082.0126938682067
06,2021-04-05,27 day ahead inc case,2021-05-02,quantile,0.45,1436.1433421966844
06,2021-04-05,27 day ahead inc case,2021-05-02,quantile,0.5,1891.6418602233252
06,2021-04-05,27 day ahead inc case,2021-05-02,quantile,0.55,2495.464480171048
06,2021-04-05,27 day ahead inc case,2021-05-02,quantile,0.6,3202.0257817950987
06,2021-04-05,27 day ahead inc case,2021-05-02,quantile,0.65,3926.2745818072794
06,2021-04-05,27 day ahead inc case,2021-05-02,quantile,0.7,5305.422043369442
06,2021-04-05,27 day ahead inc case,2021-05-02,quantile,0.75,6783.099604591785
06,2021-04-05,27 day ahead inc case,2021-05-02,quantile,0.8,8850.11670262255
06,2021-04-05,27 day ahead inc case,2021-05-02,quantile,0.85,12230.2150380878
06,2021-04-05,27 day ahead inc case,2021-05-02,quantile,0.9,16140.614782838347
06,2021-04-05,27 day ahead inc case,2021-05-02,quantile,0.95,25079.770392982944
06,2021-04-05,27 day ahead inc case,2021-05-02,quantile,0.975,30162.53998755352
06,2021-04-05,27 day ahead inc case,2021-05-02,quantile,0.99,41740.78853351806
06,2021-04-05,28 day ahead inc case,2021-05-03,quantile,0.01,0.0
06,2021-04-05,28 day ahead inc case,2021-05-03,quantile,0.025,0.1546164447553186
06,2021-04-05,28 day ahead inc case,2021-05-03,quantile,0.05,9.929693379420515
06,2021-04-05,28 day ahead inc case,2021-05-03,quantile,0.1,86.47694972504428
06,2021-04-05,28 day ahead inc case,2021-05-03,quantile,0.15,240.74825768073734
06,2021-04-05,28 day ahead inc case,2021-05-03,quantile,0.2,444.848448242665
06,2021-04-05,28 day ahead inc case,2021-05-03,quantile,0.25,690.6211282691858
06,2021-04-05,28 day ahead inc case,2021-05-03,quantile,0.3,1076.2821229741016
06,2021-04-05,28 day ahead inc case,2021-05-03,quantile,0.35,1491.6316395980048
06,2021-04-05,28 day ahead inc case,2021-05-03,quantile,0.4,1903.9753952730493
06,2021-04-05,28 day ahead inc case,2021-05-03,quantile,0.45,2406.8935530871163
06,2021-04-05,28 day ahead inc case,2021-05-03,quantile,0.5,3116.359019175815
06,2021-04-05,28 day ahead inc case,2021-05-03,quantile,0.55,3767.1500712171287
06,2021-04-05,28 day ahead inc case,2021-05-03,quantile,0.6,4598.032532367735
06,2021-04-05,28 day ahead inc case,2021-05-03,quantile,0.65,6002.971249331067
06,2021-04-05,28 day ahead inc case,2021-05-03,quantile,0.7,8144.555028011379
06,2021-04-05,28 day ahead inc case,2021-05-03,quantile,0.75,10071.808914840469
06,2021-04-05,28 day ahead inc case,2021-05-03,quantile,0.8,12901.89442131048
06,2021-04-05,28 day ahead inc case,2021-05-03,quantile,0.85,16550.138216259482
06,2021-04-05,28 day ahead inc case,2021-05-03,quantile,0.9,23095.666842565515
06,2021-04-05,28 day ahead inc case,2021-05-03,quantile,0.95,35858.88863963486
06,2021-04-05,28 day ahead inc case,2021-05-03,quantile,0.975,44985.04328023475
06,2021-04-05,28 day ahead inc case,2021-05-03,quantile,0.99,58922.50616147178
