location,forecast_date,target,target_end_date,type,quantile,value
06,2021-02-08,1 day ahead inc hosp,2021-02-09,quantile,0.01,847.4619313026508
06,2021-02-08,1 day ahead inc hosp,2021-02-09,quantile,0.025,878.1217538085912
06,2021-02-08,1 day ahead inc hosp,2021-02-09,quantile,0.05,897.4972742305372
06,2021-02-08,1 day ahead inc hosp,2021-02-09,quantile,0.1,924.8046056387412
06,2021-02-08,1 day ahead inc hosp,2021-02-09,quantile,0.15,946.1847076602161
06,2021-02-08,1 day ahead inc hosp,2021-02-09,quantile,0.2,963.8600416966949
06,2021-02-08,1 day ahead inc hosp,2021-02-09,quantile,0.25,979.3037200775204
06,2021-02-08,1 day ahead inc hosp,2021-02-09,quantile,0.3,992.4959626195764
06,2021-02-08,1 day ahead inc hosp,2021-02-09,quantile,0.35,1004.4067269363916
06,2021-02-08,1 day ahead inc hosp,2021-02-09,quantile,0.4,1018.6475217335436
06,2021-02-08,1 day ahead inc hosp,2021-02-09,quantile,0.45,1031.0767003687538
06,2021-02-08,1 day ahead inc hosp,2021-02-09,quantile,0.5,1047.8612343339714
06,2021-02-08,1 day ahead inc hosp,2021-02-09,quantile,0.55,1058.6209969370457
06,2021-02-08,1 day ahead inc hosp,2021-02-09,quantile,0.6,1073.3078928636526
06,2021-02-08,1 day ahead inc hosp,2021-02-09,quantile,0.65,1085.7426896294166
06,2021-02-08,1 day ahead inc hosp,2021-02-09,quantile,0.7,1101.0767138386914
06,2021-02-08,1 day ahead inc hosp,2021-02-09,quantile,0.75,1113.9517169264795
06,2021-02-08,1 day ahead inc hosp,2021-02-09,quantile,0.8,1131.4088221675347
06,2021-02-08,1 day ahead inc hosp,2021-02-09,quantile,0.85,1152.1710864924705
06,2021-02-08,1 day ahead inc hosp,2021-02-09,quantile,0.9,1182.1395110531148
06,2021-02-08,1 day ahead inc hosp,2021-02-09,quantile,0.95,1220.875795644328
06,2021-02-08,1 day ahead inc hosp,2021-02-09,quantile,0.975,1263.3159858364327
06,2021-02-08,1 day ahead inc hosp,2021-02-09,quantile,0.99,1311.7818335725628
06,2021-02-08,2 day ahead inc hosp,2021-02-10,quantile,0.01,777.3444820279474
06,2021-02-08,2 day ahead inc hosp,2021-02-10,quantile,0.025,811.2477733387333
06,2021-02-08,2 day ahead inc hosp,2021-02-10,quantile,0.05,843.330617450472
06,2021-02-08,2 day ahead inc hosp,2021-02-10,quantile,0.1,882.6896595522214
06,2021-02-08,2 day ahead inc hosp,2021-02-10,quantile,0.15,915.9026186732203
06,2021-02-08,2 day ahead inc hosp,2021-02-10,quantile,0.2,937.5809606787965
06,2021-02-08,2 day ahead inc hosp,2021-02-10,quantile,0.25,958.0753824059362
06,2021-02-08,2 day ahead inc hosp,2021-02-10,quantile,0.3,975.5486897358019
06,2021-02-08,2 day ahead inc hosp,2021-02-10,quantile,0.35,987.971643726115
06,2021-02-08,2 day ahead inc hosp,2021-02-10,quantile,0.4,1004.1930956262963
06,2021-02-08,2 day ahead inc hosp,2021-02-10,quantile,0.45,1023.997442072995
06,2021-02-08,2 day ahead inc hosp,2021-02-10,quantile,0.5,1039.51262871188
06,2021-02-08,2 day ahead inc hosp,2021-02-10,quantile,0.55,1056.8089242466276
06,2021-02-08,2 day ahead inc hosp,2021-02-10,quantile,0.6,1073.0771873395022
06,2021-02-08,2 day ahead inc hosp,2021-02-10,quantile,0.65,1089.1963826904216
06,2021-02-08,2 day ahead inc hosp,2021-02-10,quantile,0.7,1109.6893610675793
06,2021-02-08,2 day ahead inc hosp,2021-02-10,quantile,0.75,1129.6019616586145
06,2021-02-08,2 day ahead inc hosp,2021-02-10,quantile,0.8,1155.5518032233342
06,2021-02-08,2 day ahead inc hosp,2021-02-10,quantile,0.85,1177.1287192460477
06,2021-02-08,2 day ahead inc hosp,2021-02-10,quantile,0.9,1225.9149641543938
06,2021-02-08,2 day ahead inc hosp,2021-02-10,quantile,0.95,1295.0187681850605
06,2021-02-08,2 day ahead inc hosp,2021-02-10,quantile,0.975,1324.8910986072417
06,2021-02-08,2 day ahead inc hosp,2021-02-10,quantile,0.99,1389.6266716084447
06,2021-02-08,3 day ahead inc hosp,2021-02-11,quantile,0.01,695.9246063333444
06,2021-02-08,3 day ahead inc hosp,2021-02-11,quantile,0.025,740.9425264677957
06,2021-02-08,3 day ahead inc hosp,2021-02-11,quantile,0.05,789.8680869550371
06,2021-02-08,3 day ahead inc hosp,2021-02-11,quantile,0.1,844.2098636852181
06,2021-02-08,3 day ahead inc hosp,2021-02-11,quantile,0.15,870.3186872985888
06,2021-02-08,3 day ahead inc hosp,2021-02-11,quantile,0.2,897.6439660322484
06,2021-02-08,3 day ahead inc hosp,2021-02-11,quantile,0.25,928.2198967788281
06,2021-02-08,3 day ahead inc hosp,2021-02-11,quantile,0.3,953.287405918132
06,2021-02-08,3 day ahead inc hosp,2021-02-11,quantile,0.35,973.5854740969453
06,2021-02-08,3 day ahead inc hosp,2021-02-11,quantile,0.4,994.2528297297802
06,2021-02-08,3 day ahead inc hosp,2021-02-11,quantile,0.45,1010.3129205943817
06,2021-02-08,3 day ahead inc hosp,2021-02-11,quantile,0.5,1025.7047862606264
06,2021-02-08,3 day ahead inc hosp,2021-02-11,quantile,0.55,1044.0995760816927
06,2021-02-08,3 day ahead inc hosp,2021-02-11,quantile,0.6,1065.1959300525073
06,2021-02-08,3 day ahead inc hosp,2021-02-11,quantile,0.65,1086.1465325586237
06,2021-02-08,3 day ahead inc hosp,2021-02-11,quantile,0.7,1109.8995823901016
06,2021-02-08,3 day ahead inc hosp,2021-02-11,quantile,0.75,1141.7853817941193
06,2021-02-08,3 day ahead inc hosp,2021-02-11,quantile,0.8,1171.8829165567643
06,2021-02-08,3 day ahead inc hosp,2021-02-11,quantile,0.85,1204.2665217177712
06,2021-02-08,3 day ahead inc hosp,2021-02-11,quantile,0.9,1246.146354467501
06,2021-02-08,3 day ahead inc hosp,2021-02-11,quantile,0.95,1313.8367344637345
06,2021-02-08,3 day ahead inc hosp,2021-02-11,quantile,0.975,1376.2074149731877
06,2021-02-08,3 day ahead inc hosp,2021-02-11,quantile,0.99,1494.8067859604691
06,2021-02-08,4 day ahead inc hosp,2021-02-12,quantile,0.01,679.8364951378728
06,2021-02-08,4 day ahead inc hosp,2021-02-12,quantile,0.025,713.8983727665899
06,2021-02-08,4 day ahead inc hosp,2021-02-12,quantile,0.05,766.6142037133359
06,2021-02-08,4 day ahead inc hosp,2021-02-12,quantile,0.1,806.2188756192843
06,2021-02-08,4 day ahead inc hosp,2021-02-12,quantile,0.15,848.9443770200544
06,2021-02-08,4 day ahead inc hosp,2021-02-12,quantile,0.2,878.75431975733
06,2021-02-08,4 day ahead inc hosp,2021-02-12,quantile,0.25,906.9594371686376
06,2021-02-08,4 day ahead inc hosp,2021-02-12,quantile,0.3,935.9080641327685
06,2021-02-08,4 day ahead inc hosp,2021-02-12,quantile,0.35,962.6364865657126
06,2021-02-08,4 day ahead inc hosp,2021-02-12,quantile,0.4,987.0444114437265
06,2021-02-08,4 day ahead inc hosp,2021-02-12,quantile,0.45,1011.5253676201994
06,2021-02-08,4 day ahead inc hosp,2021-02-12,quantile,0.5,1031.7019641515187
06,2021-02-08,4 day ahead inc hosp,2021-02-12,quantile,0.55,1053.3047206131678
06,2021-02-08,4 day ahead inc hosp,2021-02-12,quantile,0.6,1073.072092109193
06,2021-02-08,4 day ahead inc hosp,2021-02-12,quantile,0.65,1104.5407933872004
06,2021-02-08,4 day ahead inc hosp,2021-02-12,quantile,0.7,1125.9520663858195
06,2021-02-08,4 day ahead inc hosp,2021-02-12,quantile,0.75,1154.069248745932
06,2021-02-08,4 day ahead inc hosp,2021-02-12,quantile,0.8,1184.042002023665
06,2021-02-08,4 day ahead inc hosp,2021-02-12,quantile,0.85,1234.9037098703598
06,2021-02-08,4 day ahead inc hosp,2021-02-12,quantile,0.9,1278.2508628431033
06,2021-02-08,4 day ahead inc hosp,2021-02-12,quantile,0.95,1356.1667123267782
06,2021-02-08,4 day ahead inc hosp,2021-02-12,quantile,0.975,1438.4352058708257
06,2021-02-08,4 day ahead inc hosp,2021-02-12,quantile,0.99,1560.1828845055863
06,2021-02-08,5 day ahead inc hosp,2021-02-13,quantile,0.01,620.5859698212179
06,2021-02-08,5 day ahead inc hosp,2021-02-13,quantile,0.025,689.6321122089071
06,2021-02-08,5 day ahead inc hosp,2021-02-13,quantile,0.05,731.6617570594868
06,2021-02-08,5 day ahead inc hosp,2021-02-13,quantile,0.1,788.3130334564398
06,2021-02-08,5 day ahead inc hosp,2021-02-13,quantile,0.15,827.5106297550714
06,2021-02-08,5 day ahead inc hosp,2021-02-13,quantile,0.2,862.2823798483432
06,2021-02-08,5 day ahead inc hosp,2021-02-13,quantile,0.25,897.6264138378568
06,2021-02-08,5 day ahead inc hosp,2021-02-13,quantile,0.3,929.3568020285267
06,2021-02-08,5 day ahead inc hosp,2021-02-13,quantile,0.35,961.712043262329
06,2021-02-08,5 day ahead inc hosp,2021-02-13,quantile,0.4,981.8865031813936
06,2021-02-08,5 day ahead inc hosp,2021-02-13,quantile,0.45,1000.8936323839514
06,2021-02-08,5 day ahead inc hosp,2021-02-13,quantile,0.5,1021.4679829987818
06,2021-02-08,5 day ahead inc hosp,2021-02-13,quantile,0.55,1047.8998925688907
06,2021-02-08,5 day ahead inc hosp,2021-02-13,quantile,0.6,1084.1006205178112
06,2021-02-08,5 day ahead inc hosp,2021-02-13,quantile,0.65,1117.5554774369698
06,2021-02-08,5 day ahead inc hosp,2021-02-13,quantile,0.7,1147.063841696112
06,2021-02-08,5 day ahead inc hosp,2021-02-13,quantile,0.75,1182.4984767641263
06,2021-02-08,5 day ahead inc hosp,2021-02-13,quantile,0.8,1217.4346163604916
06,2021-02-08,5 day ahead inc hosp,2021-02-13,quantile,0.85,1267.224214210668
06,2021-02-08,5 day ahead inc hosp,2021-02-13,quantile,0.9,1319.6553225708142
06,2021-02-08,5 day ahead inc hosp,2021-02-13,quantile,0.95,1398.3301398950343
06,2021-02-08,5 day ahead inc hosp,2021-02-13,quantile,0.975,1469.8667526459792
06,2021-02-08,5 day ahead inc hosp,2021-02-13,quantile,0.99,1596.1134387348677
06,2021-02-08,6 day ahead inc hosp,2021-02-14,quantile,0.01,590.7633367868123
06,2021-02-08,6 day ahead inc hosp,2021-02-14,quantile,0.025,649.6585738602303
06,2021-02-08,6 day ahead inc hosp,2021-02-14,quantile,0.05,705.7771889739685
06,2021-02-08,6 day ahead inc hosp,2021-02-14,quantile,0.1,760.390469871703
06,2021-02-08,6 day ahead inc hosp,2021-02-14,quantile,0.15,806.7426087646852
06,2021-02-08,6 day ahead inc hosp,2021-02-14,quantile,0.2,846.9018099750843
06,2021-02-08,6 day ahead inc hosp,2021-02-14,quantile,0.25,879.4037472161781
06,2021-02-08,6 day ahead inc hosp,2021-02-14,quantile,0.3,914.0178223766753
06,2021-02-08,6 day ahead inc hosp,2021-02-14,quantile,0.35,945.6632313102807
06,2021-02-08,6 day ahead inc hosp,2021-02-14,quantile,0.4,969.478411926521
06,2021-02-08,6 day ahead inc hosp,2021-02-14,quantile,0.45,998.6435871204335
06,2021-02-08,6 day ahead inc hosp,2021-02-14,quantile,0.5,1025.5946109390622
06,2021-02-08,6 day ahead inc hosp,2021-02-14,quantile,0.55,1052.3519279654486
06,2021-02-08,6 day ahead inc hosp,2021-02-14,quantile,0.6,1081.550655434359
06,2021-02-08,6 day ahead inc hosp,2021-02-14,quantile,0.65,1113.2432019295918
06,2021-02-08,6 day ahead inc hosp,2021-02-14,quantile,0.7,1158.4143823169716
06,2021-02-08,6 day ahead inc hosp,2021-02-14,quantile,0.75,1192.5875432563562
06,2021-02-08,6 day ahead inc hosp,2021-02-14,quantile,0.8,1233.9653357168245
06,2021-02-08,6 day ahead inc hosp,2021-02-14,quantile,0.85,1281.7833311332774
06,2021-02-08,6 day ahead inc hosp,2021-02-14,quantile,0.9,1345.4060258758157
06,2021-02-08,6 day ahead inc hosp,2021-02-14,quantile,0.95,1435.2479203251742
06,2021-02-08,6 day ahead inc hosp,2021-02-14,quantile,0.975,1528.7952265721826
06,2021-02-08,6 day ahead inc hosp,2021-02-14,quantile,0.99,1648.5924781916376
06,2021-02-08,7 day ahead inc hosp,2021-02-15,quantile,0.01,521.4296208846058
06,2021-02-08,7 day ahead inc hosp,2021-02-15,quantile,0.025,625.3645306600658
06,2021-02-08,7 day ahead inc hosp,2021-02-15,quantile,0.05,666.1679947420289
06,2021-02-08,7 day ahead inc hosp,2021-02-15,quantile,0.1,751.3986135765097
06,2021-02-08,7 day ahead inc hosp,2021-02-15,quantile,0.15,803.038848738481
06,2021-02-08,7 day ahead inc hosp,2021-02-15,quantile,0.2,837.7512273621628
06,2021-02-08,7 day ahead inc hosp,2021-02-15,quantile,0.25,870.8409431396069
06,2021-02-08,7 day ahead inc hosp,2021-02-15,quantile,0.3,907.3953260476974
06,2021-02-08,7 day ahead inc hosp,2021-02-15,quantile,0.35,938.3368718621651
06,2021-02-08,7 day ahead inc hosp,2021-02-15,quantile,0.4,969.8442466386151
06,2021-02-08,7 day ahead inc hosp,2021-02-15,quantile,0.45,1003.9548502065196
06,2021-02-08,7 day ahead inc hosp,2021-02-15,quantile,0.5,1025.6275742259572
06,2021-02-08,7 day ahead inc hosp,2021-02-15,quantile,0.55,1050.2020653599868
06,2021-02-08,7 day ahead inc hosp,2021-02-15,quantile,0.6,1083.5719707297308
06,2021-02-08,7 day ahead inc hosp,2021-02-15,quantile,0.65,1117.3211553645226
06,2021-02-08,7 day ahead inc hosp,2021-02-15,quantile,0.7,1157.587500217877
06,2021-02-08,7 day ahead inc hosp,2021-02-15,quantile,0.75,1195.633901256991
06,2021-02-08,7 day ahead inc hosp,2021-02-15,quantile,0.8,1240.6327666934972
06,2021-02-08,7 day ahead inc hosp,2021-02-15,quantile,0.85,1302.9516212688018
06,2021-02-08,7 day ahead inc hosp,2021-02-15,quantile,0.9,1363.6014725937425
06,2021-02-08,7 day ahead inc hosp,2021-02-15,quantile,0.95,1454.5149944304853
06,2021-02-08,7 day ahead inc hosp,2021-02-15,quantile,0.975,1578.189459901076
06,2021-02-08,7 day ahead inc hosp,2021-02-15,quantile,0.99,1677.46239372213
06,2021-02-08,8 day ahead inc hosp,2021-02-16,quantile,0.01,520.1398116616235
06,2021-02-08,8 day ahead inc hosp,2021-02-16,quantile,0.025,590.7149856942219
06,2021-02-08,8 day ahead inc hosp,2021-02-16,quantile,0.05,654.4196740301957
06,2021-02-08,8 day ahead inc hosp,2021-02-16,quantile,0.1,726.091232435962
06,2021-02-08,8 day ahead inc hosp,2021-02-16,quantile,0.15,781.5438038939126
06,2021-02-08,8 day ahead inc hosp,2021-02-16,quantile,0.2,820.7556961512089
06,2021-02-08,8 day ahead inc hosp,2021-02-16,quantile,0.25,865.8870711217456
06,2021-02-08,8 day ahead inc hosp,2021-02-16,quantile,0.3,896.6716594277912
06,2021-02-08,8 day ahead inc hosp,2021-02-16,quantile,0.35,925.4367942454843
06,2021-02-08,8 day ahead inc hosp,2021-02-16,quantile,0.4,953.6499641528063
06,2021-02-08,8 day ahead inc hosp,2021-02-16,quantile,0.45,982.1701747484236
06,2021-02-08,8 day ahead inc hosp,2021-02-16,quantile,0.5,1018.0034318521525
06,2021-02-08,8 day ahead inc hosp,2021-02-16,quantile,0.55,1039.6514999370029
06,2021-02-08,8 day ahead inc hosp,2021-02-16,quantile,0.6,1074.4295312228824
06,2021-02-08,8 day ahead inc hosp,2021-02-16,quantile,0.65,1111.3823574407843
06,2021-02-08,8 day ahead inc hosp,2021-02-16,quantile,0.7,1153.0636601623853
06,2021-02-08,8 day ahead inc hosp,2021-02-16,quantile,0.75,1196.3290911223196
06,2021-02-08,8 day ahead inc hosp,2021-02-16,quantile,0.8,1244.2759751944618
06,2021-02-08,8 day ahead inc hosp,2021-02-16,quantile,0.85,1322.777317241627
06,2021-02-08,8 day ahead inc hosp,2021-02-16,quantile,0.9,1405.086224884025
06,2021-02-08,8 day ahead inc hosp,2021-02-16,quantile,0.95,1506.9524933730208
06,2021-02-08,8 day ahead inc hosp,2021-02-16,quantile,0.975,1631.1420634900858
06,2021-02-08,8 day ahead inc hosp,2021-02-16,quantile,0.99,1783.2690694021717
06,2021-02-08,9 day ahead inc hosp,2021-02-17,quantile,0.01,509.3723462697027
06,2021-02-08,9 day ahead inc hosp,2021-02-17,quantile,0.025,581.3931965713878
06,2021-02-08,9 day ahead inc hosp,2021-02-17,quantile,0.05,644.0341373626688
06,2021-02-08,9 day ahead inc hosp,2021-02-17,quantile,0.1,723.237246617592
06,2021-02-08,9 day ahead inc hosp,2021-02-17,quantile,0.15,771.7682134577256
06,2021-02-08,9 day ahead inc hosp,2021-02-17,quantile,0.2,814.0951920786016
06,2021-02-08,9 day ahead inc hosp,2021-02-17,quantile,0.25,852.1014738465566
06,2021-02-08,9 day ahead inc hosp,2021-02-17,quantile,0.3,889.3475541873272
06,2021-02-08,9 day ahead inc hosp,2021-02-17,quantile,0.35,921.3282769506601
06,2021-02-08,9 day ahead inc hosp,2021-02-17,quantile,0.4,952.7788585070979
06,2021-02-08,9 day ahead inc hosp,2021-02-17,quantile,0.45,985.8138093357614
06,2021-02-08,9 day ahead inc hosp,2021-02-17,quantile,0.5,1015.2486116279885
06,2021-02-08,9 day ahead inc hosp,2021-02-17,quantile,0.55,1044.404152475133
06,2021-02-08,9 day ahead inc hosp,2021-02-17,quantile,0.6,1076.3908957764836
06,2021-02-08,9 day ahead inc hosp,2021-02-17,quantile,0.65,1116.7839112802862
06,2021-02-08,9 day ahead inc hosp,2021-02-17,quantile,0.7,1161.9922808107372
06,2021-02-08,9 day ahead inc hosp,2021-02-17,quantile,0.75,1202.1842271904268
06,2021-02-08,9 day ahead inc hosp,2021-02-17,quantile,0.8,1269.6284766723154
06,2021-02-08,9 day ahead inc hosp,2021-02-17,quantile,0.85,1339.2039280512115
06,2021-02-08,9 day ahead inc hosp,2021-02-17,quantile,0.9,1409.1880813787361
06,2021-02-08,9 day ahead inc hosp,2021-02-17,quantile,0.95,1560.9646041870624
06,2021-02-08,9 day ahead inc hosp,2021-02-17,quantile,0.975,1686.0918885447466
06,2021-02-08,9 day ahead inc hosp,2021-02-17,quantile,0.99,1836.6215114199804
06,2021-02-08,10 day ahead inc hosp,2021-02-18,quantile,0.01,510.4458712718317
06,2021-02-08,10 day ahead inc hosp,2021-02-18,quantile,0.025,560.8367541040692
06,2021-02-08,10 day ahead inc hosp,2021-02-18,quantile,0.05,620.7263670338583
06,2021-02-08,10 day ahead inc hosp,2021-02-18,quantile,0.1,701.9097060845388
06,2021-02-08,10 day ahead inc hosp,2021-02-18,quantile,0.15,761.8182121652328
06,2021-02-08,10 day ahead inc hosp,2021-02-18,quantile,0.2,805.7182986360348
06,2021-02-08,10 day ahead inc hosp,2021-02-18,quantile,0.25,836.5384499534583
06,2021-02-08,10 day ahead inc hosp,2021-02-18,quantile,0.3,870.0428382336227
06,2021-02-08,10 day ahead inc hosp,2021-02-18,quantile,0.35,898.2793560818284
06,2021-02-08,10 day ahead inc hosp,2021-02-18,quantile,0.4,933.2988698699774
06,2021-02-08,10 day ahead inc hosp,2021-02-18,quantile,0.45,978.4754679413113
06,2021-02-08,10 day ahead inc hosp,2021-02-18,quantile,0.5,1008.4303078419134
06,2021-02-08,10 day ahead inc hosp,2021-02-18,quantile,0.55,1044.7828914138795
06,2021-02-08,10 day ahead inc hosp,2021-02-18,quantile,0.6,1086.8719479977397
06,2021-02-08,10 day ahead inc hosp,2021-02-18,quantile,0.65,1133.1270170475364
06,2021-02-08,10 day ahead inc hosp,2021-02-18,quantile,0.7,1186.3360016987956
06,2021-02-08,10 day ahead inc hosp,2021-02-18,quantile,0.75,1227.244895337112
06,2021-02-08,10 day ahead inc hosp,2021-02-18,quantile,0.8,1284.2659781241312
06,2021-02-08,10 day ahead inc hosp,2021-02-18,quantile,0.85,1360.2290996866107
06,2021-02-08,10 day ahead inc hosp,2021-02-18,quantile,0.9,1449.4742223530889
06,2021-02-08,10 day ahead inc hosp,2021-02-18,quantile,0.95,1629.3744340113922
06,2021-02-08,10 day ahead inc hosp,2021-02-18,quantile,0.975,1763.4603627697452
06,2021-02-08,10 day ahead inc hosp,2021-02-18,quantile,0.99,1893.7702982881503
06,2021-02-08,11 day ahead inc hosp,2021-02-19,quantile,0.01,470.88719409986527
06,2021-02-08,11 day ahead inc hosp,2021-02-19,quantile,0.025,537.599529328699
06,2021-02-08,11 day ahead inc hosp,2021-02-19,quantile,0.05,599.3195987941673
06,2021-02-08,11 day ahead inc hosp,2021-02-19,quantile,0.1,679.1261008238819
06,2021-02-08,11 day ahead inc hosp,2021-02-19,quantile,0.15,741.6746291407323
06,2021-02-08,11 day ahead inc hosp,2021-02-19,quantile,0.2,782.420629357704
06,2021-02-08,11 day ahead inc hosp,2021-02-19,quantile,0.25,827.9979636136944
06,2021-02-08,11 day ahead inc hosp,2021-02-19,quantile,0.3,873.6549655612293
06,2021-02-08,11 day ahead inc hosp,2021-02-19,quantile,0.35,899.1278496999481
06,2021-02-08,11 day ahead inc hosp,2021-02-19,quantile,0.4,937.8358632884841
06,2021-02-08,11 day ahead inc hosp,2021-02-19,quantile,0.45,978.9497992311747
06,2021-02-08,11 day ahead inc hosp,2021-02-19,quantile,0.5,1012.9668562980404
06,2021-02-08,11 day ahead inc hosp,2021-02-19,quantile,0.55,1044.3124760530832
06,2021-02-08,11 day ahead inc hosp,2021-02-19,quantile,0.6,1090.744328634987
06,2021-02-08,11 day ahead inc hosp,2021-02-19,quantile,0.65,1150.5895696488408
06,2021-02-08,11 day ahead inc hosp,2021-02-19,quantile,0.7,1203.0052336413935
06,2021-02-08,11 day ahead inc hosp,2021-02-19,quantile,0.75,1244.2406004511695
06,2021-02-08,11 day ahead inc hosp,2021-02-19,quantile,0.8,1299.5130436590907
06,2021-02-08,11 day ahead inc hosp,2021-02-19,quantile,0.85,1352.4843981035224
06,2021-02-08,11 day ahead inc hosp,2021-02-19,quantile,0.9,1462.229442959742
06,2021-02-08,11 day ahead inc hosp,2021-02-19,quantile,0.95,1623.0860757876526
06,2021-02-08,11 day ahead inc hosp,2021-02-19,quantile,0.975,1758.6381324443578
06,2021-02-08,11 day ahead inc hosp,2021-02-19,quantile,0.99,1950.9563224041917
06,2021-02-08,12 day ahead inc hosp,2021-02-20,quantile,0.01,450.88617158062004
06,2021-02-08,12 day ahead inc hosp,2021-02-20,quantile,0.025,510.6529183787187
06,2021-02-08,12 day ahead inc hosp,2021-02-20,quantile,0.05,581.3718369639777
06,2021-02-08,12 day ahead inc hosp,2021-02-20,quantile,0.1,660.4924359265394
06,2021-02-08,12 day ahead inc hosp,2021-02-20,quantile,0.15,711.6013358763297
06,2021-02-08,12 day ahead inc hosp,2021-02-20,quantile,0.2,766.5228004720544
06,2021-02-08,12 day ahead inc hosp,2021-02-20,quantile,0.25,812.232028330178
06,2021-02-08,12 day ahead inc hosp,2021-02-20,quantile,0.3,858.7938550877608
06,2021-02-08,12 day ahead inc hosp,2021-02-20,quantile,0.35,887.4469071817102
06,2021-02-08,12 day ahead inc hosp,2021-02-20,quantile,0.4,924.2257705228374
06,2021-02-08,12 day ahead inc hosp,2021-02-20,quantile,0.45,963.8960724361106
06,2021-02-08,12 day ahead inc hosp,2021-02-20,quantile,0.5,1000.3349017056406
06,2021-02-08,12 day ahead inc hosp,2021-02-20,quantile,0.55,1043.378277357797
06,2021-02-08,12 day ahead inc hosp,2021-02-20,quantile,0.6,1084.3853104224568
06,2021-02-08,12 day ahead inc hosp,2021-02-20,quantile,0.65,1147.6508799795324
06,2021-02-08,12 day ahead inc hosp,2021-02-20,quantile,0.7,1198.7727251540102
06,2021-02-08,12 day ahead inc hosp,2021-02-20,quantile,0.75,1263.456372933148
06,2021-02-08,12 day ahead inc hosp,2021-02-20,quantile,0.8,1318.3631005175564
06,2021-02-08,12 day ahead inc hosp,2021-02-20,quantile,0.85,1396.4085746677947
06,2021-02-08,12 day ahead inc hosp,2021-02-20,quantile,0.9,1516.188888575271
06,2021-02-08,12 day ahead inc hosp,2021-02-20,quantile,0.95,1668.6396026324928
06,2021-02-08,12 day ahead inc hosp,2021-02-20,quantile,0.975,1857.7247051195716
06,2021-02-08,12 day ahead inc hosp,2021-02-20,quantile,0.99,1992.8562455733065
06,2021-02-08,13 day ahead inc hosp,2021-02-21,quantile,0.01,447.55991975814834
06,2021-02-08,13 day ahead inc hosp,2021-02-21,quantile,0.025,502.3481249139238
06,2021-02-08,13 day ahead inc hosp,2021-02-21,quantile,0.05,577.364632571492
06,2021-02-08,13 day ahead inc hosp,2021-02-21,quantile,0.1,640.3414112130523
06,2021-02-08,13 day ahead inc hosp,2021-02-21,quantile,0.15,712.3138390240842
06,2021-02-08,13 day ahead inc hosp,2021-02-21,quantile,0.2,755.3896755410785
06,2021-02-08,13 day ahead inc hosp,2021-02-21,quantile,0.25,795.6737534470187
06,2021-02-08,13 day ahead inc hosp,2021-02-21,quantile,0.3,839.0153684268251
06,2021-02-08,13 day ahead inc hosp,2021-02-21,quantile,0.35,876.4873130202831
06,2021-02-08,13 day ahead inc hosp,2021-02-21,quantile,0.4,916.6429281224549
06,2021-02-08,13 day ahead inc hosp,2021-02-21,quantile,0.45,955.776409808699
06,2021-02-08,13 day ahead inc hosp,2021-02-21,quantile,0.5,995.7240662290222
06,2021-02-08,13 day ahead inc hosp,2021-02-21,quantile,0.55,1037.1773130825247
06,2021-02-08,13 day ahead inc hosp,2021-02-21,quantile,0.6,1096.6206850269634
06,2021-02-08,13 day ahead inc hosp,2021-02-21,quantile,0.65,1144.0344231512333
06,2021-02-08,13 day ahead inc hosp,2021-02-21,quantile,0.7,1199.1648609485064
06,2021-02-08,13 day ahead inc hosp,2021-02-21,quantile,0.75,1269.254011076865
06,2021-02-08,13 day ahead inc hosp,2021-02-21,quantile,0.8,1333.929936050003
06,2021-02-08,13 day ahead inc hosp,2021-02-21,quantile,0.85,1414.1631467205843
06,2021-02-08,13 day ahead inc hosp,2021-02-21,quantile,0.9,1540.859674412164
06,2021-02-08,13 day ahead inc hosp,2021-02-21,quantile,0.95,1678.5618115284865
06,2021-02-08,13 day ahead inc hosp,2021-02-21,quantile,0.975,1860.304166202981
06,2021-02-08,13 day ahead inc hosp,2021-02-21,quantile,0.99,2092.6620890578006
06,2021-02-08,14 day ahead inc hosp,2021-02-22,quantile,0.01,428.7405455080926
06,2021-02-08,14 day ahead inc hosp,2021-02-22,quantile,0.025,491.4294399651399
06,2021-02-08,14 day ahead inc hosp,2021-02-22,quantile,0.05,552.2796941195402
06,2021-02-08,14 day ahead inc hosp,2021-02-22,quantile,0.1,627.8343598746945
06,2021-02-08,14 day ahead inc hosp,2021-02-22,quantile,0.15,683.1861571174412
06,2021-02-08,14 day ahead inc hosp,2021-02-22,quantile,0.2,746.0024596849736
06,2021-02-08,14 day ahead inc hosp,2021-02-22,quantile,0.25,792.8791872719333
06,2021-02-08,14 day ahead inc hosp,2021-02-22,quantile,0.3,837.0384256459757
06,2021-02-08,14 day ahead inc hosp,2021-02-22,quantile,0.35,875.7879393915504
06,2021-02-08,14 day ahead inc hosp,2021-02-22,quantile,0.4,918.3931040271782
06,2021-02-08,14 day ahead inc hosp,2021-02-22,quantile,0.45,957.9242254038737
06,2021-02-08,14 day ahead inc hosp,2021-02-22,quantile,0.5,1006.8748362739899
06,2021-02-08,14 day ahead inc hosp,2021-02-22,quantile,0.55,1049.0532802693876
06,2021-02-08,14 day ahead inc hosp,2021-02-22,quantile,0.6,1098.6302596885062
06,2021-02-08,14 day ahead inc hosp,2021-02-22,quantile,0.65,1148.5168082744012
06,2021-02-08,14 day ahead inc hosp,2021-02-22,quantile,0.7,1205.531037647041
06,2021-02-08,14 day ahead inc hosp,2021-02-22,quantile,0.75,1271.7352148342143
06,2021-02-08,14 day ahead inc hosp,2021-02-22,quantile,0.8,1341.2778719604419
06,2021-02-08,14 day ahead inc hosp,2021-02-22,quantile,0.85,1430.492826905001
06,2021-02-08,14 day ahead inc hosp,2021-02-22,quantile,0.9,1564.806823568664
06,2021-02-08,14 day ahead inc hosp,2021-02-22,quantile,0.95,1729.6018899920357
06,2021-02-08,14 day ahead inc hosp,2021-02-22,quantile,0.975,1927.8479061772948
06,2021-02-08,14 day ahead inc hosp,2021-02-22,quantile,0.99,2144.564830150107
06,2021-02-08,15 day ahead inc hosp,2021-02-23,quantile,0.01,402.0710601409834
06,2021-02-08,15 day ahead inc hosp,2021-02-23,quantile,0.025,492.80811518959393
06,2021-02-08,15 day ahead inc hosp,2021-02-23,quantile,0.05,539.7910242903858
06,2021-02-08,15 day ahead inc hosp,2021-02-23,quantile,0.1,623.1533807307228
06,2021-02-08,15 day ahead inc hosp,2021-02-23,quantile,0.15,671.6662989097949
06,2021-02-08,15 day ahead inc hosp,2021-02-23,quantile,0.2,739.9423538791474
06,2021-02-08,15 day ahead inc hosp,2021-02-23,quantile,0.25,794.6039268394651
06,2021-02-08,15 day ahead inc hosp,2021-02-23,quantile,0.3,842.7301180940063
06,2021-02-08,15 day ahead inc hosp,2021-02-23,quantile,0.35,876.2032599619473
06,2021-02-08,15 day ahead inc hosp,2021-02-23,quantile,0.4,915.265176076643
06,2021-02-08,15 day ahead inc hosp,2021-02-23,quantile,0.45,958.9353925345163
06,2021-02-08,15 day ahead inc hosp,2021-02-23,quantile,0.5,1006.9841486880056
06,2021-02-08,15 day ahead inc hosp,2021-02-23,quantile,0.55,1054.5537324886795
06,2021-02-08,15 day ahead inc hosp,2021-02-23,quantile,0.6,1118.57100796656
06,2021-02-08,15 day ahead inc hosp,2021-02-23,quantile,0.65,1163.5037663069072
06,2021-02-08,15 day ahead inc hosp,2021-02-23,quantile,0.7,1214.4239015735745
06,2021-02-08,15 day ahead inc hosp,2021-02-23,quantile,0.75,1266.749706630938
06,2021-02-08,15 day ahead inc hosp,2021-02-23,quantile,0.8,1349.5682942260137
06,2021-02-08,15 day ahead inc hosp,2021-02-23,quantile,0.85,1443.8263651667069
06,2021-02-08,15 day ahead inc hosp,2021-02-23,quantile,0.9,1585.400297521911
06,2021-02-08,15 day ahead inc hosp,2021-02-23,quantile,0.95,1781.799397608604
06,2021-02-08,15 day ahead inc hosp,2021-02-23,quantile,0.975,2017.465018815831
06,2021-02-08,15 day ahead inc hosp,2021-02-23,quantile,0.99,2217.445697926319
06,2021-02-08,16 day ahead inc hosp,2021-02-24,quantile,0.01,377.8608910214362
06,2021-02-08,16 day ahead inc hosp,2021-02-24,quantile,0.025,453.80979234167654
06,2021-02-08,16 day ahead inc hosp,2021-02-24,quantile,0.05,515.2751846249442
06,2021-02-08,16 day ahead inc hosp,2021-02-24,quantile,0.1,599.7496692978749
06,2021-02-08,16 day ahead inc hosp,2021-02-24,quantile,0.15,668.6915963659766
06,2021-02-08,16 day ahead inc hosp,2021-02-24,quantile,0.2,735.3151900631132
06,2021-02-08,16 day ahead inc hosp,2021-02-24,quantile,0.25,795.4042009513009
06,2021-02-08,16 day ahead inc hosp,2021-02-24,quantile,0.3,838.53038048785
06,2021-02-08,16 day ahead inc hosp,2021-02-24,quantile,0.35,881.4649012116807
06,2021-02-08,16 day ahead inc hosp,2021-02-24,quantile,0.4,916.0602986086703
06,2021-02-08,16 day ahead inc hosp,2021-02-24,quantile,0.45,962.2220583560025
06,2021-02-08,16 day ahead inc hosp,2021-02-24,quantile,0.5,1008.8732649705096
06,2021-02-08,16 day ahead inc hosp,2021-02-24,quantile,0.55,1057.44955718159
06,2021-02-08,16 day ahead inc hosp,2021-02-24,quantile,0.6,1111.4088180450753
06,2021-02-08,16 day ahead inc hosp,2021-02-24,quantile,0.65,1167.414276564211
06,2021-02-08,16 day ahead inc hosp,2021-02-24,quantile,0.7,1223.4288058418595
06,2021-02-08,16 day ahead inc hosp,2021-02-24,quantile,0.75,1291.233255136304
06,2021-02-08,16 day ahead inc hosp,2021-02-24,quantile,0.8,1367.579218860228
06,2021-02-08,16 day ahead inc hosp,2021-02-24,quantile,0.85,1482.707828687204
06,2021-02-08,16 day ahead inc hosp,2021-02-24,quantile,0.9,1640.9535127234549
06,2021-02-08,16 day ahead inc hosp,2021-02-24,quantile,0.95,1830.6033912236792
06,2021-02-08,16 day ahead inc hosp,2021-02-24,quantile,0.975,2017.4993092313211
06,2021-02-08,16 day ahead inc hosp,2021-02-24,quantile,0.99,2218.2448364225716
06,2021-02-08,17 day ahead inc hosp,2021-02-25,quantile,0.01,376.6128233817142
06,2021-02-08,17 day ahead inc hosp,2021-02-25,quantile,0.025,430.97827162298455
06,2021-02-08,17 day ahead inc hosp,2021-02-25,quantile,0.05,501.89241017105877
06,2021-02-08,17 day ahead inc hosp,2021-02-25,quantile,0.1,591.5986380365158
06,2021-02-08,17 day ahead inc hosp,2021-02-25,quantile,0.15,660.1234316870675
06,2021-02-08,17 day ahead inc hosp,2021-02-25,quantile,0.2,732.2821038278914
06,2021-02-08,17 day ahead inc hosp,2021-02-25,quantile,0.25,782.059788969675
06,2021-02-08,17 day ahead inc hosp,2021-02-25,quantile,0.3,835.71143521686
06,2021-02-08,17 day ahead inc hosp,2021-02-25,quantile,0.35,875.1611257600936
06,2021-02-08,17 day ahead inc hosp,2021-02-25,quantile,0.4,915.8211167152183
06,2021-02-08,17 day ahead inc hosp,2021-02-25,quantile,0.45,964.3205923699769
06,2021-02-08,17 day ahead inc hosp,2021-02-25,quantile,0.5,1004.8185259097834
06,2021-02-08,17 day ahead inc hosp,2021-02-25,quantile,0.55,1066.0569853466477
06,2021-02-08,17 day ahead inc hosp,2021-02-25,quantile,0.6,1119.2824991739553
06,2021-02-08,17 day ahead inc hosp,2021-02-25,quantile,0.65,1169.1975067738053
06,2021-02-08,17 day ahead inc hosp,2021-02-25,quantile,0.7,1215.5763923449717
06,2021-02-08,17 day ahead inc hosp,2021-02-25,quantile,0.75,1293.516653239674
06,2021-02-08,17 day ahead inc hosp,2021-02-25,quantile,0.8,1351.7320781225965
06,2021-02-08,17 day ahead inc hosp,2021-02-25,quantile,0.85,1478.9244476163624
06,2021-02-08,17 day ahead inc hosp,2021-02-25,quantile,0.9,1624.500150653262
06,2021-02-08,17 day ahead inc hosp,2021-02-25,quantile,0.95,1871.8545382845132
06,2021-02-08,17 day ahead inc hosp,2021-02-25,quantile,0.975,2060.386357642222
06,2021-02-08,17 day ahead inc hosp,2021-02-25,quantile,0.99,2227.601149652647
06,2021-02-08,18 day ahead inc hosp,2021-02-26,quantile,0.01,355.8166678760918
06,2021-02-08,18 day ahead inc hosp,2021-02-26,quantile,0.025,413.1442471457407
06,2021-02-08,18 day ahead inc hosp,2021-02-26,quantile,0.05,479.15837566296636
06,2021-02-08,18 day ahead inc hosp,2021-02-26,quantile,0.1,585.177988990824
06,2021-02-08,18 day ahead inc hosp,2021-02-26,quantile,0.15,652.0775682043038
06,2021-02-08,18 day ahead inc hosp,2021-02-26,quantile,0.2,721.3860624895387
06,2021-02-08,18 day ahead inc hosp,2021-02-26,quantile,0.25,783.4973393929203
06,2021-02-08,18 day ahead inc hosp,2021-02-26,quantile,0.3,837.8739542083558
06,2021-02-08,18 day ahead inc hosp,2021-02-26,quantile,0.35,876.3904264156276
06,2021-02-08,18 day ahead inc hosp,2021-02-26,quantile,0.4,923.1526771370645
06,2021-02-08,18 day ahead inc hosp,2021-02-26,quantile,0.45,970.0936917567274
06,2021-02-08,18 day ahead inc hosp,2021-02-26,quantile,0.5,1016.2593268054197
06,2021-02-08,18 day ahead inc hosp,2021-02-26,quantile,0.55,1074.4210751307048
06,2021-02-08,18 day ahead inc hosp,2021-02-26,quantile,0.6,1130.7404968220258
06,2021-02-08,18 day ahead inc hosp,2021-02-26,quantile,0.65,1183.389875557572
06,2021-02-08,18 day ahead inc hosp,2021-02-26,quantile,0.7,1240.3770601148667
06,2021-02-08,18 day ahead inc hosp,2021-02-26,quantile,0.75,1299.0051499565532
06,2021-02-08,18 day ahead inc hosp,2021-02-26,quantile,0.8,1373.4996802248934
06,2021-02-08,18 day ahead inc hosp,2021-02-26,quantile,0.85,1482.7133594969196
06,2021-02-08,18 day ahead inc hosp,2021-02-26,quantile,0.9,1641.5931123173893
06,2021-02-08,18 day ahead inc hosp,2021-02-26,quantile,0.95,1872.2659917185533
06,2021-02-08,18 day ahead inc hosp,2021-02-26,quantile,0.975,2109.0982273859263
06,2021-02-08,18 day ahead inc hosp,2021-02-26,quantile,0.99,2287.7971942380423
06,2021-02-08,19 day ahead inc hosp,2021-02-27,quantile,0.01,365.8470428846611
06,2021-02-08,19 day ahead inc hosp,2021-02-27,quantile,0.025,434.3556978327855
06,2021-02-08,19 day ahead inc hosp,2021-02-27,quantile,0.05,489.2112579116615
06,2021-02-08,19 day ahead inc hosp,2021-02-27,quantile,0.1,575.1295886858873
06,2021-02-08,19 day ahead inc hosp,2021-02-27,quantile,0.15,653.7772928495092
06,2021-02-08,19 day ahead inc hosp,2021-02-27,quantile,0.2,720.9335911971082
06,2021-02-08,19 day ahead inc hosp,2021-02-27,quantile,0.25,785.2599045818806
06,2021-02-08,19 day ahead inc hosp,2021-02-27,quantile,0.3,838.1351452529378
06,2021-02-08,19 day ahead inc hosp,2021-02-27,quantile,0.35,879.0400882265039
06,2021-02-08,19 day ahead inc hosp,2021-02-27,quantile,0.4,921.3696357166671
06,2021-02-08,19 day ahead inc hosp,2021-02-27,quantile,0.45,975.5460039091269
06,2021-02-08,19 day ahead inc hosp,2021-02-27,quantile,0.5,1018.5817701327443
06,2021-02-08,19 day ahead inc hosp,2021-02-27,quantile,0.55,1073.6914462839538
06,2021-02-08,19 day ahead inc hosp,2021-02-27,quantile,0.6,1120.8165950829066
06,2021-02-08,19 day ahead inc hosp,2021-02-27,quantile,0.65,1181.591851230758
06,2021-02-08,19 day ahead inc hosp,2021-02-27,quantile,0.7,1245.0536051418605
06,2021-02-08,19 day ahead inc hosp,2021-02-27,quantile,0.75,1326.6278405048279
06,2021-02-08,19 day ahead inc hosp,2021-02-27,quantile,0.8,1412.6130058600959
06,2021-02-08,19 day ahead inc hosp,2021-02-27,quantile,0.85,1495.2615989095052
06,2021-02-08,19 day ahead inc hosp,2021-02-27,quantile,0.9,1674.4844997423359
06,2021-02-08,19 day ahead inc hosp,2021-02-27,quantile,0.95,1918.853552868957
06,2021-02-08,19 day ahead inc hosp,2021-02-27,quantile,0.975,2117.1679586892515
06,2021-02-08,19 day ahead inc hosp,2021-02-27,quantile,0.99,2393.221007103185
06,2021-02-08,20 day ahead inc hosp,2021-02-28,quantile,0.01,341.9196481347769
06,2021-02-08,20 day ahead inc hosp,2021-02-28,quantile,0.025,415.7477608195961
06,2021-02-08,20 day ahead inc hosp,2021-02-28,quantile,0.05,489.4627676069643
06,2021-02-08,20 day ahead inc hosp,2021-02-28,quantile,0.1,574.2728047619102
06,2021-02-08,20 day ahead inc hosp,2021-02-28,quantile,0.15,654.1903965377346
06,2021-02-08,20 day ahead inc hosp,2021-02-28,quantile,0.2,724.8340194926827
06,2021-02-08,20 day ahead inc hosp,2021-02-28,quantile,0.25,767.8174267987071
06,2021-02-08,20 day ahead inc hosp,2021-02-28,quantile,0.3,822.1902219614772
06,2021-02-08,20 day ahead inc hosp,2021-02-28,quantile,0.35,871.2434217586282
06,2021-02-08,20 day ahead inc hosp,2021-02-28,quantile,0.4,917.5261304125643
06,2021-02-08,20 day ahead inc hosp,2021-02-28,quantile,0.45,972.5336338939513
06,2021-02-08,20 day ahead inc hosp,2021-02-28,quantile,0.5,1030.2292578065194
06,2021-02-08,20 day ahead inc hosp,2021-02-28,quantile,0.55,1080.067159077099
06,2021-02-08,20 day ahead inc hosp,2021-02-28,quantile,0.6,1143.394636193038
06,2021-02-08,20 day ahead inc hosp,2021-02-28,quantile,0.65,1198.3365488325287
06,2021-02-08,20 day ahead inc hosp,2021-02-28,quantile,0.7,1267.4195949996283
06,2021-02-08,20 day ahead inc hosp,2021-02-28,quantile,0.75,1341.1905701241355
06,2021-02-08,20 day ahead inc hosp,2021-02-28,quantile,0.8,1414.5512235467272
06,2021-02-08,20 day ahead inc hosp,2021-02-28,quantile,0.85,1530.4153180123517
06,2021-02-08,20 day ahead inc hosp,2021-02-28,quantile,0.9,1680.3328689833802
06,2021-02-08,20 day ahead inc hosp,2021-02-28,quantile,0.95,1960.4831909646223
06,2021-02-08,20 day ahead inc hosp,2021-02-28,quantile,0.975,2140.189715562947
06,2021-02-08,20 day ahead inc hosp,2021-02-28,quantile,0.99,2433.758564808419
06,2021-02-08,21 day ahead inc hosp,2021-03-01,quantile,0.01,315.0343034738131
06,2021-02-08,21 day ahead inc hosp,2021-03-01,quantile,0.025,401.5376792595235
06,2021-02-08,21 day ahead inc hosp,2021-03-01,quantile,0.05,489.39855764076583
06,2021-02-08,21 day ahead inc hosp,2021-03-01,quantile,0.1,582.0979901982923
06,2021-02-08,21 day ahead inc hosp,2021-03-01,quantile,0.15,651.0477178361899
06,2021-02-08,21 day ahead inc hosp,2021-03-01,quantile,0.2,710.9867283892352
06,2021-02-08,21 day ahead inc hosp,2021-03-01,quantile,0.25,768.4371161530951
06,2021-02-08,21 day ahead inc hosp,2021-03-01,quantile,0.3,812.5976166145772
06,2021-02-08,21 day ahead inc hosp,2021-03-01,quantile,0.35,874.7498812630433
06,2021-02-08,21 day ahead inc hosp,2021-03-01,quantile,0.4,929.6398867388825
06,2021-02-08,21 day ahead inc hosp,2021-03-01,quantile,0.45,975.2741058135957
06,2021-02-08,21 day ahead inc hosp,2021-03-01,quantile,0.5,1021.3748219341767
06,2021-02-08,21 day ahead inc hosp,2021-03-01,quantile,0.55,1081.39360768247
06,2021-02-08,21 day ahead inc hosp,2021-03-01,quantile,0.6,1154.3442869364324
06,2021-02-08,21 day ahead inc hosp,2021-03-01,quantile,0.65,1199.313568536608
06,2021-02-08,21 day ahead inc hosp,2021-03-01,quantile,0.7,1262.78643292629
06,2021-02-08,21 day ahead inc hosp,2021-03-01,quantile,0.75,1325.31407060863
06,2021-02-08,21 day ahead inc hosp,2021-03-01,quantile,0.8,1430.4107474763834
06,2021-02-08,21 day ahead inc hosp,2021-03-01,quantile,0.85,1559.5113020777424
06,2021-02-08,21 day ahead inc hosp,2021-03-01,quantile,0.9,1712.4467676113693
06,2021-02-08,21 day ahead inc hosp,2021-03-01,quantile,0.95,1974.3316458221666
06,2021-02-08,21 day ahead inc hosp,2021-03-01,quantile,0.975,2099.460978573215
06,2021-02-08,21 day ahead inc hosp,2021-03-01,quantile,0.99,2535.8707565184322
06,2021-02-08,22 day ahead inc hosp,2021-03-02,quantile,0.01,314.10768096715935
06,2021-02-08,22 day ahead inc hosp,2021-03-02,quantile,0.025,394.10889051111053
06,2021-02-08,22 day ahead inc hosp,2021-03-02,quantile,0.05,466.10778501179783
06,2021-02-08,22 day ahead inc hosp,2021-03-02,quantile,0.1,565.0716029771107
06,2021-02-08,22 day ahead inc hosp,2021-03-02,quantile,0.15,640.5372815995224
06,2021-02-08,22 day ahead inc hosp,2021-03-02,quantile,0.2,695.3324017384155
06,2021-02-08,22 day ahead inc hosp,2021-03-02,quantile,0.25,760.8306086586281
06,2021-02-08,22 day ahead inc hosp,2021-03-02,quantile,0.3,816.1437188536227
06,2021-02-08,22 day ahead inc hosp,2021-03-02,quantile,0.35,862.7847338519274
06,2021-02-08,22 day ahead inc hosp,2021-03-02,quantile,0.4,925.5512647683478
06,2021-02-08,22 day ahead inc hosp,2021-03-02,quantile,0.45,971.4265975677147
06,2021-02-08,22 day ahead inc hosp,2021-03-02,quantile,0.5,1025.2911742360507
06,2021-02-08,22 day ahead inc hosp,2021-03-02,quantile,0.55,1084.317145563324
06,2021-02-08,22 day ahead inc hosp,2021-03-02,quantile,0.6,1137.2850525951467
06,2021-02-08,22 day ahead inc hosp,2021-03-02,quantile,0.65,1202.713607202076
06,2021-02-08,22 day ahead inc hosp,2021-03-02,quantile,0.7,1265.6772079561315
06,2021-02-08,22 day ahead inc hosp,2021-03-02,quantile,0.75,1349.5149926729505
06,2021-02-08,22 day ahead inc hosp,2021-03-02,quantile,0.8,1458.6534684530523
06,2021-02-08,22 day ahead inc hosp,2021-03-02,quantile,0.85,1583.0843327848177
06,2021-02-08,22 day ahead inc hosp,2021-03-02,quantile,0.9,1745.7382018855621
06,2021-02-08,22 day ahead inc hosp,2021-03-02,quantile,0.95,1990.9357299805777
06,2021-02-08,22 day ahead inc hosp,2021-03-02,quantile,0.975,2210.691147891132
06,2021-02-08,22 day ahead inc hosp,2021-03-02,quantile,0.99,2532.4868008476924
06,2021-02-08,23 day ahead inc hosp,2021-03-03,quantile,0.01,331.3207765570479
06,2021-02-08,23 day ahead inc hosp,2021-03-03,quantile,0.025,393.93902105722884
06,2021-02-08,23 day ahead inc hosp,2021-03-03,quantile,0.05,464.09823338650614
06,2021-02-08,23 day ahead inc hosp,2021-03-03,quantile,0.1,550.7542244892084
06,2021-02-08,23 day ahead inc hosp,2021-03-03,quantile,0.15,625.3221961857922
06,2021-02-08,23 day ahead inc hosp,2021-03-03,quantile,0.2,690.0812280558965
06,2021-02-08,23 day ahead inc hosp,2021-03-03,quantile,0.25,736.5931911448931
06,2021-02-08,23 day ahead inc hosp,2021-03-03,quantile,0.3,799.66218450507
06,2021-02-08,23 day ahead inc hosp,2021-03-03,quantile,0.35,860.095199942267
06,2021-02-08,23 day ahead inc hosp,2021-03-03,quantile,0.4,911.087054570144
06,2021-02-08,23 day ahead inc hosp,2021-03-03,quantile,0.45,968.9698102950907
06,2021-02-08,23 day ahead inc hosp,2021-03-03,quantile,0.5,1022.6772130407456
06,2021-02-08,23 day ahead inc hosp,2021-03-03,quantile,0.55,1080.7651164567976
06,2021-02-08,23 day ahead inc hosp,2021-03-03,quantile,0.6,1147.8215717335245
06,2021-02-08,23 day ahead inc hosp,2021-03-03,quantile,0.65,1204.4408367539781
06,2021-02-08,23 day ahead inc hosp,2021-03-03,quantile,0.7,1282.8681567314252
06,2021-02-08,23 day ahead inc hosp,2021-03-03,quantile,0.75,1355.3496279935111
06,2021-02-08,23 day ahead inc hosp,2021-03-03,quantile,0.8,1449.4081558894497
06,2021-02-08,23 day ahead inc hosp,2021-03-03,quantile,0.85,1595.5645686270004
06,2021-02-08,23 day ahead inc hosp,2021-03-03,quantile,0.9,1746.0769842962588
06,2021-02-08,23 day ahead inc hosp,2021-03-03,quantile,0.95,1997.2687124004929
06,2021-02-08,23 day ahead inc hosp,2021-03-03,quantile,0.975,2224.411418123183
06,2021-02-08,23 day ahead inc hosp,2021-03-03,quantile,0.99,2526.334402307336
06,2021-02-08,24 day ahead inc hosp,2021-03-04,quantile,0.01,306.36381945496703
06,2021-02-08,24 day ahead inc hosp,2021-03-04,quantile,0.025,386.08918675995045
06,2021-02-08,24 day ahead inc hosp,2021-03-04,quantile,0.05,446.85782255038527
06,2021-02-08,24 day ahead inc hosp,2021-03-04,quantile,0.1,527.1610893144294
06,2021-02-08,24 day ahead inc hosp,2021-03-04,quantile,0.15,615.3266389461128
06,2021-02-08,24 day ahead inc hosp,2021-03-04,quantile,0.2,678.4424164898165
06,2021-02-08,24 day ahead inc hosp,2021-03-04,quantile,0.25,737.9612489099552
06,2021-02-08,24 day ahead inc hosp,2021-03-04,quantile,0.3,792.7005688335191
06,2021-02-08,24 day ahead inc hosp,2021-03-04,quantile,0.35,845.423439491665
06,2021-02-08,24 day ahead inc hosp,2021-03-04,quantile,0.4,906.4504008492389
06,2021-02-08,24 day ahead inc hosp,2021-03-04,quantile,0.45,954.3048124879416
06,2021-02-08,24 day ahead inc hosp,2021-03-04,quantile,0.5,1022.1363305627194
06,2021-02-08,24 day ahead inc hosp,2021-03-04,quantile,0.55,1080.6817089606557
06,2021-02-08,24 day ahead inc hosp,2021-03-04,quantile,0.6,1143.7861660406866
06,2021-02-08,24 day ahead inc hosp,2021-03-04,quantile,0.65,1214.9646319139495
06,2021-02-08,24 day ahead inc hosp,2021-03-04,quantile,0.7,1286.0910189910426
06,2021-02-08,24 day ahead inc hosp,2021-03-04,quantile,0.75,1378.6957764397005
06,2021-02-08,24 day ahead inc hosp,2021-03-04,quantile,0.8,1467.1033548069518
06,2021-02-08,24 day ahead inc hosp,2021-03-04,quantile,0.85,1572.9596625086008
06,2021-02-08,24 day ahead inc hosp,2021-03-04,quantile,0.9,1752.5027744622262
06,2021-02-08,24 day ahead inc hosp,2021-03-04,quantile,0.95,2006.9973568500582
06,2021-02-08,24 day ahead inc hosp,2021-03-04,quantile,0.975,2189.8890835865577
06,2021-02-08,24 day ahead inc hosp,2021-03-04,quantile,0.99,2618.2829608430484
06,2021-02-08,25 day ahead inc hosp,2021-03-05,quantile,0.01,297.03981027340234
06,2021-02-08,25 day ahead inc hosp,2021-03-05,quantile,0.025,372.6149978716297
06,2021-02-08,25 day ahead inc hosp,2021-03-05,quantile,0.05,435.8760634397713
06,2021-02-08,25 day ahead inc hosp,2021-03-05,quantile,0.1,529.7208852170216
06,2021-02-08,25 day ahead inc hosp,2021-03-05,quantile,0.15,613.8227240412822
06,2021-02-08,25 day ahead inc hosp,2021-03-05,quantile,0.2,682.907112408547
06,2021-02-08,25 day ahead inc hosp,2021-03-05,quantile,0.25,739.5108460851252
06,2021-02-08,25 day ahead inc hosp,2021-03-05,quantile,0.3,792.3354775108868
06,2021-02-08,25 day ahead inc hosp,2021-03-05,quantile,0.35,844.677749951922
06,2021-02-08,25 day ahead inc hosp,2021-03-05,quantile,0.4,900.6013016744329
06,2021-02-08,25 day ahead inc hosp,2021-03-05,quantile,0.45,967.3780809153117
06,2021-02-08,25 day ahead inc hosp,2021-03-05,quantile,0.5,1026.7866972287113
06,2021-02-08,25 day ahead inc hosp,2021-03-05,quantile,0.55,1080.4985730434948
06,2021-02-08,25 day ahead inc hosp,2021-03-05,quantile,0.6,1146.0510096756998
06,2021-02-08,25 day ahead inc hosp,2021-03-05,quantile,0.65,1221.0797729786348
06,2021-02-08,25 day ahead inc hosp,2021-03-05,quantile,0.7,1292.658659626228
06,2021-02-08,25 day ahead inc hosp,2021-03-05,quantile,0.75,1374.9466323823192
06,2021-02-08,25 day ahead inc hosp,2021-03-05,quantile,0.8,1461.1772656701366
06,2021-02-08,25 day ahead inc hosp,2021-03-05,quantile,0.85,1614.892913120105
06,2021-02-08,25 day ahead inc hosp,2021-03-05,quantile,0.9,1773.5724964796814
06,2021-02-08,25 day ahead inc hosp,2021-03-05,quantile,0.95,2040.5823672456045
06,2021-02-08,25 day ahead inc hosp,2021-03-05,quantile,0.975,2257.6825514542775
06,2021-02-08,25 day ahead inc hosp,2021-03-05,quantile,0.99,2573.6564529008474
06,2021-02-08,26 day ahead inc hosp,2021-03-06,quantile,0.01,286.4496417812087
06,2021-02-08,26 day ahead inc hosp,2021-03-06,quantile,0.025,350.6354180076027
06,2021-02-08,26 day ahead inc hosp,2021-03-06,quantile,0.05,417.23580944393103
06,2021-02-08,26 day ahead inc hosp,2021-03-06,quantile,0.1,523.7108229328727
06,2021-02-08,26 day ahead inc hosp,2021-03-06,quantile,0.15,613.1928331549609
06,2021-02-08,26 day ahead inc hosp,2021-03-06,quantile,0.2,671.6206603274222
06,2021-02-08,26 day ahead inc hosp,2021-03-06,quantile,0.25,732.5048484220395
06,2021-02-08,26 day ahead inc hosp,2021-03-06,quantile,0.3,790.1534205936698
06,2021-02-08,26 day ahead inc hosp,2021-03-06,quantile,0.35,842.9654585189211
06,2021-02-08,26 day ahead inc hosp,2021-03-06,quantile,0.4,897.8661601973741
06,2021-02-08,26 day ahead inc hosp,2021-03-06,quantile,0.45,944.3882479102484
06,2021-02-08,26 day ahead inc hosp,2021-03-06,quantile,0.5,1008.9619638705925
06,2021-02-08,26 day ahead inc hosp,2021-03-06,quantile,0.55,1068.9495746065145
06,2021-02-08,26 day ahead inc hosp,2021-03-06,quantile,0.6,1139.0041171896148
06,2021-02-08,26 day ahead inc hosp,2021-03-06,quantile,0.65,1224.370679329864
06,2021-02-08,26 day ahead inc hosp,2021-03-06,quantile,0.7,1300.2830140256376
06,2021-02-08,26 day ahead inc hosp,2021-03-06,quantile,0.75,1387.8167155171068
06,2021-02-08,26 day ahead inc hosp,2021-03-06,quantile,0.8,1488.9698554617046
06,2021-02-08,26 day ahead inc hosp,2021-03-06,quantile,0.85,1627.2576439525642
06,2021-02-08,26 day ahead inc hosp,2021-03-06,quantile,0.9,1766.828881777782
06,2021-02-08,26 day ahead inc hosp,2021-03-06,quantile,0.95,2046.8426950750377
06,2021-02-08,26 day ahead inc hosp,2021-03-06,quantile,0.975,2274.2357720024165
06,2021-02-08,26 day ahead inc hosp,2021-03-06,quantile,0.99,2651.8533090736973
06,2021-02-08,27 day ahead inc hosp,2021-03-07,quantile,0.01,262.1531112137346
06,2021-02-08,27 day ahead inc hosp,2021-03-07,quantile,0.025,341.12206304508464
06,2021-02-08,27 day ahead inc hosp,2021-03-07,quantile,0.05,434.8729051159216
06,2021-02-08,27 day ahead inc hosp,2021-03-07,quantile,0.1,516.8085139252687
06,2021-02-08,27 day ahead inc hosp,2021-03-07,quantile,0.15,592.2333266911752
06,2021-02-08,27 day ahead inc hosp,2021-03-07,quantile,0.2,669.4822530320884
06,2021-02-08,27 day ahead inc hosp,2021-03-07,quantile,0.25,724.810624890884
06,2021-02-08,27 day ahead inc hosp,2021-03-07,quantile,0.3,770.1815270882771
06,2021-02-08,27 day ahead inc hosp,2021-03-07,quantile,0.35,839.1209298040405
06,2021-02-08,27 day ahead inc hosp,2021-03-07,quantile,0.4,898.8102149810061
06,2021-02-08,27 day ahead inc hosp,2021-03-07,quantile,0.45,939.0027660925495
06,2021-02-08,27 day ahead inc hosp,2021-03-07,quantile,0.5,1000.9558301993009
06,2021-02-08,27 day ahead inc hosp,2021-03-07,quantile,0.55,1068.4954514494154
06,2021-02-08,27 day ahead inc hosp,2021-03-07,quantile,0.6,1141.1410540382572
06,2021-02-08,27 day ahead inc hosp,2021-03-07,quantile,0.65,1219.4645113275653
06,2021-02-08,27 day ahead inc hosp,2021-03-07,quantile,0.7,1314.9523604188807
06,2021-02-08,27 day ahead inc hosp,2021-03-07,quantile,0.75,1378.7316327608207
06,2021-02-08,27 day ahead inc hosp,2021-03-07,quantile,0.8,1495.1156911898192
06,2021-02-08,27 day ahead inc hosp,2021-03-07,quantile,0.85,1622.3928017058795
06,2021-02-08,27 day ahead inc hosp,2021-03-07,quantile,0.9,1786.1172629135312
06,2021-02-08,27 day ahead inc hosp,2021-03-07,quantile,0.95,2059.220271200943
06,2021-02-08,27 day ahead inc hosp,2021-03-07,quantile,0.975,2339.5046433834505
06,2021-02-08,27 day ahead inc hosp,2021-03-07,quantile,0.99,2792.84900433226
06,2021-02-08,28 day ahead inc hosp,2021-03-08,quantile,0.01,257.4072112709428
06,2021-02-08,28 day ahead inc hosp,2021-03-08,quantile,0.025,336.066046426758
06,2021-02-08,28 day ahead inc hosp,2021-03-08,quantile,0.05,410.02383264600616
06,2021-02-08,28 day ahead inc hosp,2021-03-08,quantile,0.1,510.67513141651676
06,2021-02-08,28 day ahead inc hosp,2021-03-08,quantile,0.15,593.5243098245915
06,2021-02-08,28 day ahead inc hosp,2021-03-08,quantile,0.2,655.3364748228971
06,2021-02-08,28 day ahead inc hosp,2021-03-08,quantile,0.25,712.7370230556237
06,2021-02-08,28 day ahead inc hosp,2021-03-08,quantile,0.3,766.6109100938443
06,2021-02-08,28 day ahead inc hosp,2021-03-08,quantile,0.35,827.6990824773167
06,2021-02-08,28 day ahead inc hosp,2021-03-08,quantile,0.4,888.6683514475247
06,2021-02-08,28 day ahead inc hosp,2021-03-08,quantile,0.45,959.1418090791823
06,2021-02-08,28 day ahead inc hosp,2021-03-08,quantile,0.5,1021.6846666358332
06,2021-02-08,28 day ahead inc hosp,2021-03-08,quantile,0.55,1083.0818429038277
06,2021-02-08,28 day ahead inc hosp,2021-03-08,quantile,0.6,1161.6586884857704
06,2021-02-08,28 day ahead inc hosp,2021-03-08,quantile,0.65,1231.771908492201
06,2021-02-08,28 day ahead inc hosp,2021-03-08,quantile,0.7,1304.8273357367386
06,2021-02-08,28 day ahead inc hosp,2021-03-08,quantile,0.75,1403.956990923277
06,2021-02-08,28 day ahead inc hosp,2021-03-08,quantile,0.8,1517.6075957776768
06,2021-02-08,28 day ahead inc hosp,2021-03-08,quantile,0.85,1644.5032638429318
06,2021-02-08,28 day ahead inc hosp,2021-03-08,quantile,0.9,1787.3212373432689
06,2021-02-08,28 day ahead inc hosp,2021-03-08,quantile,0.95,2138.164700636385
06,2021-02-08,28 day ahead inc hosp,2021-03-08,quantile,0.975,2384.019510899172
06,2021-02-08,28 day ahead inc hosp,2021-03-08,quantile,0.99,2635.145873371777
06,2021-02-08,1 day ahead inc case,2021-02-09,quantile,0.01,5084.245576530964
06,2021-02-08,1 day ahead inc case,2021-02-09,quantile,0.025,5604.542730024475
06,2021-02-08,1 day ahead inc case,2021-02-09,quantile,0.05,6107.519054645366
06,2021-02-08,1 day ahead inc case,2021-02-09,quantile,0.1,6825.782715449446
06,2021-02-08,1 day ahead inc case,2021-02-09,quantile,0.15,7395.901370508625
06,2021-02-08,1 day ahead inc case,2021-02-09,quantile,0.2,7831.04116648371
06,2021-02-08,1 day ahead inc case,2021-02-09,quantile,0.25,8176.956476635993
06,2021-02-08,1 day ahead inc case,2021-02-09,quantile,0.3,8604.553433839172
06,2021-02-08,1 day ahead inc case,2021-02-09,quantile,0.35,9042.518702022671
06,2021-02-08,1 day ahead inc case,2021-02-09,quantile,0.4,9320.152436553417
06,2021-02-08,1 day ahead inc case,2021-02-09,quantile,0.45,9730.305131298697
06,2021-02-08,1 day ahead inc case,2021-02-09,quantile,0.5,10025.737279934534
06,2021-02-08,1 day ahead inc case,2021-02-09,quantile,0.55,10387.931115715264
06,2021-02-08,1 day ahead inc case,2021-02-09,quantile,0.6,10814.023827082161
06,2021-02-08,1 day ahead inc case,2021-02-09,quantile,0.65,11160.742738535037
06,2021-02-08,1 day ahead inc case,2021-02-09,quantile,0.7,11533.3557726347
06,2021-02-08,1 day ahead inc case,2021-02-09,quantile,0.75,12028.27397007787
06,2021-02-08,1 day ahead inc case,2021-02-09,quantile,0.8,12618.14145207913
06,2021-02-08,1 day ahead inc case,2021-02-09,quantile,0.85,13192.884025620977
06,2021-02-08,1 day ahead inc case,2021-02-09,quantile,0.9,13898.625869397529
06,2021-02-08,1 day ahead inc case,2021-02-09,quantile,0.95,15150.59559050383
06,2021-02-08,1 day ahead inc case,2021-02-09,quantile,0.975,16166.685691285069
06,2021-02-08,1 day ahead inc case,2021-02-09,quantile,0.99,18058.469486942173
06,2021-02-08,2 day ahead inc case,2021-02-10,quantile,0.01,3745.9101309210932
06,2021-02-08,2 day ahead inc case,2021-02-10,quantile,0.025,4417.182785121296
06,2021-02-08,2 day ahead inc case,2021-02-10,quantile,0.05,5206.5307364480395
06,2021-02-08,2 day ahead inc case,2021-02-10,quantile,0.1,6136.265338490962
06,2021-02-08,2 day ahead inc case,2021-02-10,quantile,0.15,6836.418625205442
06,2021-02-08,2 day ahead inc case,2021-02-10,quantile,0.2,7446.20880395283
06,2021-02-08,2 day ahead inc case,2021-02-10,quantile,0.25,7975.49492869327
06,2021-02-08,2 day ahead inc case,2021-02-10,quantile,0.3,8262.393364555599
06,2021-02-08,2 day ahead inc case,2021-02-10,quantile,0.35,8775.760356697305
06,2021-02-08,2 day ahead inc case,2021-02-10,quantile,0.4,9136.633304033146
06,2021-02-08,2 day ahead inc case,2021-02-10,quantile,0.45,9630.468050199479
06,2021-02-08,2 day ahead inc case,2021-02-10,quantile,0.5,10115.482456187845
06,2021-02-08,2 day ahead inc case,2021-02-10,quantile,0.55,10641.113399315293
06,2021-02-08,2 day ahead inc case,2021-02-10,quantile,0.6,11162.675674125032
06,2021-02-08,2 day ahead inc case,2021-02-10,quantile,0.65,11563.172053263641
06,2021-02-08,2 day ahead inc case,2021-02-10,quantile,0.7,12086.628454592857
06,2021-02-08,2 day ahead inc case,2021-02-10,quantile,0.75,12582.697570276132
06,2021-02-08,2 day ahead inc case,2021-02-10,quantile,0.8,13232.919557476413
06,2021-02-08,2 day ahead inc case,2021-02-10,quantile,0.85,14192.717548620525
06,2021-02-08,2 day ahead inc case,2021-02-10,quantile,0.9,15205.478036133436
06,2021-02-08,2 day ahead inc case,2021-02-10,quantile,0.95,16854.40336297969
06,2021-02-08,2 day ahead inc case,2021-02-10,quantile,0.975,19337.766678679985
06,2021-02-08,2 day ahead inc case,2021-02-10,quantile,0.99,23462.493082015706
06,2021-02-08,3 day ahead inc case,2021-02-11,quantile,0.01,2846.2678714409685
06,2021-02-08,3 day ahead inc case,2021-02-11,quantile,0.025,3561.0220557983603
06,2021-02-08,3 day ahead inc case,2021-02-11,quantile,0.05,4301.193462366209
06,2021-02-08,3 day ahead inc case,2021-02-11,quantile,0.1,5580.117582560534
06,2021-02-08,3 day ahead inc case,2021-02-11,quantile,0.15,6368.640787376426
06,2021-02-08,3 day ahead inc case,2021-02-11,quantile,0.2,6964.747518682643
06,2021-02-08,3 day ahead inc case,2021-02-11,quantile,0.25,7543.9280261923495
06,2021-02-08,3 day ahead inc case,2021-02-11,quantile,0.3,7974.3417743285545
06,2021-02-08,3 day ahead inc case,2021-02-11,quantile,0.35,8593.196781006149
06,2021-02-08,3 day ahead inc case,2021-02-11,quantile,0.4,9221.13608204885
06,2021-02-08,3 day ahead inc case,2021-02-11,quantile,0.45,9749.531757900411
06,2021-02-08,3 day ahead inc case,2021-02-11,quantile,0.5,10358.291472322991
06,2021-02-08,3 day ahead inc case,2021-02-11,quantile,0.55,10860.074208869706
06,2021-02-08,3 day ahead inc case,2021-02-11,quantile,0.6,11397.387633576163
06,2021-02-08,3 day ahead inc case,2021-02-11,quantile,0.65,11975.988595938641
06,2021-02-08,3 day ahead inc case,2021-02-11,quantile,0.7,12501.404512837551
06,2021-02-08,3 day ahead inc case,2021-02-11,quantile,0.75,13179.820457088515
06,2021-02-08,3 day ahead inc case,2021-02-11,quantile,0.8,14205.074737814099
06,2021-02-08,3 day ahead inc case,2021-02-11,quantile,0.85,15266.461175566448
06,2021-02-08,3 day ahead inc case,2021-02-11,quantile,0.9,17076.670761564055
06,2021-02-08,3 day ahead inc case,2021-02-11,quantile,0.95,19515.136224290443
06,2021-02-08,3 day ahead inc case,2021-02-11,quantile,0.975,22391.383055507693
06,2021-02-08,3 day ahead inc case,2021-02-11,quantile,0.99,24381.178290154927
06,2021-02-08,4 day ahead inc case,2021-02-12,quantile,0.01,2525.1787138102795
06,2021-02-08,4 day ahead inc case,2021-02-12,quantile,0.025,3417.7061044529096
06,2021-02-08,4 day ahead inc case,2021-02-12,quantile,0.05,4070.4182112365866
06,2021-02-08,4 day ahead inc case,2021-02-12,quantile,0.1,5177.028828670911
06,2021-02-08,4 day ahead inc case,2021-02-12,quantile,0.15,6198.680778107311
06,2021-02-08,4 day ahead inc case,2021-02-12,quantile,0.2,6706.349374002638
06,2021-02-08,4 day ahead inc case,2021-02-12,quantile,0.25,7352.056840722499
06,2021-02-08,4 day ahead inc case,2021-02-12,quantile,0.3,7854.262853280218
06,2021-02-08,4 day ahead inc case,2021-02-12,quantile,0.35,8374.226013810287
06,2021-02-08,4 day ahead inc case,2021-02-12,quantile,0.4,9053.977268430473
06,2021-02-08,4 day ahead inc case,2021-02-12,quantile,0.45,9563.941037298782
06,2021-02-08,4 day ahead inc case,2021-02-12,quantile,0.5,10226.76464566983
06,2021-02-08,4 day ahead inc case,2021-02-12,quantile,0.55,10720.179613844199
06,2021-02-08,4 day ahead inc case,2021-02-12,quantile,0.6,11510.415785887859
06,2021-02-08,4 day ahead inc case,2021-02-12,quantile,0.65,12169.733565729968
06,2021-02-08,4 day ahead inc case,2021-02-12,quantile,0.7,13000.751065778759
06,2021-02-08,4 day ahead inc case,2021-02-12,quantile,0.75,13953.980842123012
06,2021-02-08,4 day ahead inc case,2021-02-12,quantile,0.8,15167.379126603
06,2021-02-08,4 day ahead inc case,2021-02-12,quantile,0.85,16266.372842079365
06,2021-02-08,4 day ahead inc case,2021-02-12,quantile,0.9,17807.26428781682
06,2021-02-08,4 day ahead inc case,2021-02-12,quantile,0.95,20938.676514668587
06,2021-02-08,4 day ahead inc case,2021-02-12,quantile,0.975,23575.539649383234
06,2021-02-08,4 day ahead inc case,2021-02-12,quantile,0.99,25646.563930710752
06,2021-02-08,5 day ahead inc case,2021-02-13,quantile,0.01,2107.5188213316687
06,2021-02-08,5 day ahead inc case,2021-02-13,quantile,0.025,2903.7487196500556
06,2021-02-08,5 day ahead inc case,2021-02-13,quantile,0.05,3789.943772387536
06,2021-02-08,5 day ahead inc case,2021-02-13,quantile,0.1,5075.567471976847
06,2021-02-08,5 day ahead inc case,2021-02-13,quantile,0.15,5744.874654069881
06,2021-02-08,5 day ahead inc case,2021-02-13,quantile,0.2,6400.656300036245
06,2021-02-08,5 day ahead inc case,2021-02-13,quantile,0.25,6884.901334330886
06,2021-02-08,5 day ahead inc case,2021-02-13,quantile,0.3,7572.830300970998
06,2021-02-08,5 day ahead inc case,2021-02-13,quantile,0.35,8257.22072726201
06,2021-02-08,5 day ahead inc case,2021-02-13,quantile,0.4,9033.012006570889
06,2021-02-08,5 day ahead inc case,2021-02-13,quantile,0.45,9601.22100082417
06,2021-02-08,5 day ahead inc case,2021-02-13,quantile,0.5,10280.300809191645
06,2021-02-08,5 day ahead inc case,2021-02-13,quantile,0.55,11089.577626819435
06,2021-02-08,5 day ahead inc case,2021-02-13,quantile,0.6,11855.098928097654
06,2021-02-08,5 day ahead inc case,2021-02-13,quantile,0.65,12581.156433569751
06,2021-02-08,5 day ahead inc case,2021-02-13,quantile,0.7,13278.43217612322
06,2021-02-08,5 day ahead inc case,2021-02-13,quantile,0.75,14193.90084935775
06,2021-02-08,5 day ahead inc case,2021-02-13,quantile,0.8,15379.461780799205
06,2021-02-08,5 day ahead inc case,2021-02-13,quantile,0.85,16753.987384085962
06,2021-02-08,5 day ahead inc case,2021-02-13,quantile,0.9,18862.062652353925
06,2021-02-08,5 day ahead inc case,2021-02-13,quantile,0.95,21628.26473583171
06,2021-02-08,5 day ahead inc case,2021-02-13,quantile,0.975,26491.116637988856
06,2021-02-08,5 day ahead inc case,2021-02-13,quantile,0.99,31013.518577098097
06,2021-02-08,6 day ahead inc case,2021-02-14,quantile,0.01,1790.4909900360908
06,2021-02-08,6 day ahead inc case,2021-02-14,quantile,0.025,2576.168246860507
06,2021-02-08,6 day ahead inc case,2021-02-14,quantile,0.05,3371.643149083311
06,2021-02-08,6 day ahead inc case,2021-02-14,quantile,0.1,4812.198000220704
06,2021-02-08,6 day ahead inc case,2021-02-14,quantile,0.15,5540.233681431467
06,2021-02-08,6 day ahead inc case,2021-02-14,quantile,0.2,6329.991503564216
06,2021-02-08,6 day ahead inc case,2021-02-14,quantile,0.25,6916.699658981843
06,2021-02-08,6 day ahead inc case,2021-02-14,quantile,0.3,7464.444191237665
06,2021-02-08,6 day ahead inc case,2021-02-14,quantile,0.35,8187.046476910203
06,2021-02-08,6 day ahead inc case,2021-02-14,quantile,0.4,8747.910310122797
06,2021-02-08,6 day ahead inc case,2021-02-14,quantile,0.45,9434.689332531243
06,2021-02-08,6 day ahead inc case,2021-02-14,quantile,0.5,10045.675918282066
06,2021-02-08,6 day ahead inc case,2021-02-14,quantile,0.55,10657.928333335203
06,2021-02-08,6 day ahead inc case,2021-02-14,quantile,0.6,11419.953837257732
06,2021-02-08,6 day ahead inc case,2021-02-14,quantile,0.65,12087.021948195952
06,2021-02-08,6 day ahead inc case,2021-02-14,quantile,0.7,13153.479020725
06,2021-02-08,6 day ahead inc case,2021-02-14,quantile,0.75,14342.57299438825
06,2021-02-08,6 day ahead inc case,2021-02-14,quantile,0.8,16107.56743064769
06,2021-02-08,6 day ahead inc case,2021-02-14,quantile,0.85,17762.987067175745
06,2021-02-08,6 day ahead inc case,2021-02-14,quantile,0.9,20271.287695492596
06,2021-02-08,6 day ahead inc case,2021-02-14,quantile,0.95,25051.05639487995
06,2021-02-08,6 day ahead inc case,2021-02-14,quantile,0.975,28327.38855838225
06,2021-02-08,6 day ahead inc case,2021-02-14,quantile,0.99,30998.910237112945
06,2021-02-08,7 day ahead inc case,2021-02-15,quantile,0.01,1670.0230145901087
06,2021-02-08,7 day ahead inc case,2021-02-15,quantile,0.025,2399.200576011864
06,2021-02-08,7 day ahead inc case,2021-02-15,quantile,0.05,2933.051426612018
06,2021-02-08,7 day ahead inc case,2021-02-15,quantile,0.1,4310.899180767909
06,2021-02-08,7 day ahead inc case,2021-02-15,quantile,0.15,5313.642550958472
06,2021-02-08,7 day ahead inc case,2021-02-15,quantile,0.2,6048.114208009705
06,2021-02-08,7 day ahead inc case,2021-02-15,quantile,0.25,6753.541320733408
06,2021-02-08,7 day ahead inc case,2021-02-15,quantile,0.3,7343.2494428653645
06,2021-02-08,7 day ahead inc case,2021-02-15,quantile,0.35,7937.5944011233205
06,2021-02-08,7 day ahead inc case,2021-02-15,quantile,0.4,8711.860790274906
06,2021-02-08,7 day ahead inc case,2021-02-15,quantile,0.45,9294.221884614386
06,2021-02-08,7 day ahead inc case,2021-02-15,quantile,0.5,10061.86393025731
06,2021-02-08,7 day ahead inc case,2021-02-15,quantile,0.55,10756.730835752078
06,2021-02-08,7 day ahead inc case,2021-02-15,quantile,0.6,11778.515955121633
06,2021-02-08,7 day ahead inc case,2021-02-15,quantile,0.65,12613.472541708721
06,2021-02-08,7 day ahead inc case,2021-02-15,quantile,0.7,13637.832259085679
06,2021-02-08,7 day ahead inc case,2021-02-15,quantile,0.75,14723.232715437907
06,2021-02-08,7 day ahead inc case,2021-02-15,quantile,0.8,16476.460550259762
06,2021-02-08,7 day ahead inc case,2021-02-15,quantile,0.85,17980.84554099355
06,2021-02-08,7 day ahead inc case,2021-02-15,quantile,0.9,19965.813714167245
06,2021-02-08,7 day ahead inc case,2021-02-15,quantile,0.95,24575.627343240845
06,2021-02-08,7 day ahead inc case,2021-02-15,quantile,0.975,28744.57465680829
06,2021-02-08,7 day ahead inc case,2021-02-15,quantile,0.99,35370.84219366684
06,2021-02-08,8 day ahead inc case,2021-02-16,quantile,0.01,1484.7973422421142
06,2021-02-08,8 day ahead inc case,2021-02-16,quantile,0.025,2082.7531416206057
06,2021-02-08,8 day ahead inc case,2021-02-16,quantile,0.05,2797.838076819067
06,2021-02-08,8 day ahead inc case,2021-02-16,quantile,0.1,4159.095847782892
06,2021-02-08,8 day ahead inc case,2021-02-16,quantile,0.15,4922.205537693142
06,2021-02-08,8 day ahead inc case,2021-02-16,quantile,0.2,5772.637883239228
06,2021-02-08,8 day ahead inc case,2021-02-16,quantile,0.25,6572.155651399876
06,2021-02-08,8 day ahead inc case,2021-02-16,quantile,0.3,7290.57583067346
06,2021-02-08,8 day ahead inc case,2021-02-16,quantile,0.35,7991.105017750275
06,2021-02-08,8 day ahead inc case,2021-02-16,quantile,0.4,8868.630746453913
06,2021-02-08,8 day ahead inc case,2021-02-16,quantile,0.45,9404.984466167543
06,2021-02-08,8 day ahead inc case,2021-02-16,quantile,0.5,10076.911107658354
06,2021-02-08,8 day ahead inc case,2021-02-16,quantile,0.55,10885.238786815715
06,2021-02-08,8 day ahead inc case,2021-02-16,quantile,0.6,11835.963367615497
06,2021-02-08,8 day ahead inc case,2021-02-16,quantile,0.65,12725.656427485039
06,2021-02-08,8 day ahead inc case,2021-02-16,quantile,0.7,13633.004509130902
06,2021-02-08,8 day ahead inc case,2021-02-16,quantile,0.75,14983.1892348587
06,2021-02-08,8 day ahead inc case,2021-02-16,quantile,0.8,16547.2558928606
06,2021-02-08,8 day ahead inc case,2021-02-16,quantile,0.85,18196.298374086
06,2021-02-08,8 day ahead inc case,2021-02-16,quantile,0.9,20898.995092258003
06,2021-02-08,8 day ahead inc case,2021-02-16,quantile,0.95,26165.367697584352
06,2021-02-08,8 day ahead inc case,2021-02-16,quantile,0.975,30969.854000083553
06,2021-02-08,8 day ahead inc case,2021-02-16,quantile,0.99,37372.00730903929
06,2021-02-08,9 day ahead inc case,2021-02-17,quantile,0.01,1318.3293611121435
06,2021-02-08,9 day ahead inc case,2021-02-17,quantile,0.025,2012.476242294654
06,2021-02-08,9 day ahead inc case,2021-02-17,quantile,0.05,2572.1373012954837
06,2021-02-08,9 day ahead inc case,2021-02-17,quantile,0.1,3842.5427555370034
06,2021-02-08,9 day ahead inc case,2021-02-17,quantile,0.15,4752.235935083769
06,2021-02-08,9 day ahead inc case,2021-02-17,quantile,0.2,5522.87853297505
06,2021-02-08,9 day ahead inc case,2021-02-17,quantile,0.25,6280.592181473103
06,2021-02-08,9 day ahead inc case,2021-02-17,quantile,0.3,7126.711032190465
06,2021-02-08,9 day ahead inc case,2021-02-17,quantile,0.35,7761.618891951588
06,2021-02-08,9 day ahead inc case,2021-02-17,quantile,0.4,8466.32246682304
06,2021-02-08,9 day ahead inc case,2021-02-17,quantile,0.45,9270.800646931177
06,2021-02-08,9 day ahead inc case,2021-02-17,quantile,0.5,10040.372107568517
06,2021-02-08,9 day ahead inc case,2021-02-17,quantile,0.55,10981.405402342574
06,2021-02-08,9 day ahead inc case,2021-02-17,quantile,0.6,11976.92806371666
06,2021-02-08,9 day ahead inc case,2021-02-17,quantile,0.65,13097.577832195462
06,2021-02-08,9 day ahead inc case,2021-02-17,quantile,0.7,14341.375982872518
06,2021-02-08,9 day ahead inc case,2021-02-17,quantile,0.75,15575.260664149933
06,2021-02-08,9 day ahead inc case,2021-02-17,quantile,0.8,17269.089814644394
06,2021-02-08,9 day ahead inc case,2021-02-17,quantile,0.85,19314.643423276706
06,2021-02-08,9 day ahead inc case,2021-02-17,quantile,0.9,21801.028577845478
06,2021-02-08,9 day ahead inc case,2021-02-17,quantile,0.95,26995.966517885812
06,2021-02-08,9 day ahead inc case,2021-02-17,quantile,0.975,33131.70083505499
06,2021-02-08,9 day ahead inc case,2021-02-17,quantile,0.99,38817.95282547002
06,2021-02-08,10 day ahead inc case,2021-02-18,quantile,0.01,1017.8320726004174
06,2021-02-08,10 day ahead inc case,2021-02-18,quantile,0.025,1763.1406728653533
06,2021-02-08,10 day ahead inc case,2021-02-18,quantile,0.05,2507.3605874823966
06,2021-02-08,10 day ahead inc case,2021-02-18,quantile,0.1,3630.9567494937683
06,2021-02-08,10 day ahead inc case,2021-02-18,quantile,0.15,4405.460036670577
06,2021-02-08,10 day ahead inc case,2021-02-18,quantile,0.2,5257.843378564828
06,2021-02-08,10 day ahead inc case,2021-02-18,quantile,0.25,6124.562843909888
06,2021-02-08,10 day ahead inc case,2021-02-18,quantile,0.3,6779.498229980095
06,2021-02-08,10 day ahead inc case,2021-02-18,quantile,0.35,7556.6122895175695
06,2021-02-08,10 day ahead inc case,2021-02-18,quantile,0.4,8403.858822981721
06,2021-02-08,10 day ahead inc case,2021-02-18,quantile,0.45,9319.971856501365
06,2021-02-08,10 day ahead inc case,2021-02-18,quantile,0.5,10125.419631948327
06,2021-02-08,10 day ahead inc case,2021-02-18,quantile,0.55,11056.344668298188
06,2021-02-08,10 day ahead inc case,2021-02-18,quantile,0.6,12138.820084161338
06,2021-02-08,10 day ahead inc case,2021-02-18,quantile,0.65,12958.310827686217
06,2021-02-08,10 day ahead inc case,2021-02-18,quantile,0.7,14566.848383864202
06,2021-02-08,10 day ahead inc case,2021-02-18,quantile,0.75,16062.122047464847
06,2021-02-08,10 day ahead inc case,2021-02-18,quantile,0.8,17709.988199814572
06,2021-02-08,10 day ahead inc case,2021-02-18,quantile,0.85,19598.422542356737
06,2021-02-08,10 day ahead inc case,2021-02-18,quantile,0.9,22734.90684711496
06,2021-02-08,10 day ahead inc case,2021-02-18,quantile,0.95,28010.391805550735
06,2021-02-08,10 day ahead inc case,2021-02-18,quantile,0.975,33928.38651658723
06,2021-02-08,10 day ahead inc case,2021-02-18,quantile,0.99,39604.10978193176
06,2021-02-08,11 day ahead inc case,2021-02-19,quantile,0.01,852.3271654350085
06,2021-02-08,11 day ahead inc case,2021-02-19,quantile,0.025,1446.3316903496177
06,2021-02-08,11 day ahead inc case,2021-02-19,quantile,0.05,2282.3215975895014
06,2021-02-08,11 day ahead inc case,2021-02-19,quantile,0.1,3315.801110646251
06,2021-02-08,11 day ahead inc case,2021-02-19,quantile,0.15,4131.524560230495
06,2021-02-08,11 day ahead inc case,2021-02-19,quantile,0.2,4985.13672559295
06,2021-02-08,11 day ahead inc case,2021-02-19,quantile,0.25,5864.240419583509
06,2021-02-08,11 day ahead inc case,2021-02-19,quantile,0.3,6757.778036482131
06,2021-02-08,11 day ahead inc case,2021-02-19,quantile,0.35,7469.378564935259
06,2021-02-08,11 day ahead inc case,2021-02-19,quantile,0.4,8329.338412200781
06,2021-02-08,11 day ahead inc case,2021-02-19,quantile,0.45,8952.7670004849
06,2021-02-08,11 day ahead inc case,2021-02-19,quantile,0.5,9797.05081228576
06,2021-02-08,11 day ahead inc case,2021-02-19,quantile,0.55,10728.87565493581
06,2021-02-08,11 day ahead inc case,2021-02-19,quantile,0.6,11835.403189597488
06,2021-02-08,11 day ahead inc case,2021-02-19,quantile,0.65,12891.12329746419
06,2021-02-08,11 day ahead inc case,2021-02-19,quantile,0.7,14391.437356841036
06,2021-02-08,11 day ahead inc case,2021-02-19,quantile,0.75,16329.767614564566
06,2021-02-08,11 day ahead inc case,2021-02-19,quantile,0.8,18051.373052327275
06,2021-02-08,11 day ahead inc case,2021-02-19,quantile,0.85,20602.69015173948
06,2021-02-08,11 day ahead inc case,2021-02-19,quantile,0.9,23935.368880140588
06,2021-02-08,11 day ahead inc case,2021-02-19,quantile,0.95,30416.704281772185
06,2021-02-08,11 day ahead inc case,2021-02-19,quantile,0.975,36419.64283177866
06,2021-02-08,11 day ahead inc case,2021-02-19,quantile,0.99,45410.22472853189
06,2021-02-08,12 day ahead inc case,2021-02-20,quantile,0.01,839.6221866823932
06,2021-02-08,12 day ahead inc case,2021-02-20,quantile,0.025,1169.4026173610825
06,2021-02-08,12 day ahead inc case,2021-02-20,quantile,0.05,1874.2440259826822
06,2021-02-08,12 day ahead inc case,2021-02-20,quantile,0.1,3060.2962103637337
06,2021-02-08,12 day ahead inc case,2021-02-20,quantile,0.15,4171.287396326866
06,2021-02-08,12 day ahead inc case,2021-02-20,quantile,0.2,4940.025729082256
06,2021-02-08,12 day ahead inc case,2021-02-20,quantile,0.25,5656.535095025383
06,2021-02-08,12 day ahead inc case,2021-02-20,quantile,0.3,6517.107473925581
06,2021-02-08,12 day ahead inc case,2021-02-20,quantile,0.35,7340.495278451346
06,2021-02-08,12 day ahead inc case,2021-02-20,quantile,0.4,8133.336799715639
06,2021-02-08,12 day ahead inc case,2021-02-20,quantile,0.45,9121.00394083642
06,2021-02-08,12 day ahead inc case,2021-02-20,quantile,0.5,9908.922768045182
06,2021-02-08,12 day ahead inc case,2021-02-20,quantile,0.55,10872.264868418433
06,2021-02-08,12 day ahead inc case,2021-02-20,quantile,0.6,12060.35338644241
06,2021-02-08,12 day ahead inc case,2021-02-20,quantile,0.65,13252.411089766307
06,2021-02-08,12 day ahead inc case,2021-02-20,quantile,0.7,14681.126991013432
06,2021-02-08,12 day ahead inc case,2021-02-20,quantile,0.75,16041.772658761029
06,2021-02-08,12 day ahead inc case,2021-02-20,quantile,0.8,18238.098434086533
06,2021-02-08,12 day ahead inc case,2021-02-20,quantile,0.85,19951.490599768586
06,2021-02-08,12 day ahead inc case,2021-02-20,quantile,0.9,24542.095386960864
06,2021-02-08,12 day ahead inc case,2021-02-20,quantile,0.95,30611.427461727104
06,2021-02-08,12 day ahead inc case,2021-02-20,quantile,0.975,37744.89080441842
06,2021-02-08,12 day ahead inc case,2021-02-20,quantile,0.99,46379.98139350314
06,2021-02-08,13 day ahead inc case,2021-02-21,quantile,0.01,795.8890957631631
06,2021-02-08,13 day ahead inc case,2021-02-21,quantile,0.025,1261.1071400346277
06,2021-02-08,13 day ahead inc case,2021-02-21,quantile,0.05,1956.3377736320963
06,2021-02-08,13 day ahead inc case,2021-02-21,quantile,0.1,2949.682295599533
06,2021-02-08,13 day ahead inc case,2021-02-21,quantile,0.15,3894.7551438074775
06,2021-02-08,13 day ahead inc case,2021-02-21,quantile,0.2,4907.83090745243
06,2021-02-08,13 day ahead inc case,2021-02-21,quantile,0.25,5774.6428884044835
06,2021-02-08,13 day ahead inc case,2021-02-21,quantile,0.3,6617.068451192823
06,2021-02-08,13 day ahead inc case,2021-02-21,quantile,0.35,7471.503947384288
06,2021-02-08,13 day ahead inc case,2021-02-21,quantile,0.4,8205.486515741994
06,2021-02-08,13 day ahead inc case,2021-02-21,quantile,0.45,8922.909941573525
06,2021-02-08,13 day ahead inc case,2021-02-21,quantile,0.5,10062.567625134338
06,2021-02-08,13 day ahead inc case,2021-02-21,quantile,0.55,10885.90993263755
06,2021-02-08,13 day ahead inc case,2021-02-21,quantile,0.6,12257.81099905993
06,2021-02-08,13 day ahead inc case,2021-02-21,quantile,0.65,13491.699679814026
06,2021-02-08,13 day ahead inc case,2021-02-21,quantile,0.7,15090.801084904851
06,2021-02-08,13 day ahead inc case,2021-02-21,quantile,0.75,16802.90033735613
06,2021-02-08,13 day ahead inc case,2021-02-21,quantile,0.8,18997.757191062927
06,2021-02-08,13 day ahead inc case,2021-02-21,quantile,0.85,21289.70885038142
06,2021-02-08,13 day ahead inc case,2021-02-21,quantile,0.9,25668.695603561835
06,2021-02-08,13 day ahead inc case,2021-02-21,quantile,0.95,32878.238443461945
06,2021-02-08,13 day ahead inc case,2021-02-21,quantile,0.975,39461.88552421138
06,2021-02-08,13 day ahead inc case,2021-02-21,quantile,0.99,45696.231233915256
06,2021-02-08,14 day ahead inc case,2021-02-22,quantile,0.01,648.3508768073694
06,2021-02-08,14 day ahead inc case,2021-02-22,quantile,0.025,1131.0144780432383
06,2021-02-08,14 day ahead inc case,2021-02-22,quantile,0.05,1759.9760747419566
06,2021-02-08,14 day ahead inc case,2021-02-22,quantile,0.1,2705.556747864209
06,2021-02-08,14 day ahead inc case,2021-02-22,quantile,0.15,3787.242393817289
06,2021-02-08,14 day ahead inc case,2021-02-22,quantile,0.2,4573.012915657363
06,2021-02-08,14 day ahead inc case,2021-02-22,quantile,0.25,5440.697050349819
06,2021-02-08,14 day ahead inc case,2021-02-22,quantile,0.3,6220.431681009527
06,2021-02-08,14 day ahead inc case,2021-02-22,quantile,0.35,7395.518034468792
06,2021-02-08,14 day ahead inc case,2021-02-22,quantile,0.4,8163.978769609799
06,2021-02-08,14 day ahead inc case,2021-02-22,quantile,0.45,8986.093544499176
06,2021-02-08,14 day ahead inc case,2021-02-22,quantile,0.5,9874.325833209385
06,2021-02-08,14 day ahead inc case,2021-02-22,quantile,0.55,11076.983449892687
06,2021-02-08,14 day ahead inc case,2021-02-22,quantile,0.6,12302.563200818362
06,2021-02-08,14 day ahead inc case,2021-02-22,quantile,0.65,13714.553379384099
06,2021-02-08,14 day ahead inc case,2021-02-22,quantile,0.7,14929.763240322089
06,2021-02-08,14 day ahead inc case,2021-02-22,quantile,0.75,16627.566309527338
06,2021-02-08,14 day ahead inc case,2021-02-22,quantile,0.8,19115.751592446853
06,2021-02-08,14 day ahead inc case,2021-02-22,quantile,0.85,21794.923125053112
06,2021-02-08,14 day ahead inc case,2021-02-22,quantile,0.9,26494.761181483027
06,2021-02-08,14 day ahead inc case,2021-02-22,quantile,0.95,32526.980105761155
06,2021-02-08,14 day ahead inc case,2021-02-22,quantile,0.975,41106.196861041826
06,2021-02-08,14 day ahead inc case,2021-02-22,quantile,0.99,49493.516117282314
06,2021-02-08,15 day ahead inc case,2021-02-23,quantile,0.01,410.9228934728658
06,2021-02-08,15 day ahead inc case,2021-02-23,quantile,0.025,1120.8756709142365
06,2021-02-08,15 day ahead inc case,2021-02-23,quantile,0.05,1626.8903490558778
06,2021-02-08,15 day ahead inc case,2021-02-23,quantile,0.1,2793.1276962997713
06,2021-02-08,15 day ahead inc case,2021-02-23,quantile,0.15,3651.110747884075
06,2021-02-08,15 day ahead inc case,2021-02-23,quantile,0.2,4446.681170346864
06,2021-02-08,15 day ahead inc case,2021-02-23,quantile,0.25,5357.090864773171
06,2021-02-08,15 day ahead inc case,2021-02-23,quantile,0.3,5937.478387480327
06,2021-02-08,15 day ahead inc case,2021-02-23,quantile,0.35,6901.277227543527
06,2021-02-08,15 day ahead inc case,2021-02-23,quantile,0.4,7898.472875687788
06,2021-02-08,15 day ahead inc case,2021-02-23,quantile,0.45,9140.560577343284
06,2021-02-08,15 day ahead inc case,2021-02-23,quantile,0.5,10275.301812246713
06,2021-02-08,15 day ahead inc case,2021-02-23,quantile,0.55,11090.694624326634
06,2021-02-08,15 day ahead inc case,2021-02-23,quantile,0.6,12284.35403863429
06,2021-02-08,15 day ahead inc case,2021-02-23,quantile,0.65,13819.3071032053
06,2021-02-08,15 day ahead inc case,2021-02-23,quantile,0.7,15452.942528905742
06,2021-02-08,15 day ahead inc case,2021-02-23,quantile,0.75,17060.31975134405
06,2021-02-08,15 day ahead inc case,2021-02-23,quantile,0.8,19143.63716431634
06,2021-02-08,15 day ahead inc case,2021-02-23,quantile,0.85,22328.11622141259
06,2021-02-08,15 day ahead inc case,2021-02-23,quantile,0.9,26810.42117550657
06,2021-02-08,15 day ahead inc case,2021-02-23,quantile,0.95,34063.339395706134
06,2021-02-08,15 day ahead inc case,2021-02-23,quantile,0.975,41637.0938560292
06,2021-02-08,15 day ahead inc case,2021-02-23,quantile,0.99,55067.339365635205
06,2021-02-08,16 day ahead inc case,2021-02-24,quantile,0.01,414.39608194142403
06,2021-02-08,16 day ahead inc case,2021-02-24,quantile,0.025,781.8896015142922
06,2021-02-08,16 day ahead inc case,2021-02-24,quantile,0.05,1542.679800067675
06,2021-02-08,16 day ahead inc case,2021-02-24,quantile,0.1,2459.59335737606
06,2021-02-08,16 day ahead inc case,2021-02-24,quantile,0.15,3523.029785198068
06,2021-02-08,16 day ahead inc case,2021-02-24,quantile,0.2,4341.935599131143
06,2021-02-08,16 day ahead inc case,2021-02-24,quantile,0.25,5435.784801722245
06,2021-02-08,16 day ahead inc case,2021-02-24,quantile,0.3,6431.795852969238
06,2021-02-08,16 day ahead inc case,2021-02-24,quantile,0.35,7174.214475509433
06,2021-02-08,16 day ahead inc case,2021-02-24,quantile,0.4,8168.9745137451255
06,2021-02-08,16 day ahead inc case,2021-02-24,quantile,0.45,8730.115263040283
06,2021-02-08,16 day ahead inc case,2021-02-24,quantile,0.5,9647.009445845079
06,2021-02-08,16 day ahead inc case,2021-02-24,quantile,0.55,10841.609943728074
06,2021-02-08,16 day ahead inc case,2021-02-24,quantile,0.6,11906.009088449544
06,2021-02-08,16 day ahead inc case,2021-02-24,quantile,0.65,13256.691485214667
06,2021-02-08,16 day ahead inc case,2021-02-24,quantile,0.7,15365.370642126758
06,2021-02-08,16 day ahead inc case,2021-02-24,quantile,0.75,17212.50612905465
06,2021-02-08,16 day ahead inc case,2021-02-24,quantile,0.8,19852.664981444977
06,2021-02-08,16 day ahead inc case,2021-02-24,quantile,0.85,23165.81127056154
06,2021-02-08,16 day ahead inc case,2021-02-24,quantile,0.9,27549.384863872132
06,2021-02-08,16 day ahead inc case,2021-02-24,quantile,0.95,35335.1509034963
06,2021-02-08,16 day ahead inc case,2021-02-24,quantile,0.975,42208.652291650265
06,2021-02-08,16 day ahead inc case,2021-02-24,quantile,0.99,51767.3877904878
06,2021-02-08,17 day ahead inc case,2021-02-25,quantile,0.01,276.73820649704265
06,2021-02-08,17 day ahead inc case,2021-02-25,quantile,0.025,735.2920424197573
06,2021-02-08,17 day ahead inc case,2021-02-25,quantile,0.05,1420.376597246949
06,2021-02-08,17 day ahead inc case,2021-02-25,quantile,0.1,2393.601787316271
06,2021-02-08,17 day ahead inc case,2021-02-25,quantile,0.15,3498.635952167228
06,2021-02-08,17 day ahead inc case,2021-02-25,quantile,0.2,4295.637615607332
06,2021-02-08,17 day ahead inc case,2021-02-25,quantile,0.25,5227.500576122316
06,2021-02-08,17 day ahead inc case,2021-02-25,quantile,0.3,6173.100547331816
06,2021-02-08,17 day ahead inc case,2021-02-25,quantile,0.35,7043.952598282276
06,2021-02-08,17 day ahead inc case,2021-02-25,quantile,0.4,7966.828516931429
06,2021-02-08,17 day ahead inc case,2021-02-25,quantile,0.45,8589.11361716979
06,2021-02-08,17 day ahead inc case,2021-02-25,quantile,0.5,9609.670886120435
06,2021-02-08,17 day ahead inc case,2021-02-25,quantile,0.55,10817.920632540334
06,2021-02-08,17 day ahead inc case,2021-02-25,quantile,0.6,12052.027071157385
06,2021-02-08,17 day ahead inc case,2021-02-25,quantile,0.65,13599.357144812791
06,2021-02-08,17 day ahead inc case,2021-02-25,quantile,0.7,15340.768761320875
06,2021-02-08,17 day ahead inc case,2021-02-25,quantile,0.75,17058.43262572562
06,2021-02-08,17 day ahead inc case,2021-02-25,quantile,0.8,19937.77777791751
06,2021-02-08,17 day ahead inc case,2021-02-25,quantile,0.85,22389.54954766429
06,2021-02-08,17 day ahead inc case,2021-02-25,quantile,0.9,27950.90666819726
06,2021-02-08,17 day ahead inc case,2021-02-25,quantile,0.95,37047.43323989928
06,2021-02-08,17 day ahead inc case,2021-02-25,quantile,0.975,45763.32446361925
06,2021-02-08,17 day ahead inc case,2021-02-25,quantile,0.99,59942.08976451934
06,2021-02-08,18 day ahead inc case,2021-02-26,quantile,0.01,280.91028071079205
06,2021-02-08,18 day ahead inc case,2021-02-26,quantile,0.025,647.4939116647504
06,2021-02-08,18 day ahead inc case,2021-02-26,quantile,0.05,1209.9700802149257
06,2021-02-08,18 day ahead inc case,2021-02-26,quantile,0.1,2264.3962347609936
06,2021-02-08,18 day ahead inc case,2021-02-26,quantile,0.15,3349.194871618418
06,2021-02-08,18 day ahead inc case,2021-02-26,quantile,0.2,4258.760508677025
06,2021-02-08,18 day ahead inc case,2021-02-26,quantile,0.25,5073.7018409572365
06,2021-02-08,18 day ahead inc case,2021-02-26,quantile,0.3,6102.863184885887
06,2021-02-08,18 day ahead inc case,2021-02-26,quantile,0.35,6897.860739095033
06,2021-02-08,18 day ahead inc case,2021-02-26,quantile,0.4,7811.821991690964
06,2021-02-08,18 day ahead inc case,2021-02-26,quantile,0.45,8698.301589389059
06,2021-02-08,18 day ahead inc case,2021-02-26,quantile,0.5,9433.351286605222
06,2021-02-08,18 day ahead inc case,2021-02-26,quantile,0.55,10676.488858234388
06,2021-02-08,18 day ahead inc case,2021-02-26,quantile,0.6,11851.912594111393
06,2021-02-08,18 day ahead inc case,2021-02-26,quantile,0.65,13600.72507077531
06,2021-02-08,18 day ahead inc case,2021-02-26,quantile,0.7,15458.31540548192
06,2021-02-08,18 day ahead inc case,2021-02-26,quantile,0.75,17089.721808808903
06,2021-02-08,18 day ahead inc case,2021-02-26,quantile,0.8,19618.886841466992
06,2021-02-08,18 day ahead inc case,2021-02-26,quantile,0.85,22739.267421993143
06,2021-02-08,18 day ahead inc case,2021-02-26,quantile,0.9,28765.3219824675
06,2021-02-08,18 day ahead inc case,2021-02-26,quantile,0.95,35842.11172715344
06,2021-02-08,18 day ahead inc case,2021-02-26,quantile,0.975,45926.907366687
06,2021-02-08,18 day ahead inc case,2021-02-26,quantile,0.99,62162.69761123721
06,2021-02-08,19 day ahead inc case,2021-02-27,quantile,0.01,232.00894418330958
06,2021-02-08,19 day ahead inc case,2021-02-27,quantile,0.025,639.5286151896872
06,2021-02-08,19 day ahead inc case,2021-02-27,quantile,0.05,1219.8465048200353
06,2021-02-08,19 day ahead inc case,2021-02-27,quantile,0.1,2288.8332828792136
06,2021-02-08,19 day ahead inc case,2021-02-27,quantile,0.15,3206.234949821383
06,2021-02-08,19 day ahead inc case,2021-02-27,quantile,0.2,4163.968774358061
06,2021-02-08,19 day ahead inc case,2021-02-27,quantile,0.25,4897.087942308864
06,2021-02-08,19 day ahead inc case,2021-02-27,quantile,0.3,5748.511960448456
06,2021-02-08,19 day ahead inc case,2021-02-27,quantile,0.35,6451.597769833212
06,2021-02-08,19 day ahead inc case,2021-02-27,quantile,0.4,7399.4004950994395
06,2021-02-08,19 day ahead inc case,2021-02-27,quantile,0.45,8401.46406024484
06,2021-02-08,19 day ahead inc case,2021-02-27,quantile,0.5,9409.536909675371
06,2021-02-08,19 day ahead inc case,2021-02-27,quantile,0.55,10526.437818269458
06,2021-02-08,19 day ahead inc case,2021-02-27,quantile,0.6,12089.55725246582
06,2021-02-08,19 day ahead inc case,2021-02-27,quantile,0.65,13770.014127169434
06,2021-02-08,19 day ahead inc case,2021-02-27,quantile,0.7,15304.724807308075
06,2021-02-08,19 day ahead inc case,2021-02-27,quantile,0.75,17949.478605311746
06,2021-02-08,19 day ahead inc case,2021-02-27,quantile,0.8,21052.1141093924
06,2021-02-08,19 day ahead inc case,2021-02-27,quantile,0.85,23746.32528955989
06,2021-02-08,19 day ahead inc case,2021-02-27,quantile,0.9,28494.63011764025
06,2021-02-08,19 day ahead inc case,2021-02-27,quantile,0.95,38399.56623883767
06,2021-02-08,19 day ahead inc case,2021-02-27,quantile,0.975,48203.38431266465
06,2021-02-08,19 day ahead inc case,2021-02-27,quantile,0.99,64920.14696424139
06,2021-02-08,20 day ahead inc case,2021-02-28,quantile,0.01,355.2481553777714
06,2021-02-08,20 day ahead inc case,2021-02-28,quantile,0.025,693.1489152236343
06,2021-02-08,20 day ahead inc case,2021-02-28,quantile,0.05,1105.1711170455003
06,2021-02-08,20 day ahead inc case,2021-02-28,quantile,0.1,2082.5961190608423
06,2021-02-08,20 day ahead inc case,2021-02-28,quantile,0.15,3051.1983804639617
06,2021-02-08,20 day ahead inc case,2021-02-28,quantile,0.2,4072.9651377979567
06,2021-02-08,20 day ahead inc case,2021-02-28,quantile,0.25,4933.9710149994235
06,2021-02-08,20 day ahead inc case,2021-02-28,quantile,0.3,5519.312434434948
06,2021-02-08,20 day ahead inc case,2021-02-28,quantile,0.35,6583.666804279693
06,2021-02-08,20 day ahead inc case,2021-02-28,quantile,0.4,7406.858927599113
06,2021-02-08,20 day ahead inc case,2021-02-28,quantile,0.45,8399.665710389147
06,2021-02-08,20 day ahead inc case,2021-02-28,quantile,0.5,9682.425831871336
06,2021-02-08,20 day ahead inc case,2021-02-28,quantile,0.55,10902.377097592333
06,2021-02-08,20 day ahead inc case,2021-02-28,quantile,0.6,12046.043457775078
06,2021-02-08,20 day ahead inc case,2021-02-28,quantile,0.65,13792.624387453587
06,2021-02-08,20 day ahead inc case,2021-02-28,quantile,0.7,15753.651632753137
06,2021-02-08,20 day ahead inc case,2021-02-28,quantile,0.75,18505.6474659598
06,2021-02-08,20 day ahead inc case,2021-02-28,quantile,0.8,20992.83231478105
06,2021-02-08,20 day ahead inc case,2021-02-28,quantile,0.85,24651.09207292584
06,2021-02-08,20 day ahead inc case,2021-02-28,quantile,0.9,29735.57557489409
06,2021-02-08,20 day ahead inc case,2021-02-28,quantile,0.95,37658.50732838683
06,2021-02-08,20 day ahead inc case,2021-02-28,quantile,0.975,49896.44706490726
06,2021-02-08,20 day ahead inc case,2021-02-28,quantile,0.99,66755.25188281269
06,2021-02-08,21 day ahead inc case,2021-03-01,quantile,0.01,225.17471849051128
06,2021-02-08,21 day ahead inc case,2021-03-01,quantile,0.025,534.5243257819093
06,2021-02-08,21 day ahead inc case,2021-03-01,quantile,0.05,1078.7165620720757
06,2021-02-08,21 day ahead inc case,2021-03-01,quantile,0.1,2002.2497592698387
06,2021-02-08,21 day ahead inc case,2021-03-01,quantile,0.15,2794.423055339041
06,2021-02-08,21 day ahead inc case,2021-03-01,quantile,0.2,3587.934323934506
06,2021-02-08,21 day ahead inc case,2021-03-01,quantile,0.25,4735.102084936092
06,2021-02-08,21 day ahead inc case,2021-03-01,quantile,0.3,5620.300538180045
06,2021-02-08,21 day ahead inc case,2021-03-01,quantile,0.35,6473.131438048419
06,2021-02-08,21 day ahead inc case,2021-03-01,quantile,0.4,7259.128635730532
06,2021-02-08,21 day ahead inc case,2021-03-01,quantile,0.45,8427.293680589759
06,2021-02-08,21 day ahead inc case,2021-03-01,quantile,0.5,9896.436870079708
06,2021-02-08,21 day ahead inc case,2021-03-01,quantile,0.55,11091.47326440756
06,2021-02-08,21 day ahead inc case,2021-03-01,quantile,0.6,12481.220978782865
06,2021-02-08,21 day ahead inc case,2021-03-01,quantile,0.65,14122.217422469394
06,2021-02-08,21 day ahead inc case,2021-03-01,quantile,0.7,16003.211121082406
06,2021-02-08,21 day ahead inc case,2021-03-01,quantile,0.75,19392.331666661998
06,2021-02-08,21 day ahead inc case,2021-03-01,quantile,0.8,22043.032445320434
06,2021-02-08,21 day ahead inc case,2021-03-01,quantile,0.85,25944.615466422652
06,2021-02-08,21 day ahead inc case,2021-03-01,quantile,0.9,30957.402552807893
06,2021-02-08,21 day ahead inc case,2021-03-01,quantile,0.95,42294.18674360535
06,2021-02-08,21 day ahead inc case,2021-03-01,quantile,0.975,50734.64706253451
06,2021-02-08,21 day ahead inc case,2021-03-01,quantile,0.99,69782.04800113365
06,2021-02-08,22 day ahead inc case,2021-03-02,quantile,0.01,207.14843783878254
06,2021-02-08,22 day ahead inc case,2021-03-02,quantile,0.025,479.5553101268247
06,2021-02-08,22 day ahead inc case,2021-03-02,quantile,0.05,994.1993606583098
06,2021-02-08,22 day ahead inc case,2021-03-02,quantile,0.1,1860.5887378316022
06,2021-02-08,22 day ahead inc case,2021-03-02,quantile,0.15,2729.4341289182344
06,2021-02-08,22 day ahead inc case,2021-03-02,quantile,0.2,3663.0902547747523
06,2021-02-08,22 day ahead inc case,2021-03-02,quantile,0.25,4567.990725669168
06,2021-02-08,22 day ahead inc case,2021-03-02,quantile,0.3,5435.860753472412
06,2021-02-08,22 day ahead inc case,2021-03-02,quantile,0.35,6578.421406779909
06,2021-02-08,22 day ahead inc case,2021-03-02,quantile,0.4,7643.5530188129715
06,2021-02-08,22 day ahead inc case,2021-03-02,quantile,0.45,8503.74161945519
06,2021-02-08,22 day ahead inc case,2021-03-02,quantile,0.5,9650.312199619184
06,2021-02-08,22 day ahead inc case,2021-03-02,quantile,0.55,11131.246524723925
06,2021-02-08,22 day ahead inc case,2021-03-02,quantile,0.6,12691.643526588103
06,2021-02-08,22 day ahead inc case,2021-03-02,quantile,0.65,14299.984488581142
06,2021-02-08,22 day ahead inc case,2021-03-02,quantile,0.7,16221.7158741541
06,2021-02-08,22 day ahead inc case,2021-03-02,quantile,0.75,19880.655442043982
06,2021-02-08,22 day ahead inc case,2021-03-02,quantile,0.8,23245.49773278973
06,2021-02-08,22 day ahead inc case,2021-03-02,quantile,0.85,26962.128148060972
06,2021-02-08,22 day ahead inc case,2021-03-02,quantile,0.9,33180.11234219733
06,2021-02-08,22 day ahead inc case,2021-03-02,quantile,0.95,40979.18222141385
06,2021-02-08,22 day ahead inc case,2021-03-02,quantile,0.975,53056.47532344351
06,2021-02-08,22 day ahead inc case,2021-03-02,quantile,0.99,75463.03359381168
06,2021-02-08,23 day ahead inc case,2021-03-03,quantile,0.01,164.26683599839163
06,2021-02-08,23 day ahead inc case,2021-03-03,quantile,0.025,486.6096029648871
06,2021-02-08,23 day ahead inc case,2021-03-03,quantile,0.05,890.7322431167453
06,2021-02-08,23 day ahead inc case,2021-03-03,quantile,0.1,1856.8184701423068
06,2021-02-08,23 day ahead inc case,2021-03-03,quantile,0.15,2938.4112649188673
06,2021-02-08,23 day ahead inc case,2021-03-03,quantile,0.2,3842.8175385805
06,2021-02-08,23 day ahead inc case,2021-03-03,quantile,0.25,4718.506762563946
06,2021-02-08,23 day ahead inc case,2021-03-03,quantile,0.3,5662.530644329061
06,2021-02-08,23 day ahead inc case,2021-03-03,quantile,0.35,6589.129774199733
06,2021-02-08,23 day ahead inc case,2021-03-03,quantile,0.4,7397.831693924419
06,2021-02-08,23 day ahead inc case,2021-03-03,quantile,0.45,8585.358037098704
06,2021-02-08,23 day ahead inc case,2021-03-03,quantile,0.5,9641.979768716496
06,2021-02-08,23 day ahead inc case,2021-03-03,quantile,0.55,11099.009848905414
06,2021-02-08,23 day ahead inc case,2021-03-03,quantile,0.6,12992.799603554293
06,2021-02-08,23 day ahead inc case,2021-03-03,quantile,0.65,14795.858633825881
06,2021-02-08,23 day ahead inc case,2021-03-03,quantile,0.7,17017.765922499584
06,2021-02-08,23 day ahead inc case,2021-03-03,quantile,0.75,19702.17195845434
06,2021-02-08,23 day ahead inc case,2021-03-03,quantile,0.8,23536.60057604822
06,2021-02-08,23 day ahead inc case,2021-03-03,quantile,0.85,28273.071180569303
06,2021-02-08,23 day ahead inc case,2021-03-03,quantile,0.9,33686.446285617574
06,2021-02-08,23 day ahead inc case,2021-03-03,quantile,0.95,45600.30925138337
06,2021-02-08,23 day ahead inc case,2021-03-03,quantile,0.975,60726.49065439854
06,2021-02-08,23 day ahead inc case,2021-03-03,quantile,0.99,76553.7989862916
06,2021-02-08,24 day ahead inc case,2021-03-04,quantile,0.01,112.00666662949841
06,2021-02-08,24 day ahead inc case,2021-03-04,quantile,0.025,363.2843499176144
06,2021-02-08,24 day ahead inc case,2021-03-04,quantile,0.05,856.2728772792973
06,2021-02-08,24 day ahead inc case,2021-03-04,quantile,0.1,1768.2385144068837
06,2021-02-08,24 day ahead inc case,2021-03-04,quantile,0.15,2796.729321754898
06,2021-02-08,24 day ahead inc case,2021-03-04,quantile,0.2,3853.603229755279
06,2021-02-08,24 day ahead inc case,2021-03-04,quantile,0.25,4961.886168144017
06,2021-02-08,24 day ahead inc case,2021-03-04,quantile,0.3,5778.388310490595
06,2021-02-08,24 day ahead inc case,2021-03-04,quantile,0.35,6461.903946671127
06,2021-02-08,24 day ahead inc case,2021-03-04,quantile,0.4,7276.780020907079
06,2021-02-08,24 day ahead inc case,2021-03-04,quantile,0.45,8227.111072762173
06,2021-02-08,24 day ahead inc case,2021-03-04,quantile,0.5,9578.579699202479
06,2021-02-08,24 day ahead inc case,2021-03-04,quantile,0.55,11151.81123095557
06,2021-02-08,24 day ahead inc case,2021-03-04,quantile,0.6,12773.107615824156
06,2021-02-08,24 day ahead inc case,2021-03-04,quantile,0.65,14389.835376303516
06,2021-02-08,24 day ahead inc case,2021-03-04,quantile,0.7,16752.586490916165
06,2021-02-08,24 day ahead inc case,2021-03-04,quantile,0.75,19629.781366065636
06,2021-02-08,24 day ahead inc case,2021-03-04,quantile,0.8,22604.473847316214
06,2021-02-08,24 day ahead inc case,2021-03-04,quantile,0.85,27117.29033341176
06,2021-02-08,24 day ahead inc case,2021-03-04,quantile,0.9,34638.196732108525
06,2021-02-08,24 day ahead inc case,2021-03-04,quantile,0.95,46035.341227512254
06,2021-02-08,24 day ahead inc case,2021-03-04,quantile,0.975,60818.75314055918
06,2021-02-08,24 day ahead inc case,2021-03-04,quantile,0.99,83086.61898740292
06,2021-02-08,25 day ahead inc case,2021-03-05,quantile,0.01,83.2768902574018
06,2021-02-08,25 day ahead inc case,2021-03-05,quantile,0.025,285.78804424587463
06,2021-02-08,25 day ahead inc case,2021-03-05,quantile,0.05,775.497214092751
06,2021-02-08,25 day ahead inc case,2021-03-05,quantile,0.1,1809.603185446379
06,2021-02-08,25 day ahead inc case,2021-03-05,quantile,0.15,2753.9422890329806
06,2021-02-08,25 day ahead inc case,2021-03-05,quantile,0.2,3794.4921917375086
06,2021-02-08,25 day ahead inc case,2021-03-05,quantile,0.25,4650.138687171568
06,2021-02-08,25 day ahead inc case,2021-03-05,quantile,0.3,5508.512041229217
06,2021-02-08,25 day ahead inc case,2021-03-05,quantile,0.35,6439.876300936409
06,2021-02-08,25 day ahead inc case,2021-03-05,quantile,0.4,7381.949123043192
06,2021-02-08,25 day ahead inc case,2021-03-05,quantile,0.45,8432.946579979765
06,2021-02-08,25 day ahead inc case,2021-03-05,quantile,0.5,9626.48362429947
06,2021-02-08,25 day ahead inc case,2021-03-05,quantile,0.55,11374.35970832982
06,2021-02-08,25 day ahead inc case,2021-03-05,quantile,0.6,12918.190889679516
06,2021-02-08,25 day ahead inc case,2021-03-05,quantile,0.65,14953.245660901057
06,2021-02-08,25 day ahead inc case,2021-03-05,quantile,0.7,17182.034757549143
06,2021-02-08,25 day ahead inc case,2021-03-05,quantile,0.75,20074.328199191194
06,2021-02-08,25 day ahead inc case,2021-03-05,quantile,0.8,23749.48405126378
06,2021-02-08,25 day ahead inc case,2021-03-05,quantile,0.85,27079.861504999964
06,2021-02-08,25 day ahead inc case,2021-03-05,quantile,0.9,34700.65928256567
06,2021-02-08,25 day ahead inc case,2021-03-05,quantile,0.95,47768.145831272755
06,2021-02-08,25 day ahead inc case,2021-03-05,quantile,0.975,61409.10746345645
06,2021-02-08,25 day ahead inc case,2021-03-05,quantile,0.99,81090.70394254856
06,2021-02-08,26 day ahead inc case,2021-03-06,quantile,0.01,90.29882758263618
06,2021-02-08,26 day ahead inc case,2021-03-06,quantile,0.025,270.27964496647803
06,2021-02-08,26 day ahead inc case,2021-03-06,quantile,0.05,807.047167409076
06,2021-02-08,26 day ahead inc case,2021-03-06,quantile,0.1,1767.9256623132871
06,2021-02-08,26 day ahead inc case,2021-03-06,quantile,0.15,2624.1592137163507
06,2021-02-08,26 day ahead inc case,2021-03-06,quantile,0.2,3615.2473834341795
06,2021-02-08,26 day ahead inc case,2021-03-06,quantile,0.25,4516.078302569158
06,2021-02-08,26 day ahead inc case,2021-03-06,quantile,0.3,5323.850136771852
06,2021-02-08,26 day ahead inc case,2021-03-06,quantile,0.35,6411.1835245021975
06,2021-02-08,26 day ahead inc case,2021-03-06,quantile,0.4,7404.544996960827
06,2021-02-08,26 day ahead inc case,2021-03-06,quantile,0.45,8572.436232303906
06,2021-02-08,26 day ahead inc case,2021-03-06,quantile,0.5,9888.346550801663
06,2021-02-08,26 day ahead inc case,2021-03-06,quantile,0.55,11197.161713209987
06,2021-02-08,26 day ahead inc case,2021-03-06,quantile,0.6,12901.077796471693
06,2021-02-08,26 day ahead inc case,2021-03-06,quantile,0.65,15043.025502081668
06,2021-02-08,26 day ahead inc case,2021-03-06,quantile,0.7,17705.928092677772
06,2021-02-08,26 day ahead inc case,2021-03-06,quantile,0.75,21430.505937768725
06,2021-02-08,26 day ahead inc case,2021-03-06,quantile,0.8,23949.823568579064
06,2021-02-08,26 day ahead inc case,2021-03-06,quantile,0.85,28005.56735132576
06,2021-02-08,26 day ahead inc case,2021-03-06,quantile,0.9,34396.26068852191
06,2021-02-08,26 day ahead inc case,2021-03-06,quantile,0.95,47662.57290953524
06,2021-02-08,26 day ahead inc case,2021-03-06,quantile,0.975,64418.686466938925
06,2021-02-08,26 day ahead inc case,2021-03-06,quantile,0.99,78112.51505529319
06,2021-02-08,27 day ahead inc case,2021-03-07,quantile,0.01,49.49487913462684
06,2021-02-08,27 day ahead inc case,2021-03-07,quantile,0.025,227.76015254048613
06,2021-02-08,27 day ahead inc case,2021-03-07,quantile,0.05,692.7696189299187
06,2021-02-08,27 day ahead inc case,2021-03-07,quantile,0.1,1437.3343266985596
06,2021-02-08,27 day ahead inc case,2021-03-07,quantile,0.15,2401.475871530948
06,2021-02-08,27 day ahead inc case,2021-03-07,quantile,0.2,3444.1412839283057
06,2021-02-08,27 day ahead inc case,2021-03-07,quantile,0.25,4356.793666503246
06,2021-02-08,27 day ahead inc case,2021-03-07,quantile,0.3,5359.0382221268965
06,2021-02-08,27 day ahead inc case,2021-03-07,quantile,0.35,6478.540438531344
06,2021-02-08,27 day ahead inc case,2021-03-07,quantile,0.4,7716.798081276441
06,2021-02-08,27 day ahead inc case,2021-03-07,quantile,0.45,8927.198449400907
06,2021-02-08,27 day ahead inc case,2021-03-07,quantile,0.5,10363.300530396858
06,2021-02-08,27 day ahead inc case,2021-03-07,quantile,0.55,11830.79173014321
06,2021-02-08,27 day ahead inc case,2021-03-07,quantile,0.6,12916.79999697744
06,2021-02-08,27 day ahead inc case,2021-03-07,quantile,0.65,14841.729232449687
06,2021-02-08,27 day ahead inc case,2021-03-07,quantile,0.7,17267.547515019913
06,2021-02-08,27 day ahead inc case,2021-03-07,quantile,0.75,20496.86157756546
06,2021-02-08,27 day ahead inc case,2021-03-07,quantile,0.8,24500.48179901938
06,2021-02-08,27 day ahead inc case,2021-03-07,quantile,0.85,28830.01822516962
06,2021-02-08,27 day ahead inc case,2021-03-07,quantile,0.9,34806.9229702263
06,2021-02-08,27 day ahead inc case,2021-03-07,quantile,0.95,49451.93645976632
06,2021-02-08,27 day ahead inc case,2021-03-07,quantile,0.975,65046.218654098775
06,2021-02-08,27 day ahead inc case,2021-03-07,quantile,0.99,85066.42120753035
06,2021-02-08,28 day ahead inc case,2021-03-08,quantile,0.01,70.9769833198885
06,2021-02-08,28 day ahead inc case,2021-03-08,quantile,0.025,230.19004691844088
06,2021-02-08,28 day ahead inc case,2021-03-08,quantile,0.05,620.5432433197052
06,2021-02-08,28 day ahead inc case,2021-03-08,quantile,0.1,1286.404614033979
06,2021-02-08,28 day ahead inc case,2021-03-08,quantile,0.15,2453.760421635028
06,2021-02-08,28 day ahead inc case,2021-03-08,quantile,0.2,3325.1548480011625
06,2021-02-08,28 day ahead inc case,2021-03-08,quantile,0.25,4269.555569753302
06,2021-02-08,28 day ahead inc case,2021-03-08,quantile,0.3,5324.367755452289
06,2021-02-08,28 day ahead inc case,2021-03-08,quantile,0.35,6321.96182056725
06,2021-02-08,28 day ahead inc case,2021-03-08,quantile,0.4,7389.043234313726
06,2021-02-08,28 day ahead inc case,2021-03-08,quantile,0.45,8493.311242446483
06,2021-02-08,28 day ahead inc case,2021-03-08,quantile,0.5,9609.781982374587
06,2021-02-08,28 day ahead inc case,2021-03-08,quantile,0.55,11201.189845181148
06,2021-02-08,28 day ahead inc case,2021-03-08,quantile,0.6,12954.724226614588
06,2021-02-08,28 day ahead inc case,2021-03-08,quantile,0.65,14713.423078103235
06,2021-02-08,28 day ahead inc case,2021-03-08,quantile,0.7,16972.86124283608
06,2021-02-08,28 day ahead inc case,2021-03-08,quantile,0.75,20501.842328919098
06,2021-02-08,28 day ahead inc case,2021-03-08,quantile,0.8,24172.54910649497
06,2021-02-08,28 day ahead inc case,2021-03-08,quantile,0.85,28863.71743886834
06,2021-02-08,28 day ahead inc case,2021-03-08,quantile,0.9,36579.060679852795
06,2021-02-08,28 day ahead inc case,2021-03-08,quantile,0.95,52671.03173089094
06,2021-02-08,28 day ahead inc case,2021-03-08,quantile,0.975,69333.57067259651
06,2021-02-08,28 day ahead inc case,2021-03-08,quantile,0.99,90689.84656351368
