version https://git-lfs.github.com/spec/v1
oid sha256:c56a728406b64df197ddca3eb249b4fa4afbe6b30387563ac21e7fe8407bcf68
size 15340
