test_date,total_positive,new_positive,confirmed_case_7d_avg,issue_date
2020-01-29,1,1,NA,2021-02-24
2020-01-30,1,0,NA,2021-02-24
2020-01-31,1,0,NA,2021-02-24
2020-02-01,1,0,NA,2021-02-24
2020-02-02,1,0,NA,2021-02-24
2020-02-03,1,0,NA,2021-02-24
2020-02-04,1,0,0.142857143,2021-02-24
2020-02-05,1,0,0,2021-02-24
2020-02-06,2,1,0.142857143,2021-02-24
2020-02-07,2,0,0.142857143,2021-02-24
2020-02-08,2,0,0.142857143,2021-02-24
2020-02-09,2,0,0.142857143,2021-02-24
2020-02-10,2,0,0.142857143,2021-02-24
2020-02-11,2,0,0.142857143,2021-02-24
2020-02-12,2,0,0.142857143,2021-02-24
2020-02-13,2,0,0,2021-02-24
2020-02-14,2,0,0,2021-02-24
2020-02-15,2,0,0,2021-02-24
2020-02-16,2,0,0,2021-02-24
2020-02-17,2,0,0,2021-02-24
2020-02-18,2,0,0,2021-02-24
2020-02-19,2,0,0,2021-02-24
2020-02-20,2,0,0,2021-02-24
2020-02-21,2,0,0,2021-02-24
2020-02-22,2,0,0,2021-02-24
2020-02-23,2,0,0,2021-02-24
2020-02-24,2,0,0,2021-02-24
2020-02-25,2,0,0,2021-02-24
2020-02-26,2,0,0,2021-02-24
2020-02-27,2,0,0,2021-02-24
2020-02-28,2,0,0,2021-02-24
2020-02-29,2,0,0,2021-02-24
2020-03-01,3,1,0.142857143,2021-02-24
2020-03-02,3,0,0.142857143,2021-02-24
2020-03-03,4,1,0.285714286,2021-02-24
2020-03-04,6,2,0.571428571,2021-02-24
2020-03-05,14,8,1.714285714,2021-02-24
2020-03-06,28,14,3.714285714,2021-02-24
2020-03-07,72,44,10,2021-02-24
2020-03-08,91,19,12.57142857,2021-02-24
2020-03-09,96,5,13.28571429,2021-02-24
2020-03-10,110,14,15.14285714,2021-02-24
2020-03-11,132,22,18,2021-02-24
2020-03-12,161,29,21,2021-02-24
2020-03-13,222,61,27.71428571,2021-02-24
2020-03-14,295,73,31.85714286,2021-02-24
2020-03-15,363,68,38.85714286,2021-02-24
2020-03-16,513,150,59.57142857,2021-02-24
2020-03-17,762,249,93.14285714,2021-02-24
2020-03-18,1021,259,127,2021-02-24
2020-03-19,1299,278,162.5714286,2021-02-24
2020-03-20,1687,388,209.2857143,2021-02-24
2020-03-21,2009,322,244.8571429,2021-02-24
2020-03-22,2295,286,276,2021-02-24
2020-03-23,2904,609,341.5714286,2021-02-24
2020-03-24,3622,718,408.5714286,2021-02-24
2020-03-25,4369,747,478.1428571,2021-02-24
2020-03-26,5304,935,572,2021-02-24
2020-03-27,6247,943,651.2857143,2021-02-24
2020-03-28,6901,654,698.7142857,2021-02-24
2020-03-29,7424,523,732.5714286,2021-02-24
2020-03-30,8662,1238,822.4285714,2021-02-24
2020-03-31,9928,1266,900.7142857,2021-02-24
2020-04-01,11266,1338,985.2857143,2021-02-24
2020-04-02,12541,1275,1033.857143,2021-02-24
2020-04-03,14020,1479,1110.571429,2021-02-24
2020-04-04,15182,1162,1183.142857,2021-02-24
2020-04-05,16159,977,1248,2021-02-24
2020-04-06,18091,1932,1347.142857,2021-02-24
2020-04-07,20112,2021,1455,2021-02-24
2020-04-08,21976,1864,1530.142857,2021-02-24
2020-04-09,23954,1978,1630.571429,2021-02-24
2020-04-10,26009,2055,1712.714286,2021-02-24
2020-04-11,27338,1329,1736.571429,2021-02-24
2020-04-12,28269,931,1729.857143,2021-02-24
2020-04-13,30255,1986,1737.571429,2021-02-24
2020-04-14,33182,2927,1867,2021-02-24
2020-04-15,35722,2540,1963.571429,2021-02-24
2020-04-16,38109,2387,2021.857143,2021-02-24
2020-04-17,41098,2989,2155.285714,2021-02-24
2020-04-18,42578,1480,2176.857143,2021-02-24
2020-04-19,43667,1089,2199.571429,2021-02-24
2020-04-20,46352,2685,2299.428571,2021-02-24
2020-04-21,48537,2185,2193.571429,2021-02-24
2020-04-22,51240,2703,2216.857143,2021-02-24
2020-04-23,53645,2405,2219.571429,2021-02-24
2020-04-24,55918,2273,2117.428571,2021-02-24
2020-04-25,57410,1492,2119.142857,2021-02-24
2020-04-26,58254,844,2084.142857,2021-02-24
2020-04-27,60382,2128,2004.571429,2021-02-24
2020-04-28,62485,2103,1992.714286,2021-02-24
2020-04-29,64670,2185,1918.714286,2021-02-24
2020-04-30,66717,2047,1867.571429,2021-02-24
2020-05-01,68798,2081,1840,2021-02-24
2020-05-02,69827,1029,1773.857143,2021-02-24
2020-05-03,70560,733,1758,2021-02-24
2020-05-04,72438,1878,1722.285714,2021-02-24
2020-05-05,74170,1732,1669.428571,2021-02-24
2020-05-06,75867,1697,1599.857143,2021-02-24
2020-05-07,77543,1676,1547,2021-02-24
2020-05-08,78995,1452,1457.285714,2021-02-24
2020-05-09,79677,682,1407.714286,2021-02-24
2020-05-10,80062,385,1358,2021-02-24
2020-05-11,81365,1303,1276.142857,2021-02-24
2020-05-12,82815,1450,1235.714286,2021-02-24
2020-05-13,84126,1311,1180.428571,2021-02-24
2020-05-14,85440,1314,1128.714286,2021-02-24
2020-05-15,86543,1103,1079,2021-02-24
2020-05-16,87188,645,1073.714286,2021-02-24
2020-05-17,87551,363,1070.571429,2021-02-24
2020-05-18,88861,1310,1071.428571,2021-02-24
2020-05-19,89933,1072,1017.571429,2021-02-24
2020-05-20,90944,1011,974.7142857,2021-02-24
2020-05-21,91907,963,924.4285714,2021-02-24
2020-05-22,92769,862,889.7142857,2021-02-24
2020-05-23,93155,386,852.8571429,2021-02-24
2020-05-24,93456,301,844,2021-02-24
2020-05-25,93654,198,685,2021-02-24
2020-05-26,94518,864,655.1428571,2021-02-24
2020-05-27,95204,686,608.8571429,2021-02-24
2020-05-28,95843,639,562.5714286,2021-02-24
2020-05-29,96373,530,515.1428571,2021-02-24
2020-05-30,96643,270,498.5714286,2021-02-24
2020-05-31,96804,161,478.5714286,2021-02-24
2020-06-01,97312,508,522.8571429,2021-02-24
2020-06-02,97759,447,463.2857143,2021-02-24
2020-06-03,98218,459,430.7142857,2021-02-24
2020-06-04,98596,378,393.4285714,2021-02-24
2020-06-05,98933,337,365.8571429,2021-02-24
2020-06-06,99081,148,348.2857143,2021-02-24
2020-06-07,99232,151,346.8571429,2021-02-24
2020-06-08,99582,350,324.5714286,2021-02-24
2020-06-09,99924,342,309.7142857,2021-02-24
2020-06-10,100183,259,281.1428571,2021-02-24
2020-06-11,100409,226,259.4285714,2021-02-24
2020-06-12,100663,254,247.5714286,2021-02-24
2020-06-13,100759,96,240.2857143,2021-02-24
2020-06-14,100835,76,229.5714286,2021-02-24
2020-06-15,101070,235,212.8571429,2021-02-24
2020-06-16,101268,198,192.1428571,2021-02-24
2020-06-17,101516,248,190.5714286,2021-02-24
2020-06-18,101756,240,192.5714286,2021-02-24
2020-06-19,101931,175,181.2857143,2021-02-24
2020-06-20,102024,93,180.7142857,2021-02-24
2020-06-21,102103,79,181.1428571,2021-02-24
2020-06-22,102327,224,179.5714286,2021-02-24
2020-06-23,102516,189,178.2857143,2021-02-24
2020-06-24,102726,210,172.8571429,2021-02-24
2020-06-25,102932,206,168,2021-02-24
2020-06-26,103130,198,171.2857143,2021-02-24
2020-06-27,103264,134,177.1428571,2021-02-24
2020-06-28,103335,71,176,2021-02-24
2020-06-29,103540,205,173.2857143,2021-02-24
2020-06-30,103760,220,177.7142857,2021-02-24
2020-07-01,103976,216,178.5714286,2021-02-24
2020-07-02,104202,226,181.4285714,2021-02-24
2020-07-03,104301,99,167.2857143,2021-02-24
2020-07-04,104361,60,156.7142857,2021-02-24
2020-07-05,104462,101,161,2021-02-24
2020-07-06,104699,237,165.5714286,2021-02-24
2020-07-07,104940,241,168.5714286,2021-02-24
2020-07-08,105156,216,168.5714286,2021-02-24
2020-07-09,105410,254,172.5714286,2021-02-24
2020-07-10,105638,228,191,2021-02-24
2020-07-11,105755,117,199.1428571,2021-02-24
2020-07-12,105842,87,197.1428571,2021-02-24
2020-07-13,106108,266,201.2857143,2021-02-24
2020-07-14,106340,232,200,2021-02-24
2020-07-15,106638,298,211.7142857,2021-02-24
2020-07-16,106883,245,210.2857143,2021-02-24
2020-07-17,107110,227,210.1428571,2021-02-24
2020-07-18,107238,128,211.7142857,2021-02-24
2020-07-19,107312,74,209.8571429,2021-02-24
2020-07-20,107591,279,211.7142857,2021-02-24
2020-07-21,107846,255,215,2021-02-24
2020-07-22,108104,258,209.2857143,2021-02-24
2020-07-23,108362,258,211.2857143,2021-02-24
2020-07-24,108619,257,215.5714286,2021-02-24
2020-07-25,108778,159,220,2021-02-24
2020-07-26,108878,100,223.8571429,2021-02-24
2020-07-27,109239,361,235.5714286,2021-02-24
2020-07-28,109559,320,244.8571429,2021-02-24
2020-07-29,109878,319,253.5714286,2021-02-24
2020-07-30,110214,336,264.7142857,2021-02-24
2020-07-31,110533,319,273.5714286,2021-02-24
2020-08-01,110680,147,271.8571429,2021-02-24
2020-08-02,110789,109,273,2021-02-24
2020-08-03,111147,358,272.5714286,2021-02-24
2020-08-04,111455,308,270.8571429,2021-02-24
2020-08-05,111788,333,272.8571429,2021-02-24
2020-08-06,112142,354,275.4285714,2021-02-24
2020-08-07,112441,299,272.5714286,2021-02-24
2020-08-08,112610,169,275.7142857,2021-02-24
2020-08-09,112695,85,272.2857143,2021-02-24
2020-08-10,113068,373,274.5714286,2021-02-24
2020-08-11,113352,284,271.1428571,2021-02-24
2020-08-12,113656,304,267,2021-02-24
2020-08-13,114005,349,266.2857143,2021-02-24
2020-08-14,114348,343,272.4285714,2021-02-24
2020-08-15,114499,151,269.8571429,2021-02-24
2020-08-16,114619,120,274.8571429,2021-02-24
2020-08-17,114988,369,274.1428571,2021-02-24
2020-08-18,115369,381,288,2021-02-24
2020-08-19,115705,336,292.7142857,2021-02-24
2020-08-20,116062,357,293.7142857,2021-02-24
2020-08-21,116345,283,285.2857143,2021-02-24
2020-08-22,116493,148,284.8571429,2021-02-24
2020-08-23,116585,92,280.8571429,2021-02-24
2020-08-24,116980,395,284.7142857,2021-02-24
2020-08-25,117359,379,284.4285714,2021-02-24
2020-08-26,117739,380,290.4285714,2021-02-24
2020-08-27,118083,344,288.7142857,2021-02-24
2020-08-28,118446,363,300.1428571,2021-02-24
2020-08-29,118618,172,303.5714286,2021-02-24
2020-08-30,118757,139,310.2857143,2021-02-24
2020-08-31,119196,439,316.2857143,2021-02-24
2020-09-01,119592,396,318.5714286,2021-02-24
2020-09-02,119976,384,319.2857143,2021-02-24
2020-09-03,120440,464,336.4285714,2021-02-24
2020-09-04,120786,346,334.2857143,2021-02-24
2020-09-05,120984,198,338,2021-02-24
2020-09-06,121097,113,334.1428571,2021-02-24
2020-09-07,121258,161,294.5714286,2021-02-24
2020-09-08,121804,546,316.2857143,2021-02-24
2020-09-09,122279,475,329.1428571,2021-02-24
2020-09-10,122691,412,321.2857143,2021-02-24
2020-09-11,123100,409,330,2021-02-24
2020-09-12,123289,189,328.7142857,2021-02-24
2020-09-13,123450,161,335.7142857,2021-02-24
2020-09-14,123953,503,384.5714286,2021-02-24
2020-09-15,124377,424,367,2021-02-24
2020-09-16,124790,413,358.2857143,2021-02-24
2020-09-17,125144,354,350.5714286,2021-02-24
2020-09-18,125580,436,354.4285714,2021-02-24
2020-09-19,125782,202,356.2857143,2021-02-24
2020-09-20,125923,141,353.4285714,2021-02-24
2020-09-21,126350,427,342.5714286,2021-02-24
2020-09-22,126858,508,354.5714286,2021-02-24
2020-09-23,127418,560,375.5714286,2021-02-24
2020-09-24,128015,597,410.1428571,2021-02-24
2020-09-25,128568,553,426.8571429,2021-02-24
2020-09-26,128931,363,450,2021-02-24
2020-09-27,129156,225,461.8571429,2021-02-24
2020-09-28,130023,867,524.7142857,2021-02-24
2020-09-29,130743,720,555,2021-02-24
2020-09-30,131356,613,562.5714286,2021-02-24
2020-10-01,132040,684,574.8571429,2021-02-24
2020-10-02,132605,565,576.5714286,2021-02-24
2020-10-03,133013,408,582.8571429,2021-02-24
2020-10-04,133305,292,592.5714286,2021-02-24
2020-10-05,134055,750,575.8571429,2021-02-24
2020-10-06,134791,736,577.8571429,2021-02-24
2020-10-07,135513,722,593.2857143,2021-02-24
2020-10-08,136348,835,614.8571429,2021-02-24
2020-10-09,137036,688,632.5714286,2021-02-24
2020-10-10,137448,412,633.2857143,2021-02-24
2020-10-11,137712,264,629.2857143,2021-02-24
2020-10-12,138307,595,606.8571429,2021-02-24
2020-10-13,139092,785,614.2857143,2021-02-24
2020-10-14,139989,897,639.7142857,2021-02-24
2020-10-15,140939,950,656.2857143,2021-02-24
2020-10-16,141805,866,681.5714286,2021-02-24
2020-10-17,142348,543,700.2857143,2021-02-24
2020-10-18,142679,331,709.8571429,2021-02-24
2020-10-19,143757,1078,779.2857143,2021-02-24
2020-10-20,144876,1119,826.8571429,2021-02-24
2020-10-21,146077,1201,869.8571429,2021-02-24
2020-10-22,147453,1376,930.7142857,2021-02-24
2020-10-23,148676,1223,981.8571429,2021-02-24
2020-10-24,149465,789,1016.857143,2021-02-24
2020-10-25,149948,483,1038.714286,2021-02-24
2020-10-26,151470,1522,1102.428571,2021-02-24
2020-10-27,152814,1344,1134.714286,2021-02-24
2020-10-28,154252,1438,1169,2021-02-24
2020-10-29,155637,1385,1170.285714,2021-02-24
2020-10-30,156760,1123,1156.142857,2021-02-24
2020-10-31,157630,870,1167.857143,2021-02-24
2020-11-01,158152,522,1173.285714,2021-02-24
2020-11-02,159988,1836,1218,2021-02-24
2020-11-03,161893,1905,1298,2021-02-24
2020-11-04,164066,2173,1402.857143,2021-02-24
2020-11-05,166482,2416,1550.142857,2021-02-24
2020-11-06,168721,2239,1709,2021-02-24
2020-11-07,170049,1328,1774,2021-02-24
2020-11-08,170992,943,1834.142857,2021-02-24
2020-11-09,174165,3173,2025.428571,2021-02-24
2020-11-10,176987,2822,2156.285714,2021-02-24
2020-11-11,179649,2662,2225.714286,2021-02-24
2020-11-12,182631,2982,2307,2021-02-24
2020-11-13,185237,2606,2359.714286,2021-02-24
2020-11-14,186948,1711,2414.571429,2021-02-24
2020-11-15,188139,1191,2450.142857,2021-02-24
2020-11-16,191665,3526,2499.857143,2021-02-24
2020-11-17,194800,3135,2544.714286,2021-02-24
2020-11-18,197721,2921,2582.428571,2021-02-24
2020-11-19,200719,2998,2584.571429,2021-02-24
2020-11-20,203567,2848,2619.142857,2021-02-24
2020-11-21,205331,1764,2627.428571,2021-02-24
2020-11-22,206525,1194,2627.285714,2021-02-24
2020-11-23,210114,3589,2636.714286,2021-02-24
2020-11-24,213905,3791,2729.714286,2021-02-24
2020-11-25,216848,2943,2732,2021-02-24
2020-11-26,217293,445,2367,2021-02-24
2020-11-27,220673,3380,2443.285714,2021-02-24
2020-11-28,223582,2909,2605.714286,2021-02-24
2020-11-29,225344,1762,2686.714286,2021-02-24
2020-11-30,230849,5505,2959.571429,2021-02-24
2020-12-01,236712,5863,3255.285714,2021-02-24
2020-12-02,242803,6091,3703,2021-02-24
2020-12-03,248616,5813,4462.142857,2021-02-24
2020-12-04,253921,5305,4732.857143,2021-02-24
2020-12-05,256108,2187,4629.142857,2021-02-24
2020-12-06,258207,2099,4678.142857,2021-02-24
2020-12-07,264420,6213,4778.428571,2021-02-24
2020-12-08,269823,5403,4712.142857,2021-02-24
2020-12-09,275244,5421,4615.428571,2021-02-24
2020-12-10,280707,5463,4571.857143,2021-02-24
2020-12-11,285648,4941,4523,2021-02-24
2020-12-12,288512,2864,4621.571429,2021-02-24
2020-12-13,290714,2202,4635.142857,2021-02-24
2020-12-14,296986,6272,4642.142857,2021-02-24
2020-12-15,302983,5997,4727.714286,2021-02-24
2020-12-16,308631,5648,4760.428571,2021-02-24
2020-12-17,310206,1575,4204.142857,2021-02-24
2020-12-18,315890,5684,4304.428571,2021-02-24
2020-12-19,319541,3651,4410.857143,2021-02-24
2020-12-20,321875,2334,4423.142857,2021-02-24
2020-12-21,328354,6479,4441.142857,2021-02-24
2020-12-22,334296,5942,4404.285714,2021-02-24
2020-12-23,338768,4472,4166.714286,2021-02-24
2020-12-24,341417,2649,4235.428571,2021-02-24
2020-12-25,341895,478,3485.142857,2021-02-24
2020-12-26,346085,4190,3335.857143,2021-02-24
2020-12-27,348752,2667,3034.857143,2021-02-24
2020-12-28,357144,8392,2635,2021-02-24
2020-12-29,364326,7182,4290,2021-02-24
2020-12-30,370042,5716,4467.714285714285,2021-02-24
2020-12-31,374211,4169,4684.857142857143,2021-02-24
2021-01-01,375567,1356,4810.285714285715,2021-02-24
2021-01-02,380251,4684,4880.857142857143,2021-02-24
2021-01-03,383238,2987,4926.571428571428,2021-02-24
2021-01-04,392286,9048,5020.285714285715,2021-02-24
2021-01-05,400000,7714,5096.285714285715,2021-02-24
2021-01-06,407057,7057,5287.857142857143,2021-02-24
2021-01-07,413516,6459,5615,2021-02-24
2021-01-08,419257,5741,6241.428571428572,2021-02-24
2021-01-09,422853,3596,6086,2021-02-24
2021-01-10,425231,2378,5999,2021-02-24
2021-01-11,431707,6476,5631.571428571428,2021-02-24
2021-01-12,437250,5543,5321.428571428572,2021-02-24
2021-01-13,442148,4898,5013,2021-02-24
2021-01-14,447150,5002,4804.857142857143,2021-02-24
2021-01-15,451552,4402,4613.571428571428,2021-02-24
2021-01-16,454221,2669,4481.142857142857,2021-02-24
2021-01-17,456213,1992,4426,2021-02-24
2021-01-18,460537,4324,4118.571428571428,2021-02-24
2021-01-19,465924,5387,4096.285714285715,2021-02-24
2021-01-20,470363,4439,4030.714285714286,2021-02-24
2021-01-21,474703,4340,3936.1428571428573,2021-02-24
2021-01-22,478652,3949,3871.4285714285716,2021-02-24
2021-01-23,481093,2441,3838.8571428571427,2021-02-24
2021-01-24,482692,1599,3782.714285714286,2021-02-24
2021-01-25,487200,4508,3809,2021-02-24
2021-01-26,491099,3899,3596.4285714285716,2021-02-24
2021-01-27,494285,3186,3417.4285714285716,2021-02-24
2021-01-28,497489,3204,3255.1428571428573,2021-02-24
2021-01-29,500203,2714,3078.714285714286,2021-02-24
2021-01-30,501948,1745,2979.285714285714,2021-02-24
2021-01-31,503315,1367,2946.1428571428573,2021-02-24
2021-02-01,506083,2768,2697.5714285714284,2021-02-24
2021-02-02,508490,2407,2484.4285714285716,2021-02-24
2021-02-03,511829,3339,2506.285714285714,2021-02-24
2021-02-04,514788,2959,2471.285714285714,2021-02-24
2021-02-05,517290,2502,2441,2021-02-24
2021-02-06,518776,1486,2404,2021-02-24
2021-02-07,519593,817,2325.4285714285716,2021-02-24
2021-02-08,522234,2641,2307.285714285714,2021-02-24
2021-02-09,524168,1934,2239.714285714286,2021-02-24
2021-02-10,526424,2256,2085,2021-02-24
2021-02-11,528514,2090,1960.857142857143,2021-02-24
2021-02-12,530203,1689,1844.7142857142858,2021-02-24
2021-02-13,531307,1104,1790.142857142857,2021-02-24
2021-02-14,532103,796,1787.142857142857,2021-02-24
2021-02-15,533713,1610,1639.857142857143,2021-02-24
2021-02-16,535600,1887,1633.142857142857,2021-02-24
2021-02-17,537440,1840,1573.7142857142858,2021-02-24
2021-02-18,539105,1665,1513,2021-02-24
2021-02-19,540511,1406,1472.5714285714287,2021-02-24
2021-02-20,541508,997,1457.2857142857142,2021-02-24
2021-02-21,542303,795,1457.142857142857,2021-02-24
2021-02-22,543612,1309,1414.142857142857,2021-02-24
2021-02-23,543696,84,1156.5714285714287,2021-02-24
