test_date,total_positive,new_positive,confirmed_case_7d_avg,issue_date
2020-01-29,1,1,NA,2021-02-04
2020-01-30,1,0,NA,2021-02-04
2020-01-31,1,0,NA,2021-02-04
2020-02-01,1,0,NA,2021-02-04
2020-02-02,1,0,NA,2021-02-04
2020-02-03,1,0,NA,2021-02-04
2020-02-04,1,0,0.142857143,2021-02-04
2020-02-05,1,0,0,2021-02-04
2020-02-06,2,1,0.142857143,2021-02-04
2020-02-07,2,0,0.142857143,2021-02-04
2020-02-08,2,0,0.142857143,2021-02-04
2020-02-09,2,0,0.142857143,2021-02-04
2020-02-10,2,0,0.142857143,2021-02-04
2020-02-11,2,0,0.142857143,2021-02-04
2020-02-12,2,0,0.142857143,2021-02-04
2020-02-13,2,0,0,2021-02-04
2020-02-14,2,0,0,2021-02-04
2020-02-15,2,0,0,2021-02-04
2020-02-16,2,0,0,2021-02-04
2020-02-17,2,0,0,2021-02-04
2020-02-18,2,0,0,2021-02-04
2020-02-19,2,0,0,2021-02-04
2020-02-20,2,0,0,2021-02-04
2020-02-21,2,0,0,2021-02-04
2020-02-22,2,0,0,2021-02-04
2020-02-23,2,0,0,2021-02-04
2020-02-24,2,0,0,2021-02-04
2020-02-25,2,0,0,2021-02-04
2020-02-26,2,0,0,2021-02-04
2020-02-27,2,0,0,2021-02-04
2020-02-28,2,0,0,2021-02-04
2020-02-29,2,0,0,2021-02-04
2020-03-01,3,1,0.142857143,2021-02-04
2020-03-02,3,0,0.142857143,2021-02-04
2020-03-03,4,1,0.285714286,2021-02-04
2020-03-04,6,2,0.571428571,2021-02-04
2020-03-05,14,8,1.714285714,2021-02-04
2020-03-06,28,14,3.714285714,2021-02-04
2020-03-07,72,44,10,2021-02-04
2020-03-08,91,19,12.57142857,2021-02-04
2020-03-09,96,5,13.28571429,2021-02-04
2020-03-10,110,14,15.14285714,2021-02-04
2020-03-11,132,22,18,2021-02-04
2020-03-12,161,29,21,2021-02-04
2020-03-13,222,61,27.71428571,2021-02-04
2020-03-14,295,73,31.85714286,2021-02-04
2020-03-15,363,68,38.85714286,2021-02-04
2020-03-16,513,150,59.57142857,2021-02-04
2020-03-17,762,249,93.14285714,2021-02-04
2020-03-18,1021,259,127,2021-02-04
2020-03-19,1299,278,162.5714286,2021-02-04
2020-03-20,1687,388,209.2857143,2021-02-04
2020-03-21,2009,322,244.8571429,2021-02-04
2020-03-22,2295,286,276,2021-02-04
2020-03-23,2904,609,341.5714286,2021-02-04
2020-03-24,3622,718,408.5714286,2021-02-04
2020-03-25,4368,746,478.1428571,2021-02-04
2020-03-26,5303,935,572,2021-02-04
2020-03-27,6246,943,651.2857143,2021-02-04
2020-03-28,6900,654,698.7142857,2021-02-04
2020-03-29,7423,523,732.5714286,2021-02-04
2020-03-30,8661,1238,822.4285714,2021-02-04
2020-03-31,9927,1266,900.7142857,2021-02-04
2020-04-01,11265,1338,985.2857143,2021-02-04
2020-04-02,12540,1275,1033.857143,2021-02-04
2020-04-03,14020,1480,1110.571429,2021-02-04
2020-04-04,15182,1162,1183.142857,2021-02-04
2020-04-05,16159,977,1248,2021-02-04
2020-04-06,18091,1932,1347.142857,2021-02-04
2020-04-07,20112,2021,1455,2021-02-04
2020-04-08,21976,1864,1530.142857,2021-02-04
2020-04-09,23954,1978,1630.571429,2021-02-04
2020-04-10,26009,2055,1712.714286,2021-02-04
2020-04-11,27338,1329,1736.571429,2021-02-04
2020-04-12,28269,931,1729.857143,2021-02-04
2020-04-13,30255,1986,1737.571429,2021-02-04
2020-04-14,33182,2927,1867,2021-02-04
2020-04-15,35722,2540,1963.571429,2021-02-04
2020-04-16,38108,2386,2021.857143,2021-02-04
2020-04-17,41097,2989,2155.285714,2021-02-04
2020-04-18,42577,1480,2176.857143,2021-02-04
2020-04-19,43666,1089,2199.571429,2021-02-04
2020-04-20,46351,2685,2299.428571,2021-02-04
2020-04-21,48537,2186,2193.571429,2021-02-04
2020-04-22,51240,2703,2216.857143,2021-02-04
2020-04-23,53645,2405,2219.571429,2021-02-04
2020-04-24,55918,2273,2117.428571,2021-02-04
2020-04-25,57410,1492,2119.142857,2021-02-04
2020-04-26,58254,844,2084.142857,2021-02-04
2020-04-27,60382,2128,2004.571429,2021-02-04
2020-04-28,62485,2103,1992.714286,2021-02-04
2020-04-29,64670,2185,1918.714286,2021-02-04
2020-04-30,66717,2047,1867.571429,2021-02-04
2020-05-01,68798,2081,1840,2021-02-04
2020-05-02,69827,1029,1773.857143,2021-02-04
2020-05-03,70560,733,1758,2021-02-04
2020-05-04,72438,1878,1722.285714,2021-02-04
2020-05-05,74170,1732,1669.428571,2021-02-04
2020-05-06,75868,1698,1599.857143,2021-02-04
2020-05-07,77545,1677,1547,2021-02-04
2020-05-08,78998,1453,1457.285714,2021-02-04
2020-05-09,79680,682,1407.714286,2021-02-04
2020-05-10,80065,385,1358,2021-02-04
2020-05-11,81370,1305,1276.142857,2021-02-04
2020-05-12,82820,1450,1235.714286,2021-02-04
2020-05-13,84131,1311,1180.428571,2021-02-04
2020-05-14,85446,1315,1128.714286,2021-02-04
2020-05-15,86550,1104,1079,2021-02-04
2020-05-16,87195,645,1073.714286,2021-02-04
2020-05-17,87558,363,1070.571429,2021-02-04
2020-05-18,88869,1311,1071.428571,2021-02-04
2020-05-19,89942,1073,1017.571429,2021-02-04
2020-05-20,90953,1011,974.7142857,2021-02-04
2020-05-21,91916,963,924.4285714,2021-02-04
2020-05-22,92778,862,889.7142857,2021-02-04
2020-05-23,93165,387,852.8571429,2021-02-04
2020-05-24,93466,301,844,2021-02-04
2020-05-25,93664,198,685,2021-02-04
2020-05-26,94528,864,655.1428571,2021-02-04
2020-05-27,95215,687,608.8571429,2021-02-04
2020-05-28,95854,639,562.5714286,2021-02-04
2020-05-29,96384,530,515.1428571,2021-02-04
2020-05-30,96655,271,498.5714286,2021-02-04
2020-05-31,96816,161,478.5714286,2021-02-04
2020-06-01,97324,508,522.8571429,2021-02-04
2020-06-02,97771,447,463.2857143,2021-02-04
2020-06-03,98230,459,430.7142857,2021-02-04
2020-06-04,98608,378,393.4285714,2021-02-04
2020-06-05,98945,337,365.8571429,2021-02-04
2020-06-06,99093,148,348.2857143,2021-02-04
2020-06-07,99244,151,346.8571429,2021-02-04
2020-06-08,99595,351,324.5714286,2021-02-04
2020-06-09,99937,342,309.7142857,2021-02-04
2020-06-10,100196,259,281.1428571,2021-02-04
2020-06-11,100422,226,259.4285714,2021-02-04
2020-06-12,100676,254,247.5714286,2021-02-04
2020-06-13,100772,96,240.2857143,2021-02-04
2020-06-14,100848,76,229.5714286,2021-02-04
2020-06-15,101083,235,212.8571429,2021-02-04
2020-06-16,101281,198,192.1428571,2021-02-04
2020-06-17,101529,248,190.5714286,2021-02-04
2020-06-18,101769,240,192.5714286,2021-02-04
2020-06-19,101944,175,181.2857143,2021-02-04
2020-06-20,102037,93,180.7142857,2021-02-04
2020-06-21,102116,79,181.1428571,2021-02-04
2020-06-22,102340,224,179.5714286,2021-02-04
2020-06-23,102529,189,178.2857143,2021-02-04
2020-06-24,102739,210,172.8571429,2021-02-04
2020-06-25,102945,206,168,2021-02-04
2020-06-26,103143,198,171.2857143,2021-02-04
2020-06-27,103277,134,177.1428571,2021-02-04
2020-06-28,103348,71,176,2021-02-04
2020-06-29,103553,205,173.2857143,2021-02-04
2020-06-30,103773,220,177.7142857,2021-02-04
2020-07-01,103989,216,178.5714286,2021-02-04
2020-07-02,104215,226,181.4285714,2021-02-04
2020-07-03,104314,99,167.2857143,2021-02-04
2020-07-04,104374,60,156.7142857,2021-02-04
2020-07-05,104475,101,161,2021-02-04
2020-07-06,104712,237,165.5714286,2021-02-04
2020-07-07,104953,241,168.5714286,2021-02-04
2020-07-08,105169,216,168.5714286,2021-02-04
2020-07-09,105423,254,172.5714286,2021-02-04
2020-07-10,105651,228,191,2021-02-04
2020-07-11,105768,117,199.1428571,2021-02-04
2020-07-12,105855,87,197.1428571,2021-02-04
2020-07-13,106121,266,201.2857143,2021-02-04
2020-07-14,106353,232,200,2021-02-04
2020-07-15,106651,298,211.7142857,2021-02-04
2020-07-16,106896,245,210.2857143,2021-02-04
2020-07-17,107123,227,210.1428571,2021-02-04
2020-07-18,107251,128,211.7142857,2021-02-04
2020-07-19,107325,74,209.8571429,2021-02-04
2020-07-20,107604,279,211.7142857,2021-02-04
2020-07-21,107859,255,215,2021-02-04
2020-07-22,108117,258,209.2857143,2021-02-04
2020-07-23,108375,258,211.2857143,2021-02-04
2020-07-24,108632,257,215.5714286,2021-02-04
2020-07-25,108791,159,220,2021-02-04
2020-07-26,108892,101,223.8571429,2021-02-04
2020-07-27,109253,361,235.5714286,2021-02-04
2020-07-28,109573,320,244.8571429,2021-02-04
2020-07-29,109892,319,253.5714286,2021-02-04
2020-07-30,110228,336,264.7142857,2021-02-04
2020-07-31,110547,319,273.5714286,2021-02-04
2020-08-01,110694,147,271.8571429,2021-02-04
2020-08-02,110803,109,273,2021-02-04
2020-08-03,111161,358,272.5714286,2021-02-04
2020-08-04,111469,308,270.8571429,2021-02-04
2020-08-05,111802,333,272.8571429,2021-02-04
2020-08-06,112156,354,275.4285714,2021-02-04
2020-08-07,112455,299,272.5714286,2021-02-04
2020-08-08,112624,169,275.7142857,2021-02-04
2020-08-09,112709,85,272.2857143,2021-02-04
2020-08-10,113082,373,274.5714286,2021-02-04
2020-08-11,113366,284,271.1428571,2021-02-04
2020-08-12,113670,304,267,2021-02-04
2020-08-13,114019,349,266.2857143,2021-02-04
2020-08-14,114362,343,272.4285714,2021-02-04
2020-08-15,114513,151,269.8571429,2021-02-04
2020-08-16,114633,120,274.8571429,2021-02-04
2020-08-17,115002,369,274.1428571,2021-02-04
2020-08-18,115383,381,288,2021-02-04
2020-08-19,115720,337,292.7142857,2021-02-04
2020-08-20,116076,356,293.7142857,2021-02-04
2020-08-21,116359,283,285.2857143,2021-02-04
2020-08-22,116507,148,284.8571429,2021-02-04
2020-08-23,116599,92,280.8571429,2021-02-04
2020-08-24,116994,395,284.7142857,2021-02-04
2020-08-25,117373,379,284.4285714,2021-02-04
2020-08-26,117752,379,290.4285714,2021-02-04
2020-08-27,118096,344,288.7142857,2021-02-04
2020-08-28,118459,363,300.1428571,2021-02-04
2020-08-29,118631,172,303.5714286,2021-02-04
2020-08-30,118770,139,310.2857143,2021-02-04
2020-08-31,119209,439,316.2857143,2021-02-04
2020-09-01,119604,395,318.5714286,2021-02-04
2020-09-02,119988,384,319.2857143,2021-02-04
2020-09-03,120452,464,336.4285714,2021-02-04
2020-09-04,120799,347,334.2857143,2021-02-04
2020-09-05,120997,198,338,2021-02-04
2020-09-06,121110,113,334.1428571,2021-02-04
2020-09-07,121271,161,294.5714286,2021-02-04
2020-09-08,121817,546,316.2857143,2021-02-04
2020-09-09,122292,475,329.1428571,2021-02-04
2020-09-10,122703,411,321.2857143,2021-02-04
2020-09-11,123112,409,330,2021-02-04
2020-09-12,123301,189,328.7142857,2021-02-04
2020-09-13,123462,161,335.7142857,2021-02-04
2020-09-14,123965,503,384.5714286,2021-02-04
2020-09-15,124389,424,367,2021-02-04
2020-09-16,124802,413,358.2857143,2021-02-04
2020-09-17,125156,354,350.5714286,2021-02-04
2020-09-18,125592,436,354.4285714,2021-02-04
2020-09-19,125794,202,356.2857143,2021-02-04
2020-09-20,125935,141,353.4285714,2021-02-04
2020-09-21,126362,427,342.5714286,2021-02-04
2020-09-22,126870,508,354.5714286,2021-02-04
2020-09-23,127430,560,375.5714286,2021-02-04
2020-09-24,128027,597,410.1428571,2021-02-04
2020-09-25,128580,553,426.8571429,2021-02-04
2020-09-26,128944,364,450,2021-02-04
2020-09-27,129169,225,461.8571429,2021-02-04
2020-09-28,130036,867,524.7142857,2021-02-04
2020-09-29,130756,720,555,2021-02-04
2020-09-30,131369,613,562.5714286,2021-02-04
2020-10-01,132053,684,574.8571429,2021-02-04
2020-10-02,132618,565,576.5714286,2021-02-04
2020-10-03,133026,408,582.8571429,2021-02-04
2020-10-04,133318,292,592.5714286,2021-02-04
2020-10-05,134069,751,575.8571429,2021-02-04
2020-10-06,134805,736,577.8571429,2021-02-04
2020-10-07,135527,722,593.2857143,2021-02-04
2020-10-08,136362,835,614.8571429,2021-02-04
2020-10-09,137051,689,632.5714286,2021-02-04
2020-10-10,137464,413,633.2857143,2021-02-04
2020-10-11,137728,264,629.2857143,2021-02-04
2020-10-12,138323,595,606.8571429,2021-02-04
2020-10-13,139109,786,614.2857143,2021-02-04
2020-10-14,140007,898,639.7142857,2021-02-04
2020-10-15,140957,950,656.2857143,2021-02-04
2020-10-16,141823,866,681.5714286,2021-02-04
2020-10-17,142366,543,700.2857143,2021-02-04
2020-10-18,142697,331,709.8571429,2021-02-04
2020-10-19,143775,1078,779.2857143,2021-02-04
2020-10-20,144894,1119,826.8571429,2021-02-04
2020-10-21,146095,1201,869.8571429,2021-02-04
2020-10-22,147471,1376,930.7142857,2021-02-04
2020-10-23,148695,1224,981.8571429,2021-02-04
2020-10-24,149484,789,1016.857143,2021-02-04
2020-10-25,149967,483,1038.714286,2021-02-04
2020-10-26,151489,1522,1102.428571,2021-02-04
2020-10-27,152833,1344,1134.714286,2021-02-04
2020-10-28,154272,1439,1169,2021-02-04
2020-10-29,155657,1385,1170.285714,2021-02-04
2020-10-30,156781,1124,1156.142857,2021-02-04
2020-10-31,157651,870,1167.857143,2021-02-04
2020-11-01,158173,522,1173.285714,2021-02-04
2020-11-02,160009,1836,1218,2021-02-04
2020-11-03,161915,1906,1298,2021-02-04
2020-11-04,164089,2174,1402.857143,2021-02-04
2020-11-05,166506,2417,1550.142857,2021-02-04
2020-11-06,168745,2239,1709,2021-02-04
2020-11-07,170072,1327,1774,2021-02-04
2020-11-08,171017,945,1834.142857,2021-02-04
2020-11-09,174192,3175,2025.428571,2021-02-04
2020-11-10,177014,2822,2156.285714,2021-02-04
2020-11-11,179676,2662,2225.714286,2021-02-04
2020-11-12,182659,2983,2307,2021-02-04
2020-11-13,185266,2607,2359.714286,2021-02-04
2020-11-14,186978,1712,2414.571429,2021-02-04
2020-11-15,188170,1192,2450.142857,2021-02-04
2020-11-16,191696,3526,2499.857143,2021-02-04
2020-11-17,194832,3136,2544.714286,2021-02-04
2020-11-18,197754,2922,2582.428571,2021-02-04
2020-11-19,200752,2998,2584.571429,2021-02-04
2020-11-20,203601,2849,2619.142857,2021-02-04
2020-11-21,205367,1766,2627.428571,2021-02-04
2020-11-22,206562,1195,2627.285714,2021-02-04
2020-11-23,210151,3589,2636.714286,2021-02-04
2020-11-24,213942,3791,2729.714286,2021-02-04
2020-11-25,216885,2943,2732,2021-02-04
2020-11-26,217331,446,2367,2021-02-04
2020-11-27,220715,3384,2443.285714,2021-02-04
2020-11-28,223623,2908,2605.714286,2021-02-04
2020-11-29,225386,1763,2686.714286,2021-02-04
2020-11-30,230890,5504,2959.571429,2021-02-04
2020-12-01,236755,5865,3255.285714,2021-02-04
2020-12-02,242849,6094,3703,2021-02-04
2020-12-03,248656,5807,4462.142857,2021-02-04
2020-12-04,253950,5294,4732.857143,2021-02-04
2020-12-05,256137,2187,4629.142857,2021-02-04
2020-12-06,258235,2098,4678.142857,2021-02-04
2020-12-07,264448,6213,4778.428571,2021-02-04
2020-12-08,269846,5398,4712.142857,2021-02-04
2020-12-09,275257,5411,4615.428571,2021-02-04
2020-12-10,280709,5452,4571.857143,2021-02-04
2020-12-11,285647,4938,4523,2021-02-04
2020-12-12,288511,2864,4621.571429,2021-02-04
2020-12-13,290713,2202,4635.142857,2021-02-04
2020-12-14,296974,6261,4642.142857,2021-02-04
2020-12-15,302970,5996,4727.714286,2021-02-04
2020-12-16,308603,5633,4760.428571,2021-02-04
2020-12-17,310176,1573,4204.142857,2021-02-04
2020-12-18,315855,5679,4304.428571,2021-02-04
2020-12-19,319507,3652,4410.857143,2021-02-04
2020-12-20,321840,2333,4423.142857,2021-02-04
2020-12-21,328308,6468,4441.142857,2021-02-04
2020-12-22,334246,5938,4404.285714,2021-02-04
2020-12-23,338715,4469,4166.714286,2021-02-04
2020-12-24,341365,2650,4235.428571,2021-02-04
2020-12-25,341842,477,3485.142857,2021-02-04
2020-12-26,346029,4187,3335.857143,2021-02-04
2020-12-27,348696,2667,3034.857143,2021-02-04
2020-12-28,357075,8379,2635,2021-02-04
2020-12-29,364248,7173,4286,2021-02-04
2020-12-30,369960,5712,4463.571428571428,2021-02-04
2020-12-31,374126,4166,4680.142857142857,2021-02-04
2021-01-01,375481,1355,4805.571428571428,2021-02-04
2021-01-02,380159,4678,4875.714285714285,2021-02-04
2021-01-03,383146,2987,4921.428571428572,2021-02-04
2021-01-04,392175,9029,5014.285714285715,2021-02-04
2021-01-05,399884,7709,5090.857142857143,2021-02-04
2021-01-06,406938,7054,5282.571428571428,2021-02-04
2021-01-07,413393,6455,5609.571428571428,2021-02-04
2021-01-08,419135,5742,6236.285714285715,2021-02-04
2021-01-09,422737,3602,6082.571428571428,2021-02-04
2021-01-10,425116,2379,5995.714285714285,2021-02-04
2021-01-11,431580,6464,5629.285714285715,2021-02-04
2021-01-12,437108,5528,5317.714285714285,2021-02-04
2021-01-13,442005,4897,5009.571428571428,2021-02-04
2021-01-14,447002,4997,4801.285714285715,2021-02-04
2021-01-15,451395,4393,4608.571428571428,2021-02-04
2021-01-16,454062,2667,4475,2021-02-04
2021-01-17,456056,1994,4420,2021-02-04
2021-01-18,460373,4317,4113.285714285715,2021-02-04
2021-01-19,465750,5377,4091.714285714286,2021-02-04
2021-01-20,470178,4428,4024.714285714286,2021-02-04
2021-01-21,474515,4337,3930.4285714285716,2021-02-04
2021-01-22,478456,3941,3865.8571428571427,2021-02-04
2021-01-23,480900,2444,3834,2021-02-04
2021-01-24,482500,1600,3777.714285714286,2021-02-04
2021-01-25,487029,4529,3808,2021-02-04
2021-01-26,490942,3913,3598.8571428571427,2021-02-04
2021-01-27,494131,3189,3421.8571428571427,2021-02-04
2021-01-28,497354,3223,3262.714285714286,2021-02-04
2021-01-29,500067,2713,3087.285714285714,2021-02-04
2021-01-30,501799,1732,2985.5714285714284,2021-02-04
2021-01-31,503151,1352,2950.1428571428573,2021-02-04
2021-02-01,505454,2303,2632.1428571428573,2021-02-04
2021-02-02,506966,1512,2289.1428571428573,2021-02-04
2021-02-03,507166,200,1862.142857142857,2021-02-04
