test_date,total_positive,new_positive,confirmed_case_7d_avg,issue_date
2020-01-29,1,1,NA,2021-01-16
2020-01-30,1,0,NA,2021-01-16
2020-01-31,1,0,NA,2021-01-16
2020-02-01,1,0,NA,2021-01-16
2020-02-02,1,0,NA,2021-01-16
2020-02-03,1,0,NA,2021-01-16
2020-02-04,1,0,0.142857143,2021-01-16
2020-02-05,1,0,0,2021-01-16
2020-02-06,2,1,0.142857143,2021-01-16
2020-02-07,2,0,0.142857143,2021-01-16
2020-02-08,2,0,0.142857143,2021-01-16
2020-02-09,2,0,0.142857143,2021-01-16
2020-02-10,2,0,0.142857143,2021-01-16
2020-02-11,2,0,0.142857143,2021-01-16
2020-02-12,2,0,0.142857143,2021-01-16
2020-02-13,2,0,0,2021-01-16
2020-02-14,2,0,0,2021-01-16
2020-02-15,2,0,0,2021-01-16
2020-02-16,2,0,0,2021-01-16
2020-02-17,2,0,0,2021-01-16
2020-02-18,2,0,0,2021-01-16
2020-02-19,2,0,0,2021-01-16
2020-02-20,2,0,0,2021-01-16
2020-02-21,2,0,0,2021-01-16
2020-02-22,2,0,0,2021-01-16
2020-02-23,2,0,0,2021-01-16
2020-02-24,2,0,0,2021-01-16
2020-02-25,2,0,0,2021-01-16
2020-02-26,2,0,0,2021-01-16
2020-02-27,2,0,0,2021-01-16
2020-02-28,2,0,0,2021-01-16
2020-02-29,2,0,0,2021-01-16
2020-03-01,3,1,0.142857143,2021-01-16
2020-03-02,3,0,0.142857143,2021-01-16
2020-03-03,4,1,0.285714286,2021-01-16
2020-03-04,6,2,0.571428571,2021-01-16
2020-03-05,14,8,1.714285714,2021-01-16
2020-03-06,28,14,3.714285714,2021-01-16
2020-03-07,72,44,10,2021-01-16
2020-03-08,91,19,12.57142857,2021-01-16
2020-03-09,96,5,13.28571429,2021-01-16
2020-03-10,110,14,15.14285714,2021-01-16
2020-03-11,132,22,18,2021-01-16
2020-03-12,161,29,21,2021-01-16
2020-03-13,222,61,27.71428571,2021-01-16
2020-03-14,295,73,31.85714286,2021-01-16
2020-03-15,363,68,38.85714286,2021-01-16
2020-03-16,513,150,59.57142857,2021-01-16
2020-03-17,762,249,93.14285714,2021-01-16
2020-03-18,1021,259,127,2021-01-16
2020-03-19,1299,278,162.5714286,2021-01-16
2020-03-20,1687,388,209.2857143,2021-01-16
2020-03-21,2009,322,244.8571429,2021-01-16
2020-03-22,2295,286,276,2021-01-16
2020-03-23,2904,609,341.5714286,2021-01-16
2020-03-24,3622,718,408.5714286,2021-01-16
2020-03-25,4368,746,478.1428571,2021-01-16
2020-03-26,5303,935,572,2021-01-16
2020-03-27,6246,943,651.2857143,2021-01-16
2020-03-28,6900,654,698.7142857,2021-01-16
2020-03-29,7423,523,732.5714286,2021-01-16
2020-03-30,8661,1238,822.4285714,2021-01-16
2020-03-31,9927,1266,900.7142857,2021-01-16
2020-04-01,11265,1338,985.2857143,2021-01-16
2020-04-02,12540,1275,1033.857143,2021-01-16
2020-04-03,14020,1480,1110.571429,2021-01-16
2020-04-04,15182,1162,1183.142857,2021-01-16
2020-04-05,16159,977,1248,2021-01-16
2020-04-06,18091,1932,1347.142857,2021-01-16
2020-04-07,20112,2021,1455,2021-01-16
2020-04-08,21976,1864,1530.142857,2021-01-16
2020-04-09,23954,1978,1630.571429,2021-01-16
2020-04-10,26009,2055,1712.714286,2021-01-16
2020-04-11,27338,1329,1736.571429,2021-01-16
2020-04-12,28268,930,1729.857143,2021-01-16
2020-04-13,30254,1986,1737.571429,2021-01-16
2020-04-14,33181,2927,1867,2021-01-16
2020-04-15,35721,2540,1963.571429,2021-01-16
2020-04-16,38107,2386,2021.857143,2021-01-16
2020-04-17,41096,2989,2155.285714,2021-01-16
2020-04-18,42576,1480,2176.857143,2021-01-16
2020-04-19,43665,1089,2199.571429,2021-01-16
2020-04-20,46350,2685,2299.428571,2021-01-16
2020-04-21,48536,2186,2193.571429,2021-01-16
2020-04-22,51239,2703,2216.857143,2021-01-16
2020-04-23,53644,2405,2219.571429,2021-01-16
2020-04-24,55918,2274,2117.428571,2021-01-16
2020-04-25,57410,1492,2119.142857,2021-01-16
2020-04-26,58254,844,2084.142857,2021-01-16
2020-04-27,60382,2128,2004.571429,2021-01-16
2020-04-28,62485,2103,1992.714286,2021-01-16
2020-04-29,64670,2185,1918.714286,2021-01-16
2020-04-30,66717,2047,1867.571429,2021-01-16
2020-05-01,68798,2081,1840,2021-01-16
2020-05-02,69827,1029,1773.857143,2021-01-16
2020-05-03,70560,733,1758,2021-01-16
2020-05-04,72438,1878,1722.285714,2021-01-16
2020-05-05,74171,1733,1669.428571,2021-01-16
2020-05-06,75869,1698,1599.857143,2021-01-16
2020-05-07,77546,1677,1547,2021-01-16
2020-05-08,78999,1453,1457.285714,2021-01-16
2020-05-09,79681,682,1407.714286,2021-01-16
2020-05-10,80066,385,1358,2021-01-16
2020-05-11,81371,1305,1276.142857,2021-01-16
2020-05-12,82821,1450,1235.714286,2021-01-16
2020-05-13,84132,1311,1180.428571,2021-01-16
2020-05-14,85447,1315,1128.714286,2021-01-16
2020-05-15,86551,1104,1079,2021-01-16
2020-05-16,87196,645,1073.714286,2021-01-16
2020-05-17,87559,363,1070.571429,2021-01-16
2020-05-18,88870,1311,1071.428571,2021-01-16
2020-05-19,89943,1073,1017.571429,2021-01-16
2020-05-20,90954,1011,974.7142857,2021-01-16
2020-05-21,91917,963,924.4285714,2021-01-16
2020-05-22,92779,862,889.7142857,2021-01-16
2020-05-23,93166,387,852.8571429,2021-01-16
2020-05-24,93467,301,844,2021-01-16
2020-05-25,93665,198,685,2021-01-16
2020-05-26,94529,864,655.1428571,2021-01-16
2020-05-27,95216,687,608.8571429,2021-01-16
2020-05-28,95855,639,562.5714286,2021-01-16
2020-05-29,96385,530,515.1428571,2021-01-16
2020-05-30,96656,271,498.5714286,2021-01-16
2020-05-31,96817,161,478.5714286,2021-01-16
2020-06-01,97325,508,522.8571429,2021-01-16
2020-06-02,97772,447,463.2857143,2021-01-16
2020-06-03,98231,459,430.7142857,2021-01-16
2020-06-04,98609,378,393.4285714,2021-01-16
2020-06-05,98946,337,365.8571429,2021-01-16
2020-06-06,99094,148,348.2857143,2021-01-16
2020-06-07,99245,151,346.8571429,2021-01-16
2020-06-08,99597,352,324.5714286,2021-01-16
2020-06-09,99939,342,309.7142857,2021-01-16
2020-06-10,100198,259,281.1428571,2021-01-16
2020-06-11,100424,226,259.4285714,2021-01-16
2020-06-12,100678,254,247.5714286,2021-01-16
2020-06-13,100775,97,240.2857143,2021-01-16
2020-06-14,100851,76,229.5714286,2021-01-16
2020-06-15,101086,235,212.8571429,2021-01-16
2020-06-16,101284,198,192.1428571,2021-01-16
2020-06-17,101532,248,190.5714286,2021-01-16
2020-06-18,101772,240,192.5714286,2021-01-16
2020-06-19,101947,175,181.2857143,2021-01-16
2020-06-20,102040,93,180.7142857,2021-01-16
2020-06-21,102119,79,181.1428571,2021-01-16
2020-06-22,102343,224,179.5714286,2021-01-16
2020-06-23,102532,189,178.2857143,2021-01-16
2020-06-24,102742,210,172.8571429,2021-01-16
2020-06-25,102948,206,168,2021-01-16
2020-06-26,103146,198,171.2857143,2021-01-16
2020-06-27,103280,134,177.1428571,2021-01-16
2020-06-28,103351,71,176,2021-01-16
2020-06-29,103556,205,173.2857143,2021-01-16
2020-06-30,103776,220,177.7142857,2021-01-16
2020-07-01,103992,216,178.5714286,2021-01-16
2020-07-02,104218,226,181.4285714,2021-01-16
2020-07-03,104317,99,167.2857143,2021-01-16
2020-07-04,104377,60,156.7142857,2021-01-16
2020-07-05,104478,101,161,2021-01-16
2020-07-06,104715,237,165.5714286,2021-01-16
2020-07-07,104956,241,168.5714286,2021-01-16
2020-07-08,105172,216,168.5714286,2021-01-16
2020-07-09,105426,254,172.5714286,2021-01-16
2020-07-10,105654,228,191,2021-01-16
2020-07-11,105771,117,199.1428571,2021-01-16
2020-07-12,105858,87,197.1428571,2021-01-16
2020-07-13,106124,266,201.2857143,2021-01-16
2020-07-14,106356,232,200,2021-01-16
2020-07-15,106654,298,211.7142857,2021-01-16
2020-07-16,106899,245,210.2857143,2021-01-16
2020-07-17,107126,227,210.1428571,2021-01-16
2020-07-18,107254,128,211.7142857,2021-01-16
2020-07-19,107328,74,209.8571429,2021-01-16
2020-07-20,107607,279,211.7142857,2021-01-16
2020-07-21,107862,255,215,2021-01-16
2020-07-22,108120,258,209.2857143,2021-01-16
2020-07-23,108378,258,211.2857143,2021-01-16
2020-07-24,108635,257,215.5714286,2021-01-16
2020-07-25,108794,159,220,2021-01-16
2020-07-26,108895,101,223.8571429,2021-01-16
2020-07-27,109256,361,235.5714286,2021-01-16
2020-07-28,109576,320,244.8571429,2021-01-16
2020-07-29,109895,319,253.5714286,2021-01-16
2020-07-30,110231,336,264.7142857,2021-01-16
2020-07-31,110550,319,273.5714286,2021-01-16
2020-08-01,110697,147,271.8571429,2021-01-16
2020-08-02,110806,109,273,2021-01-16
2020-08-03,111164,358,272.5714286,2021-01-16
2020-08-04,111472,308,270.8571429,2021-01-16
2020-08-05,111805,333,272.8571429,2021-01-16
2020-08-06,112159,354,275.4285714,2021-01-16
2020-08-07,112458,299,272.5714286,2021-01-16
2020-08-08,112627,169,275.7142857,2021-01-16
2020-08-09,112712,85,272.2857143,2021-01-16
2020-08-10,113086,374,274.5714286,2021-01-16
2020-08-11,113370,284,271.1428571,2021-01-16
2020-08-12,113674,304,267,2021-01-16
2020-08-13,114023,349,266.2857143,2021-01-16
2020-08-14,114366,343,272.4285714,2021-01-16
2020-08-15,114517,151,269.8571429,2021-01-16
2020-08-16,114637,120,274.8571429,2021-01-16
2020-08-17,115006,369,274.1428571,2021-01-16
2020-08-18,115387,381,288,2021-01-16
2020-08-19,115724,337,292.7142857,2021-01-16
2020-08-20,116080,356,293.7142857,2021-01-16
2020-08-21,116363,283,285.2857143,2021-01-16
2020-08-22,116511,148,284.8571429,2021-01-16
2020-08-23,116603,92,280.8571429,2021-01-16
2020-08-24,116998,395,284.7142857,2021-01-16
2020-08-25,117377,379,284.4285714,2021-01-16
2020-08-26,117756,379,290.4285714,2021-01-16
2020-08-27,118100,344,288.7142857,2021-01-16
2020-08-28,118463,363,300.1428571,2021-01-16
2020-08-29,118635,172,303.5714286,2021-01-16
2020-08-30,118774,139,310.2857143,2021-01-16
2020-08-31,119214,440,316.2857143,2021-01-16
2020-09-01,119609,395,318.5714286,2021-01-16
2020-09-02,119993,384,319.2857143,2021-01-16
2020-09-03,120457,464,336.4285714,2021-01-16
2020-09-04,120804,347,334.2857143,2021-01-16
2020-09-05,121002,198,338,2021-01-16
2020-09-06,121114,112,334.1428571,2021-01-16
2020-09-07,121275,161,294.5714286,2021-01-16
2020-09-08,121822,547,316.2857143,2021-01-16
2020-09-09,122296,474,329.1428571,2021-01-16
2020-09-10,122705,409,321.2857143,2021-01-16
2020-09-11,123114,409,330,2021-01-16
2020-09-12,123303,189,328.7142857,2021-01-16
2020-09-13,123464,161,335.7142857,2021-01-16
2020-09-14,123967,503,384.5714286,2021-01-16
2020-09-15,124391,424,367,2021-01-16
2020-09-16,124804,413,358.2857143,2021-01-16
2020-09-17,125159,355,350.5714286,2021-01-16
2020-09-18,125595,436,354.4285714,2021-01-16
2020-09-19,125797,202,356.2857143,2021-01-16
2020-09-20,125938,141,353.4285714,2021-01-16
2020-09-21,126365,427,342.5714286,2021-01-16
2020-09-22,126873,508,354.5714286,2021-01-16
2020-09-23,127433,560,375.5714286,2021-01-16
2020-09-24,128030,597,410.1428571,2021-01-16
2020-09-25,128583,553,426.8571429,2021-01-16
2020-09-26,128947,364,450,2021-01-16
2020-09-27,129172,225,461.8571429,2021-01-16
2020-09-28,130039,867,524.7142857,2021-01-16
2020-09-29,130759,720,555,2021-01-16
2020-09-30,131372,613,562.5714286,2021-01-16
2020-10-01,132056,684,574.8571429,2021-01-16
2020-10-02,132621,565,576.5714286,2021-01-16
2020-10-03,133029,408,582.8571429,2021-01-16
2020-10-04,133321,292,592.5714286,2021-01-16
2020-10-05,134072,751,575.8571429,2021-01-16
2020-10-06,134807,735,577.8571429,2021-01-16
2020-10-07,135529,722,593.2857143,2021-01-16
2020-10-08,136364,835,614.8571429,2021-01-16
2020-10-09,137053,689,632.5714286,2021-01-16
2020-10-10,137466,413,633.2857143,2021-01-16
2020-10-11,137730,264,629.2857143,2021-01-16
2020-10-12,138325,595,606.8571429,2021-01-16
2020-10-13,139111,786,614.2857143,2021-01-16
2020-10-14,140010,899,639.7142857,2021-01-16
2020-10-15,140960,950,656.2857143,2021-01-16
2020-10-16,141826,866,681.5714286,2021-01-16
2020-10-17,142370,544,700.2857143,2021-01-16
2020-10-18,142701,331,709.8571429,2021-01-16
2020-10-19,143780,1079,779.2857143,2021-01-16
2020-10-20,144900,1120,826.8571429,2021-01-16
2020-10-21,146101,1201,869.8571429,2021-01-16
2020-10-22,147477,1376,930.7142857,2021-01-16
2020-10-23,148701,1224,981.8571429,2021-01-16
2020-10-24,149490,789,1016.857143,2021-01-16
2020-10-25,149974,484,1038.714286,2021-01-16
2020-10-26,151499,1525,1102.428571,2021-01-16
2020-10-27,152845,1346,1134.714286,2021-01-16
2020-10-28,154285,1440,1169,2021-01-16
2020-10-29,155671,1386,1170.285714,2021-01-16
2020-10-30,156796,1125,1156.142857,2021-01-16
2020-10-31,157667,871,1167.857143,2021-01-16
2020-11-01,158189,522,1173.285714,2021-01-16
2020-11-02,160026,1837,1218,2021-01-16
2020-11-03,161932,1906,1298,2021-01-16
2020-11-04,164106,2174,1402.857143,2021-01-16
2020-11-05,166522,2416,1550.142857,2021-01-16
2020-11-06,168762,2240,1709,2021-01-16
2020-11-07,170089,1327,1774,2021-01-16
2020-11-08,171032,943,1834.142857,2021-01-16
2020-11-09,174209,3177,2025.428571,2021-01-16
2020-11-10,177031,2822,2156.285714,2021-01-16
2020-11-11,179690,2659,2225.714286,2021-01-16
2020-11-12,182674,2984,2307,2021-01-16
2020-11-13,185281,2607,2359.714286,2021-01-16
2020-11-14,186991,1710,2414.571429,2021-01-16
2020-11-15,188184,1193,2450.142857,2021-01-16
2020-11-16,191709,3525,2499.857143,2021-01-16
2020-11-17,194846,3137,2544.714286,2021-01-16
2020-11-18,197768,2922,2582.428571,2021-01-16
2020-11-19,200767,2999,2584.571429,2021-01-16
2020-11-20,203617,2850,2619.142857,2021-01-16
2020-11-21,205384,1767,2627.428571,2021-01-16
2020-11-22,206578,1194,2627.285714,2021-01-16
2020-11-23,210173,3595,2636.714286,2021-01-16
2020-11-24,213966,3793,2729.714286,2021-01-16
2020-11-25,216910,2944,2732,2021-01-16
2020-11-26,217356,446,2367,2021-01-16
2020-11-27,220742,3386,2443.285714,2021-01-16
2020-11-28,223651,2909,2605.714286,2021-01-16
2020-11-29,225414,1763,2686.714286,2021-01-16
2020-11-30,230919,5505,2959.571429,2021-01-16
2020-12-01,236785,5866,3255.285714,2021-01-16
2020-12-02,242860,6075,3703,2021-01-16
2020-12-03,248630,5770,4462.142857,2021-01-16
2020-12-04,253919,5289,4732.857143,2021-01-16
2020-12-05,256106,2187,4629.142857,2021-01-16
2020-12-06,258211,2105,4678.142857,2021-01-16
2020-12-07,264425,6214,4778.428571,2021-01-16
2020-12-08,269829,5404,4712.142857,2021-01-16
2020-12-09,275242,5413,4615.428571,2021-01-16
2020-12-10,280701,5459,4571.857143,2021-01-16
2020-12-11,285645,4944,4523,2021-01-16
2020-12-12,288514,2869,4621.571429,2021-01-16
2020-12-13,290720,2206,4635.142857,2021-01-16
2020-12-14,296990,6270,4642.142857,2021-01-16
2020-12-15,302999,6009,4727.714286,2021-01-16
2020-12-16,308639,5640,4760.428571,2021-01-16
2020-12-17,310214,1575,4204.142857,2021-01-16
2020-12-18,315876,5662,4304.428571,2021-01-16
2020-12-19,319516,3640,4410.857143,2021-01-16
2020-12-20,321825,2309,4423.142857,2021-01-16
2020-12-21,328275,6450,4441.142857,2021-01-16
2020-12-22,334227,5952,4404.285714,2021-01-16
2020-12-23,338702,4475,4166.714286,2021-01-16
2020-12-24,341358,2656,4235.428571,2021-01-16
2020-12-25,341839,481,3485.142857,2021-01-16
2020-12-26,346027,4188,3335.857143,2021-01-16
2020-12-27,348695,2668,3034.857143,2021-01-16
2020-12-28,357075,8380,2635,2021-01-16
2020-12-29,364248,7173,4288.714285714285,2021-01-16
2020-12-30,369965,5717,4466.142857142857,2021-01-16
2020-12-31,374133,4168,4682.142857142857,2021-01-16
2021-01-01,375490,1357,4807.285714285715,2021-01-16
2021-01-02,380175,4685,4878.285714285715,2021-01-16
2021-01-03,383156,2981,4923,2021-01-16
2021-01-04,392169,9013,5013.428571428572,2021-01-16
2021-01-05,399834,7665,5083.714285714285,2021-01-16
2021-01-06,406876,7042,5273,2021-01-16
2021-01-07,413304,6428,5595.857142857143,2021-01-16
2021-01-08,419035,5731,6220.714285714285,2021-01-16
2021-01-09,422626,3591,6064.428571428572,2021-01-16
2021-01-10,424985,2359,5975.571428571428,2021-01-16
2021-01-11,431388,6403,5602.714285714285,2021-01-16
2021-01-12,436738,5350,5272,2021-01-16
2021-01-13,440828,4090,4850.285714285715,2021-01-16
2021-01-14,443846,3018,4363.142857142857,2021-01-16
2021-01-15,444028,182,3570.4285714285716,2021-01-16
