location,forecast_date,target,target_end_date,type,quantile,value
25,2021-02-22,1 day ahead inc hosp,2021-02-23,quantile,0.01,72.52173761782888
25,2021-02-22,1 day ahead inc hosp,2021-02-23,quantile,0.025,75.45572702109328
25,2021-02-22,1 day ahead inc hosp,2021-02-23,quantile,0.05,78.52433683027819
25,2021-02-22,1 day ahead inc hosp,2021-02-23,quantile,0.1,84.26567628914503
25,2021-02-22,1 day ahead inc hosp,2021-02-23,quantile,0.15,87.2055351915429
25,2021-02-22,1 day ahead inc hosp,2021-02-23,quantile,0.2,89.37383300186306
25,2021-02-22,1 day ahead inc hosp,2021-02-23,quantile,0.25,91.51848676013485
25,2021-02-22,1 day ahead inc hosp,2021-02-23,quantile,0.3,93.44937190709156
25,2021-02-22,1 day ahead inc hosp,2021-02-23,quantile,0.35,95.21678785410018
25,2021-02-22,1 day ahead inc hosp,2021-02-23,quantile,0.4,97.2142288903606
25,2021-02-22,1 day ahead inc hosp,2021-02-23,quantile,0.45,99.77251509287242
25,2021-02-22,1 day ahead inc hosp,2021-02-23,quantile,0.5,102.06270338931373
25,2021-02-22,1 day ahead inc hosp,2021-02-23,quantile,0.55,104.08934484374744
25,2021-02-22,1 day ahead inc hosp,2021-02-23,quantile,0.6,106.69925687331873
25,2021-02-22,1 day ahead inc hosp,2021-02-23,quantile,0.65,108.98646890248682
25,2021-02-22,1 day ahead inc hosp,2021-02-23,quantile,0.7,110.84249734822777
25,2021-02-22,1 day ahead inc hosp,2021-02-23,quantile,0.75,112.94794551359401
25,2021-02-22,1 day ahead inc hosp,2021-02-23,quantile,0.8,116.14335884921773
25,2021-02-22,1 day ahead inc hosp,2021-02-23,quantile,0.85,119.11826823473551
25,2021-02-22,1 day ahead inc hosp,2021-02-23,quantile,0.9,124.27177428275948
25,2021-02-22,1 day ahead inc hosp,2021-02-23,quantile,0.95,130.96104126483408
25,2021-02-22,1 day ahead inc hosp,2021-02-23,quantile,0.975,137.38111640646008
25,2021-02-22,1 day ahead inc hosp,2021-02-23,quantile,0.99,146.06814964710577
25,2021-02-22,2 day ahead inc hosp,2021-02-24,quantile,0.01,66.1736931624318
25,2021-02-22,2 day ahead inc hosp,2021-02-24,quantile,0.025,72.08204188014757
25,2021-02-22,2 day ahead inc hosp,2021-02-24,quantile,0.05,75.65755280283709
25,2021-02-22,2 day ahead inc hosp,2021-02-24,quantile,0.1,81.0835498494783
25,2021-02-22,2 day ahead inc hosp,2021-02-24,quantile,0.15,84.83326858314108
25,2021-02-22,2 day ahead inc hosp,2021-02-24,quantile,0.2,88.36997857684095
25,2021-02-22,2 day ahead inc hosp,2021-02-24,quantile,0.25,90.88398144382445
25,2021-02-22,2 day ahead inc hosp,2021-02-24,quantile,0.3,92.94597951608255
25,2021-02-22,2 day ahead inc hosp,2021-02-24,quantile,0.35,94.57692474007915
25,2021-02-22,2 day ahead inc hosp,2021-02-24,quantile,0.4,96.52005512662772
25,2021-02-22,2 day ahead inc hosp,2021-02-24,quantile,0.45,98.72590488683517
25,2021-02-22,2 day ahead inc hosp,2021-02-24,quantile,0.5,100.75790466600073
25,2021-02-22,2 day ahead inc hosp,2021-02-24,quantile,0.55,102.57818312269161
25,2021-02-22,2 day ahead inc hosp,2021-02-24,quantile,0.6,105.07912528437184
25,2021-02-22,2 day ahead inc hosp,2021-02-24,quantile,0.65,107.08356165438218
25,2021-02-22,2 day ahead inc hosp,2021-02-24,quantile,0.7,109.42084643619079
25,2021-02-22,2 day ahead inc hosp,2021-02-24,quantile,0.75,112.84978664924405
25,2021-02-22,2 day ahead inc hosp,2021-02-24,quantile,0.8,115.55442236365815
25,2021-02-22,2 day ahead inc hosp,2021-02-24,quantile,0.85,118.97362336959078
25,2021-02-22,2 day ahead inc hosp,2021-02-24,quantile,0.9,123.36916607578199
25,2021-02-22,2 day ahead inc hosp,2021-02-24,quantile,0.95,130.33661039132272
25,2021-02-22,2 day ahead inc hosp,2021-02-24,quantile,0.975,136.9487133032788
25,2021-02-22,2 day ahead inc hosp,2021-02-24,quantile,0.99,147.7431357910383
25,2021-02-22,3 day ahead inc hosp,2021-02-25,quantile,0.01,61.92062431938794
25,2021-02-22,3 day ahead inc hosp,2021-02-25,quantile,0.025,64.77308177044813
25,2021-02-22,3 day ahead inc hosp,2021-02-25,quantile,0.05,69.2412947696315
25,2021-02-22,3 day ahead inc hosp,2021-02-25,quantile,0.1,75.12061947352302
25,2021-02-22,3 day ahead inc hosp,2021-02-25,quantile,0.15,78.91108586715701
25,2021-02-22,3 day ahead inc hosp,2021-02-25,quantile,0.2,80.96749909312429
25,2021-02-22,3 day ahead inc hosp,2021-02-25,quantile,0.25,83.24518138493517
25,2021-02-22,3 day ahead inc hosp,2021-02-25,quantile,0.3,85.46350974190221
25,2021-02-22,3 day ahead inc hosp,2021-02-25,quantile,0.35,87.70628382061909
25,2021-02-22,3 day ahead inc hosp,2021-02-25,quantile,0.4,89.98949674390609
25,2021-02-22,3 day ahead inc hosp,2021-02-25,quantile,0.45,92.1144139297461
25,2021-02-22,3 day ahead inc hosp,2021-02-25,quantile,0.5,94.36018947467245
25,2021-02-22,3 day ahead inc hosp,2021-02-25,quantile,0.55,96.13390292869421
25,2021-02-22,3 day ahead inc hosp,2021-02-25,quantile,0.6,99.03050123586799
25,2021-02-22,3 day ahead inc hosp,2021-02-25,quantile,0.65,101.33775513151049
25,2021-02-22,3 day ahead inc hosp,2021-02-25,quantile,0.7,103.77386019043651
25,2021-02-22,3 day ahead inc hosp,2021-02-25,quantile,0.75,106.06191496449408
25,2021-02-22,3 day ahead inc hosp,2021-02-25,quantile,0.8,108.86078021859277
25,2021-02-22,3 day ahead inc hosp,2021-02-25,quantile,0.85,113.49443176008224
25,2021-02-22,3 day ahead inc hosp,2021-02-25,quantile,0.9,118.55728328475371
25,2021-02-22,3 day ahead inc hosp,2021-02-25,quantile,0.95,125.13626441739156
25,2021-02-22,3 day ahead inc hosp,2021-02-25,quantile,0.975,130.64575717127823
25,2021-02-22,3 day ahead inc hosp,2021-02-25,quantile,0.99,139.6539423966054
25,2021-02-22,4 day ahead inc hosp,2021-02-26,quantile,0.01,58.03292177695188
25,2021-02-22,4 day ahead inc hosp,2021-02-26,quantile,0.025,60.81492632837242
25,2021-02-22,4 day ahead inc hosp,2021-02-26,quantile,0.05,65.62507523857423
25,2021-02-22,4 day ahead inc hosp,2021-02-26,quantile,0.1,69.9236747502211
25,2021-02-22,4 day ahead inc hosp,2021-02-26,quantile,0.15,74.20024087913626
25,2021-02-22,4 day ahead inc hosp,2021-02-26,quantile,0.2,77.16574089111562
25,2021-02-22,4 day ahead inc hosp,2021-02-26,quantile,0.25,79.29963303430634
25,2021-02-22,4 day ahead inc hosp,2021-02-26,quantile,0.3,81.95605307264552
25,2021-02-22,4 day ahead inc hosp,2021-02-26,quantile,0.35,84.11352799292413
25,2021-02-22,4 day ahead inc hosp,2021-02-26,quantile,0.4,86.01287693900457
25,2021-02-22,4 day ahead inc hosp,2021-02-26,quantile,0.45,87.71562494139084
25,2021-02-22,4 day ahead inc hosp,2021-02-26,quantile,0.5,90.09201885029003
25,2021-02-22,4 day ahead inc hosp,2021-02-26,quantile,0.55,92.37457081943944
25,2021-02-22,4 day ahead inc hosp,2021-02-26,quantile,0.6,94.81666269563482
25,2021-02-22,4 day ahead inc hosp,2021-02-26,quantile,0.65,97.35090067496469
25,2021-02-22,4 day ahead inc hosp,2021-02-26,quantile,0.7,99.83286041881446
25,2021-02-22,4 day ahead inc hosp,2021-02-26,quantile,0.75,102.84447516002027
25,2021-02-22,4 day ahead inc hosp,2021-02-26,quantile,0.8,106.29400159249154
25,2021-02-22,4 day ahead inc hosp,2021-02-26,quantile,0.85,110.68931820567535
25,2021-02-22,4 day ahead inc hosp,2021-02-26,quantile,0.9,115.48134441485718
25,2021-02-22,4 day ahead inc hosp,2021-02-26,quantile,0.95,122.4915816659863
25,2021-02-22,4 day ahead inc hosp,2021-02-26,quantile,0.975,128.8256787923852
25,2021-02-22,4 day ahead inc hosp,2021-02-26,quantile,0.99,142.42324708903155
25,2021-02-22,5 day ahead inc hosp,2021-02-27,quantile,0.01,53.67202824633583
25,2021-02-22,5 day ahead inc hosp,2021-02-27,quantile,0.025,58.79522101366829
25,2021-02-22,5 day ahead inc hosp,2021-02-27,quantile,0.05,62.88939999781568
25,2021-02-22,5 day ahead inc hosp,2021-02-27,quantile,0.1,68.70476219953994
25,2021-02-22,5 day ahead inc hosp,2021-02-27,quantile,0.15,72.17080642733761
25,2021-02-22,5 day ahead inc hosp,2021-02-27,quantile,0.2,74.83699159673087
25,2021-02-22,5 day ahead inc hosp,2021-02-27,quantile,0.25,77.38271494938986
25,2021-02-22,5 day ahead inc hosp,2021-02-27,quantile,0.3,80.05242023022544
25,2021-02-22,5 day ahead inc hosp,2021-02-27,quantile,0.35,81.87752352766405
25,2021-02-22,5 day ahead inc hosp,2021-02-27,quantile,0.4,84.233976690453
25,2021-02-22,5 day ahead inc hosp,2021-02-27,quantile,0.45,86.5172437414646
25,2021-02-22,5 day ahead inc hosp,2021-02-27,quantile,0.5,88.93347032563871
25,2021-02-22,5 day ahead inc hosp,2021-02-27,quantile,0.55,91.38095187927865
25,2021-02-22,5 day ahead inc hosp,2021-02-27,quantile,0.6,94.17849319744211
25,2021-02-22,5 day ahead inc hosp,2021-02-27,quantile,0.65,96.51611703886347
25,2021-02-22,5 day ahead inc hosp,2021-02-27,quantile,0.7,98.4356788190029
25,2021-02-22,5 day ahead inc hosp,2021-02-27,quantile,0.75,101.58630779235078
25,2021-02-22,5 day ahead inc hosp,2021-02-27,quantile,0.8,105.0182234352291
25,2021-02-22,5 day ahead inc hosp,2021-02-27,quantile,0.85,107.92518219184034
25,2021-02-22,5 day ahead inc hosp,2021-02-27,quantile,0.9,115.13687704910521
25,2021-02-22,5 day ahead inc hosp,2021-02-27,quantile,0.95,123.82099849662718
25,2021-02-22,5 day ahead inc hosp,2021-02-27,quantile,0.975,130.0434797162616
25,2021-02-22,5 day ahead inc hosp,2021-02-27,quantile,0.99,139.36547133285526
25,2021-02-22,6 day ahead inc hosp,2021-02-28,quantile,0.01,44.539214748768686
25,2021-02-22,6 day ahead inc hosp,2021-02-28,quantile,0.025,49.48353175248464
25,2021-02-22,6 day ahead inc hosp,2021-02-28,quantile,0.05,54.66752733267016
25,2021-02-22,6 day ahead inc hosp,2021-02-28,quantile,0.1,60.31592091154036
25,2021-02-22,6 day ahead inc hosp,2021-02-28,quantile,0.15,63.78587019381546
25,2021-02-22,6 day ahead inc hosp,2021-02-28,quantile,0.2,66.5216517281772
25,2021-02-22,6 day ahead inc hosp,2021-02-28,quantile,0.25,69.17974292639484
25,2021-02-22,6 day ahead inc hosp,2021-02-28,quantile,0.3,71.29239405329672
25,2021-02-22,6 day ahead inc hosp,2021-02-28,quantile,0.35,74.13715810611538
25,2021-02-22,6 day ahead inc hosp,2021-02-28,quantile,0.4,76.48385932662057
25,2021-02-22,6 day ahead inc hosp,2021-02-28,quantile,0.45,78.55855424481042
25,2021-02-22,6 day ahead inc hosp,2021-02-28,quantile,0.5,81.07715929565703
25,2021-02-22,6 day ahead inc hosp,2021-02-28,quantile,0.55,83.28165326045647
25,2021-02-22,6 day ahead inc hosp,2021-02-28,quantile,0.6,85.69248229448233
25,2021-02-22,6 day ahead inc hosp,2021-02-28,quantile,0.65,88.41312607672
25,2021-02-22,6 day ahead inc hosp,2021-02-28,quantile,0.7,90.44175784761057
25,2021-02-22,6 day ahead inc hosp,2021-02-28,quantile,0.75,93.54427773888439
25,2021-02-22,6 day ahead inc hosp,2021-02-28,quantile,0.8,96.64355663417723
25,2021-02-22,6 day ahead inc hosp,2021-02-28,quantile,0.85,99.92341541198674
25,2021-02-22,6 day ahead inc hosp,2021-02-28,quantile,0.9,105.42111020301213
25,2021-02-22,6 day ahead inc hosp,2021-02-28,quantile,0.95,116.04958482235122
25,2021-02-22,6 day ahead inc hosp,2021-02-28,quantile,0.975,122.1922517892602
25,2021-02-22,6 day ahead inc hosp,2021-02-28,quantile,0.99,134.3001526044098
25,2021-02-22,7 day ahead inc hosp,2021-03-01,quantile,0.01,39.227390038911615
25,2021-02-22,7 day ahead inc hosp,2021-03-01,quantile,0.025,45.449564881184614
25,2021-02-22,7 day ahead inc hosp,2021-03-01,quantile,0.05,50.04784209012172
25,2021-02-22,7 day ahead inc hosp,2021-03-01,quantile,0.1,56.960427520797474
25,2021-02-22,7 day ahead inc hosp,2021-03-01,quantile,0.15,61.280831705122
25,2021-02-22,7 day ahead inc hosp,2021-03-01,quantile,0.2,63.93617532033704
25,2021-02-22,7 day ahead inc hosp,2021-03-01,quantile,0.25,66.26608474984292
25,2021-02-22,7 day ahead inc hosp,2021-03-01,quantile,0.3,69.20585410923997
25,2021-02-22,7 day ahead inc hosp,2021-03-01,quantile,0.35,71.6155046885233
25,2021-02-22,7 day ahead inc hosp,2021-03-01,quantile,0.4,74.55379016913062
25,2021-02-22,7 day ahead inc hosp,2021-03-01,quantile,0.45,77.1200684225043
25,2021-02-22,7 day ahead inc hosp,2021-03-01,quantile,0.5,79.13937313726528
25,2021-02-22,7 day ahead inc hosp,2021-03-01,quantile,0.55,81.40473935873865
25,2021-02-22,7 day ahead inc hosp,2021-03-01,quantile,0.6,83.61057813455291
25,2021-02-22,7 day ahead inc hosp,2021-03-01,quantile,0.65,86.12460125696195
25,2021-02-22,7 day ahead inc hosp,2021-03-01,quantile,0.7,88.74495333298769
25,2021-02-22,7 day ahead inc hosp,2021-03-01,quantile,0.75,92.40549851825838
25,2021-02-22,7 day ahead inc hosp,2021-03-01,quantile,0.8,96.24337876925678
25,2021-02-22,7 day ahead inc hosp,2021-03-01,quantile,0.85,99.88727280649488
25,2021-02-22,7 day ahead inc hosp,2021-03-01,quantile,0.9,106.30628936923792
25,2021-02-22,7 day ahead inc hosp,2021-03-01,quantile,0.95,115.88387590127002
25,2021-02-22,7 day ahead inc hosp,2021-03-01,quantile,0.975,124.22826367099343
25,2021-02-22,7 day ahead inc hosp,2021-03-01,quantile,0.99,133.9522771377047
25,2021-02-22,8 day ahead inc hosp,2021-03-02,quantile,0.01,37.66723332221515
25,2021-02-22,8 day ahead inc hosp,2021-03-02,quantile,0.025,43.33958675468604
25,2021-02-22,8 day ahead inc hosp,2021-03-02,quantile,0.05,49.615369082266426
25,2021-02-22,8 day ahead inc hosp,2021-03-02,quantile,0.1,55.4207695947098
25,2021-02-22,8 day ahead inc hosp,2021-03-02,quantile,0.15,60.45518533329101
25,2021-02-22,8 day ahead inc hosp,2021-03-02,quantile,0.2,64.04062162853373
25,2021-02-22,8 day ahead inc hosp,2021-03-02,quantile,0.25,67.05326370396227
25,2021-02-22,8 day ahead inc hosp,2021-03-02,quantile,0.3,70.10285361834637
25,2021-02-22,8 day ahead inc hosp,2021-03-02,quantile,0.35,72.89146163668593
25,2021-02-22,8 day ahead inc hosp,2021-03-02,quantile,0.4,75.99428356760095
25,2021-02-22,8 day ahead inc hosp,2021-03-02,quantile,0.45,77.96934564084833
25,2021-02-22,8 day ahead inc hosp,2021-03-02,quantile,0.5,81.17691301773073
25,2021-02-22,8 day ahead inc hosp,2021-03-02,quantile,0.55,83.77101916196712
25,2021-02-22,8 day ahead inc hosp,2021-03-02,quantile,0.6,86.67005095686201
25,2021-02-22,8 day ahead inc hosp,2021-03-02,quantile,0.65,89.62181319751672
25,2021-02-22,8 day ahead inc hosp,2021-03-02,quantile,0.7,93.63841184696611
25,2021-02-22,8 day ahead inc hosp,2021-03-02,quantile,0.75,97.72793804389481
25,2021-02-22,8 day ahead inc hosp,2021-03-02,quantile,0.8,101.71311803625173
25,2021-02-22,8 day ahead inc hosp,2021-03-02,quantile,0.85,106.9615162532688
25,2021-02-22,8 day ahead inc hosp,2021-03-02,quantile,0.9,113.90189767893328
25,2021-02-22,8 day ahead inc hosp,2021-03-02,quantile,0.95,125.42659816612594
25,2021-02-22,8 day ahead inc hosp,2021-03-02,quantile,0.975,137.97118846084763
25,2021-02-22,8 day ahead inc hosp,2021-03-02,quantile,0.99,153.59824981142603
25,2021-02-22,9 day ahead inc hosp,2021-03-03,quantile,0.01,37.837152340601406
25,2021-02-22,9 day ahead inc hosp,2021-03-03,quantile,0.025,43.172096970997224
25,2021-02-22,9 day ahead inc hosp,2021-03-03,quantile,0.05,48.31861190224371
25,2021-02-22,9 day ahead inc hosp,2021-03-03,quantile,0.1,53.95370680091189
25,2021-02-22,9 day ahead inc hosp,2021-03-03,quantile,0.15,58.90179626997718
25,2021-02-22,9 day ahead inc hosp,2021-03-03,quantile,0.2,63.83137871104585
25,2021-02-22,9 day ahead inc hosp,2021-03-03,quantile,0.25,67.76387690134288
25,2021-02-22,9 day ahead inc hosp,2021-03-03,quantile,0.3,71.25422053468071
25,2021-02-22,9 day ahead inc hosp,2021-03-03,quantile,0.35,74.39587637588494
25,2021-02-22,9 day ahead inc hosp,2021-03-03,quantile,0.4,77.71257864763585
25,2021-02-22,9 day ahead inc hosp,2021-03-03,quantile,0.45,80.01056951682793
25,2021-02-22,9 day ahead inc hosp,2021-03-03,quantile,0.5,83.68001651726529
25,2021-02-22,9 day ahead inc hosp,2021-03-03,quantile,0.55,86.55513329545448
25,2021-02-22,9 day ahead inc hosp,2021-03-03,quantile,0.6,89.87658912211187
25,2021-02-22,9 day ahead inc hosp,2021-03-03,quantile,0.65,92.93293241899865
25,2021-02-22,9 day ahead inc hosp,2021-03-03,quantile,0.7,96.7116779570619
25,2021-02-22,9 day ahead inc hosp,2021-03-03,quantile,0.75,99.93396048530371
25,2021-02-22,9 day ahead inc hosp,2021-03-03,quantile,0.8,104.7240325991572
25,2021-02-22,9 day ahead inc hosp,2021-03-03,quantile,0.85,109.62288945389703
25,2021-02-22,9 day ahead inc hosp,2021-03-03,quantile,0.9,118.59620928944459
25,2021-02-22,9 day ahead inc hosp,2021-03-03,quantile,0.95,129.3360793910449
25,2021-02-22,9 day ahead inc hosp,2021-03-03,quantile,0.975,140.44808701044366
25,2021-02-22,9 day ahead inc hosp,2021-03-03,quantile,0.99,155.51926661270645
25,2021-02-22,10 day ahead inc hosp,2021-03-04,quantile,0.01,34.88311738343514
25,2021-02-22,10 day ahead inc hosp,2021-03-04,quantile,0.025,41.17771418982388
25,2021-02-22,10 day ahead inc hosp,2021-03-04,quantile,0.05,45.6539604191921
25,2021-02-22,10 day ahead inc hosp,2021-03-04,quantile,0.1,51.33408229753479
25,2021-02-22,10 day ahead inc hosp,2021-03-04,quantile,0.15,56.12382054134163
25,2021-02-22,10 day ahead inc hosp,2021-03-04,quantile,0.2,59.96375339880915
25,2021-02-22,10 day ahead inc hosp,2021-03-04,quantile,0.25,63.28223006444992
25,2021-02-22,10 day ahead inc hosp,2021-03-04,quantile,0.3,67.02336312182658
25,2021-02-22,10 day ahead inc hosp,2021-03-04,quantile,0.35,70.06638983589755
25,2021-02-22,10 day ahead inc hosp,2021-03-04,quantile,0.4,73.47139474837053
25,2021-02-22,10 day ahead inc hosp,2021-03-04,quantile,0.45,75.8766095646036
25,2021-02-22,10 day ahead inc hosp,2021-03-04,quantile,0.5,79.08657625091959
25,2021-02-22,10 day ahead inc hosp,2021-03-04,quantile,0.55,82.5048063733364
25,2021-02-22,10 day ahead inc hosp,2021-03-04,quantile,0.6,85.8143845447813
25,2021-02-22,10 day ahead inc hosp,2021-03-04,quantile,0.65,89.78671925006157
25,2021-02-22,10 day ahead inc hosp,2021-03-04,quantile,0.7,93.8980680634418
25,2021-02-22,10 day ahead inc hosp,2021-03-04,quantile,0.75,97.27744956954946
25,2021-02-22,10 day ahead inc hosp,2021-03-04,quantile,0.8,102.53607702010314
25,2021-02-22,10 day ahead inc hosp,2021-03-04,quantile,0.85,108.1678216006899
25,2021-02-22,10 day ahead inc hosp,2021-03-04,quantile,0.9,116.11910839186102
25,2021-02-22,10 day ahead inc hosp,2021-03-04,quantile,0.95,127.92529923664077
25,2021-02-22,10 day ahead inc hosp,2021-03-04,quantile,0.975,138.6024050309328
25,2021-02-22,10 day ahead inc hosp,2021-03-04,quantile,0.99,149.44880644405413
25,2021-02-22,11 day ahead inc hosp,2021-03-05,quantile,0.01,32.87599777926426
25,2021-02-22,11 day ahead inc hosp,2021-03-05,quantile,0.025,37.1680474214768
25,2021-02-22,11 day ahead inc hosp,2021-03-05,quantile,0.05,43.11479865532848
25,2021-02-22,11 day ahead inc hosp,2021-03-05,quantile,0.1,48.017633797341524
25,2021-02-22,11 day ahead inc hosp,2021-03-05,quantile,0.15,51.95382637722542
25,2021-02-22,11 day ahead inc hosp,2021-03-05,quantile,0.2,56.53879756099845
25,2021-02-22,11 day ahead inc hosp,2021-03-05,quantile,0.25,59.34113157192041
25,2021-02-22,11 day ahead inc hosp,2021-03-05,quantile,0.3,63.63513405624683
25,2021-02-22,11 day ahead inc hosp,2021-03-05,quantile,0.35,67.38668983125
25,2021-02-22,11 day ahead inc hosp,2021-03-05,quantile,0.4,70.19230958604608
25,2021-02-22,11 day ahead inc hosp,2021-03-05,quantile,0.45,72.90095816639804
25,2021-02-22,11 day ahead inc hosp,2021-03-05,quantile,0.5,76.85964198279898
25,2021-02-22,11 day ahead inc hosp,2021-03-05,quantile,0.55,79.34959789913734
25,2021-02-22,11 day ahead inc hosp,2021-03-05,quantile,0.6,82.80233601234087
25,2021-02-22,11 day ahead inc hosp,2021-03-05,quantile,0.65,86.23560720634168
25,2021-02-22,11 day ahead inc hosp,2021-03-05,quantile,0.7,89.111416677404
25,2021-02-22,11 day ahead inc hosp,2021-03-05,quantile,0.75,93.38683622877025
25,2021-02-22,11 day ahead inc hosp,2021-03-05,quantile,0.8,97.87730741902902
25,2021-02-22,11 day ahead inc hosp,2021-03-05,quantile,0.85,104.200597811525
25,2021-02-22,11 day ahead inc hosp,2021-03-05,quantile,0.9,111.65405164295932
25,2021-02-22,11 day ahead inc hosp,2021-03-05,quantile,0.95,125.86439583427652
25,2021-02-22,11 day ahead inc hosp,2021-03-05,quantile,0.975,138.79701847185873
25,2021-02-22,11 day ahead inc hosp,2021-03-05,quantile,0.99,148.5745114994206
25,2021-02-22,12 day ahead inc hosp,2021-03-06,quantile,0.01,27.239128570149436
25,2021-02-22,12 day ahead inc hosp,2021-03-06,quantile,0.025,30.39897913210629
25,2021-02-22,12 day ahead inc hosp,2021-03-06,quantile,0.05,37.7739386367748
25,2021-02-22,12 day ahead inc hosp,2021-03-06,quantile,0.1,44.61391781729049
25,2021-02-22,12 day ahead inc hosp,2021-03-06,quantile,0.15,48.109597887346276
25,2021-02-22,12 day ahead inc hosp,2021-03-06,quantile,0.2,51.956925035256816
25,2021-02-22,12 day ahead inc hosp,2021-03-06,quantile,0.25,55.638567343325896
25,2021-02-22,12 day ahead inc hosp,2021-03-06,quantile,0.3,58.94967087739464
25,2021-02-22,12 day ahead inc hosp,2021-03-06,quantile,0.35,62.41032888915663
25,2021-02-22,12 day ahead inc hosp,2021-03-06,quantile,0.4,65.576091208944
25,2021-02-22,12 day ahead inc hosp,2021-03-06,quantile,0.45,69.20045623888915
25,2021-02-22,12 day ahead inc hosp,2021-03-06,quantile,0.5,72.9585020143656
25,2021-02-22,12 day ahead inc hosp,2021-03-06,quantile,0.55,76.3558000571018
25,2021-02-22,12 day ahead inc hosp,2021-03-06,quantile,0.6,79.92733668000703
25,2021-02-22,12 day ahead inc hosp,2021-03-06,quantile,0.65,83.38205909442524
25,2021-02-22,12 day ahead inc hosp,2021-03-06,quantile,0.7,86.65929690383423
25,2021-02-22,12 day ahead inc hosp,2021-03-06,quantile,0.75,90.86443823918752
25,2021-02-22,12 day ahead inc hosp,2021-03-06,quantile,0.8,95.88544314848104
25,2021-02-22,12 day ahead inc hosp,2021-03-06,quantile,0.85,102.97073499444797
25,2021-02-22,12 day ahead inc hosp,2021-03-06,quantile,0.9,113.25090928234171
25,2021-02-22,12 day ahead inc hosp,2021-03-06,quantile,0.95,125.79299398513116
25,2021-02-22,12 day ahead inc hosp,2021-03-06,quantile,0.975,136.79659063658542
25,2021-02-22,12 day ahead inc hosp,2021-03-06,quantile,0.99,152.49998017717203
25,2021-02-22,13 day ahead inc hosp,2021-03-07,quantile,0.01,25.017444071031278
25,2021-02-22,13 day ahead inc hosp,2021-03-07,quantile,0.025,29.868721083378432
25,2021-02-22,13 day ahead inc hosp,2021-03-07,quantile,0.05,33.48762017914611
25,2021-02-22,13 day ahead inc hosp,2021-03-07,quantile,0.1,40.02360105131736
25,2021-02-22,13 day ahead inc hosp,2021-03-07,quantile,0.15,44.76384101402437
25,2021-02-22,13 day ahead inc hosp,2021-03-07,quantile,0.2,48.82574515926218
25,2021-02-22,13 day ahead inc hosp,2021-03-07,quantile,0.25,52.33489934685874
25,2021-02-22,13 day ahead inc hosp,2021-03-07,quantile,0.3,55.527886085721654
25,2021-02-22,13 day ahead inc hosp,2021-03-07,quantile,0.35,58.670138205536354
25,2021-02-22,13 day ahead inc hosp,2021-03-07,quantile,0.4,62.113215127848655
25,2021-02-22,13 day ahead inc hosp,2021-03-07,quantile,0.45,64.9481552009464
25,2021-02-22,13 day ahead inc hosp,2021-03-07,quantile,0.5,67.58484101090544
25,2021-02-22,13 day ahead inc hosp,2021-03-07,quantile,0.55,71.11567400424906
25,2021-02-22,13 day ahead inc hosp,2021-03-07,quantile,0.6,75.0140820655921
25,2021-02-22,13 day ahead inc hosp,2021-03-07,quantile,0.65,79.9360033906538
25,2021-02-22,13 day ahead inc hosp,2021-03-07,quantile,0.7,82.8371290824119
25,2021-02-22,13 day ahead inc hosp,2021-03-07,quantile,0.75,88.14522248124327
25,2021-02-22,13 day ahead inc hosp,2021-03-07,quantile,0.8,93.35130611377258
25,2021-02-22,13 day ahead inc hosp,2021-03-07,quantile,0.85,99.92609945108264
25,2021-02-22,13 day ahead inc hosp,2021-03-07,quantile,0.9,108.313736930511
25,2021-02-22,13 day ahead inc hosp,2021-03-07,quantile,0.95,122.46612427601198
25,2021-02-22,13 day ahead inc hosp,2021-03-07,quantile,0.975,130.97238609532852
25,2021-02-22,13 day ahead inc hosp,2021-03-07,quantile,0.99,148.3258837366776
25,2021-02-22,14 day ahead inc hosp,2021-03-08,quantile,0.01,24.040052768466747
25,2021-02-22,14 day ahead inc hosp,2021-03-08,quantile,0.025,28.949497173837614
25,2021-02-22,14 day ahead inc hosp,2021-03-08,quantile,0.05,33.99894252113753
25,2021-02-22,14 day ahead inc hosp,2021-03-08,quantile,0.1,40.29223693051063
25,2021-02-22,14 day ahead inc hosp,2021-03-08,quantile,0.15,45.77260731774524
25,2021-02-22,14 day ahead inc hosp,2021-03-08,quantile,0.2,49.90245210453147
25,2021-02-22,14 day ahead inc hosp,2021-03-08,quantile,0.25,53.518635854263714
25,2021-02-22,14 day ahead inc hosp,2021-03-08,quantile,0.3,57.31647525824316
25,2021-02-22,14 day ahead inc hosp,2021-03-08,quantile,0.35,60.391747155289785
25,2021-02-22,14 day ahead inc hosp,2021-03-08,quantile,0.4,63.03770348292898
25,2021-02-22,14 day ahead inc hosp,2021-03-08,quantile,0.45,66.92973901180244
25,2021-02-22,14 day ahead inc hosp,2021-03-08,quantile,0.5,70.38158150115775
25,2021-02-22,14 day ahead inc hosp,2021-03-08,quantile,0.55,74.04692737738556
25,2021-02-22,14 day ahead inc hosp,2021-03-08,quantile,0.6,77.60204875463
25,2021-02-22,14 day ahead inc hosp,2021-03-08,quantile,0.65,82.11738673019077
25,2021-02-22,14 day ahead inc hosp,2021-03-08,quantile,0.7,86.43379290721782
25,2021-02-22,14 day ahead inc hosp,2021-03-08,quantile,0.75,90.7919348908718
25,2021-02-22,14 day ahead inc hosp,2021-03-08,quantile,0.8,96.51558550902963
25,2021-02-22,14 day ahead inc hosp,2021-03-08,quantile,0.85,104.19404922221189
25,2021-02-22,14 day ahead inc hosp,2021-03-08,quantile,0.9,114.79053871966407
25,2021-02-22,14 day ahead inc hosp,2021-03-08,quantile,0.95,132.1595788043803
25,2021-02-22,14 day ahead inc hosp,2021-03-08,quantile,0.975,142.06777118733518
25,2021-02-22,14 day ahead inc hosp,2021-03-08,quantile,0.99,155.32712994555126
25,2021-02-22,15 day ahead inc hosp,2021-03-09,quantile,0.01,22.263231759130996
25,2021-02-22,15 day ahead inc hosp,2021-03-09,quantile,0.025,26.54925391845047
25,2021-02-22,15 day ahead inc hosp,2021-03-09,quantile,0.05,32.013884586807464
25,2021-02-22,15 day ahead inc hosp,2021-03-09,quantile,0.1,38.62562579557035
25,2021-02-22,15 day ahead inc hosp,2021-03-09,quantile,0.15,44.27731437963793
25,2021-02-22,15 day ahead inc hosp,2021-03-09,quantile,0.2,48.590336616010745
25,2021-02-22,15 day ahead inc hosp,2021-03-09,quantile,0.25,52.23896848307258
25,2021-02-22,15 day ahead inc hosp,2021-03-09,quantile,0.3,55.98055431957993
25,2021-02-22,15 day ahead inc hosp,2021-03-09,quantile,0.35,59.21581721799857
25,2021-02-22,15 day ahead inc hosp,2021-03-09,quantile,0.4,63.27139403679771
25,2021-02-22,15 day ahead inc hosp,2021-03-09,quantile,0.45,66.80715278823601
25,2021-02-22,15 day ahead inc hosp,2021-03-09,quantile,0.5,70.72060852120727
25,2021-02-22,15 day ahead inc hosp,2021-03-09,quantile,0.55,74.89928330858456
25,2021-02-22,15 day ahead inc hosp,2021-03-09,quantile,0.6,79.18343967410547
25,2021-02-22,15 day ahead inc hosp,2021-03-09,quantile,0.65,83.88510184209456
25,2021-02-22,15 day ahead inc hosp,2021-03-09,quantile,0.7,89.42965663102898
25,2021-02-22,15 day ahead inc hosp,2021-03-09,quantile,0.75,94.09807248978697
25,2021-02-22,15 day ahead inc hosp,2021-03-09,quantile,0.8,99.41244811602523
25,2021-02-22,15 day ahead inc hosp,2021-03-09,quantile,0.85,106.08877783750671
25,2021-02-22,15 day ahead inc hosp,2021-03-09,quantile,0.9,116.58947002228743
25,2021-02-22,15 day ahead inc hosp,2021-03-09,quantile,0.95,130.29754281312594
25,2021-02-22,15 day ahead inc hosp,2021-03-09,quantile,0.975,144.38043909974726
25,2021-02-22,15 day ahead inc hosp,2021-03-09,quantile,0.99,168.21745398520767
25,2021-02-22,16 day ahead inc hosp,2021-03-10,quantile,0.01,18.171159310518004
25,2021-02-22,16 day ahead inc hosp,2021-03-10,quantile,0.025,24.458865401856713
25,2021-02-22,16 day ahead inc hosp,2021-03-10,quantile,0.05,28.482295855004143
25,2021-02-22,16 day ahead inc hosp,2021-03-10,quantile,0.1,37.54357548301935
25,2021-02-22,16 day ahead inc hosp,2021-03-10,quantile,0.15,43.12176469519987
25,2021-02-22,16 day ahead inc hosp,2021-03-10,quantile,0.2,47.15958772325929
25,2021-02-22,16 day ahead inc hosp,2021-03-10,quantile,0.25,51.08616332298755
25,2021-02-22,16 day ahead inc hosp,2021-03-10,quantile,0.3,55.53535514793288
25,2021-02-22,16 day ahead inc hosp,2021-03-10,quantile,0.35,59.99000035008
25,2021-02-22,16 day ahead inc hosp,2021-03-10,quantile,0.4,64.13144492656347
25,2021-02-22,16 day ahead inc hosp,2021-03-10,quantile,0.45,68.41807584825119
25,2021-02-22,16 day ahead inc hosp,2021-03-10,quantile,0.5,72.4546368513563
25,2021-02-22,16 day ahead inc hosp,2021-03-10,quantile,0.55,76.62320937515571
25,2021-02-22,16 day ahead inc hosp,2021-03-10,quantile,0.6,80.66287809855791
25,2021-02-22,16 day ahead inc hosp,2021-03-10,quantile,0.65,86.65530028104595
25,2021-02-22,16 day ahead inc hosp,2021-03-10,quantile,0.7,91.28042237676529
25,2021-02-22,16 day ahead inc hosp,2021-03-10,quantile,0.75,96.87819112925848
25,2021-02-22,16 day ahead inc hosp,2021-03-10,quantile,0.8,102.74010186891411
25,2021-02-22,16 day ahead inc hosp,2021-03-10,quantile,0.85,110.35192056274434
25,2021-02-22,16 day ahead inc hosp,2021-03-10,quantile,0.9,120.95510878634428
25,2021-02-22,16 day ahead inc hosp,2021-03-10,quantile,0.95,139.43225968343168
25,2021-02-22,16 day ahead inc hosp,2021-03-10,quantile,0.975,158.861112831661
25,2021-02-22,16 day ahead inc hosp,2021-03-10,quantile,0.99,175.5200572362737
25,2021-02-22,17 day ahead inc hosp,2021-03-11,quantile,0.01,15.343068478950824
25,2021-02-22,17 day ahead inc hosp,2021-03-11,quantile,0.025,20.21833830007625
25,2021-02-22,17 day ahead inc hosp,2021-03-11,quantile,0.05,25.404857016723117
25,2021-02-22,17 day ahead inc hosp,2021-03-11,quantile,0.1,33.46982409132412
25,2021-02-22,17 day ahead inc hosp,2021-03-11,quantile,0.15,37.95420374946205
25,2021-02-22,17 day ahead inc hosp,2021-03-11,quantile,0.2,41.80224615077625
25,2021-02-22,17 day ahead inc hosp,2021-03-11,quantile,0.25,46.085503673786384
25,2021-02-22,17 day ahead inc hosp,2021-03-11,quantile,0.3,50.706667454672846
25,2021-02-22,17 day ahead inc hosp,2021-03-11,quantile,0.35,55.128357067677626
25,2021-02-22,17 day ahead inc hosp,2021-03-11,quantile,0.4,59.58161375903722
25,2021-02-22,17 day ahead inc hosp,2021-03-11,quantile,0.45,62.92771376762561
25,2021-02-22,17 day ahead inc hosp,2021-03-11,quantile,0.5,66.65222032655132
25,2021-02-22,17 day ahead inc hosp,2021-03-11,quantile,0.55,71.2547000063919
25,2021-02-22,17 day ahead inc hosp,2021-03-11,quantile,0.6,76.68360266757549
25,2021-02-22,17 day ahead inc hosp,2021-03-11,quantile,0.65,80.15548186773214
25,2021-02-22,17 day ahead inc hosp,2021-03-11,quantile,0.7,85.8188051360171
25,2021-02-22,17 day ahead inc hosp,2021-03-11,quantile,0.75,91.54622855710858
25,2021-02-22,17 day ahead inc hosp,2021-03-11,quantile,0.8,100.16992573223051
25,2021-02-22,17 day ahead inc hosp,2021-03-11,quantile,0.85,109.12943444591043
25,2021-02-22,17 day ahead inc hosp,2021-03-11,quantile,0.9,118.75376912166865
25,2021-02-22,17 day ahead inc hosp,2021-03-11,quantile,0.95,136.61121107810135
25,2021-02-22,17 day ahead inc hosp,2021-03-11,quantile,0.975,157.17344856422804
25,2021-02-22,17 day ahead inc hosp,2021-03-11,quantile,0.99,176.0596666448803
25,2021-02-22,18 day ahead inc hosp,2021-03-12,quantile,0.01,13.741027170346353
25,2021-02-22,18 day ahead inc hosp,2021-03-12,quantile,0.025,18.046581081116937
25,2021-02-22,18 day ahead inc hosp,2021-03-12,quantile,0.05,22.426293862411
25,2021-02-22,18 day ahead inc hosp,2021-03-12,quantile,0.1,29.24175893307225
25,2021-02-22,18 day ahead inc hosp,2021-03-12,quantile,0.15,35.23745435615721
25,2021-02-22,18 day ahead inc hosp,2021-03-12,quantile,0.2,39.74613630979858
25,2021-02-22,18 day ahead inc hosp,2021-03-12,quantile,0.25,43.655570530662274
25,2021-02-22,18 day ahead inc hosp,2021-03-12,quantile,0.3,48.62163135139248
25,2021-02-22,18 day ahead inc hosp,2021-03-12,quantile,0.35,53.0396629229251
25,2021-02-22,18 day ahead inc hosp,2021-03-12,quantile,0.4,57.83625055104188
25,2021-02-22,18 day ahead inc hosp,2021-03-12,quantile,0.45,61.97158369992403
25,2021-02-22,18 day ahead inc hosp,2021-03-12,quantile,0.5,65.70607343523265
25,2021-02-22,18 day ahead inc hosp,2021-03-12,quantile,0.55,69.81327357810845
25,2021-02-22,18 day ahead inc hosp,2021-03-12,quantile,0.6,73.69570275277277
25,2021-02-22,18 day ahead inc hosp,2021-03-12,quantile,0.65,78.93673369563635
25,2021-02-22,18 day ahead inc hosp,2021-03-12,quantile,0.7,86.0895228466352
25,2021-02-22,18 day ahead inc hosp,2021-03-12,quantile,0.75,91.94524350676308
25,2021-02-22,18 day ahead inc hosp,2021-03-12,quantile,0.8,99.7513685599456
25,2021-02-22,18 day ahead inc hosp,2021-03-12,quantile,0.85,106.77468959221585
25,2021-02-22,18 day ahead inc hosp,2021-03-12,quantile,0.9,119.39538542374221
25,2021-02-22,18 day ahead inc hosp,2021-03-12,quantile,0.95,133.62907958157402
25,2021-02-22,18 day ahead inc hosp,2021-03-12,quantile,0.975,157.84583165383194
25,2021-02-22,18 day ahead inc hosp,2021-03-12,quantile,0.99,185.2361881012535
25,2021-02-22,19 day ahead inc hosp,2021-03-13,quantile,0.01,10.877225304750407
25,2021-02-22,19 day ahead inc hosp,2021-03-13,quantile,0.025,15.257893591453719
25,2021-02-22,19 day ahead inc hosp,2021-03-13,quantile,0.05,20.298514437165146
25,2021-02-22,19 day ahead inc hosp,2021-03-13,quantile,0.1,28.757592668642427
25,2021-02-22,19 day ahead inc hosp,2021-03-13,quantile,0.15,34.389100360374634
25,2021-02-22,19 day ahead inc hosp,2021-03-13,quantile,0.2,38.7257046575184
25,2021-02-22,19 day ahead inc hosp,2021-03-13,quantile,0.25,42.5895867874829
25,2021-02-22,19 day ahead inc hosp,2021-03-13,quantile,0.3,46.52171717362868
25,2021-02-22,19 day ahead inc hosp,2021-03-13,quantile,0.35,51.306265797358726
25,2021-02-22,19 day ahead inc hosp,2021-03-13,quantile,0.4,56.13947996490528
25,2021-02-22,19 day ahead inc hosp,2021-03-13,quantile,0.45,60.21165817080343
25,2021-02-22,19 day ahead inc hosp,2021-03-13,quantile,0.5,64.2810189540986
25,2021-02-22,19 day ahead inc hosp,2021-03-13,quantile,0.55,70.10158401924436
25,2021-02-22,19 day ahead inc hosp,2021-03-13,quantile,0.6,74.63250830562112
25,2021-02-22,19 day ahead inc hosp,2021-03-13,quantile,0.65,79.84473557762006
25,2021-02-22,19 day ahead inc hosp,2021-03-13,quantile,0.7,85.53650501087691
25,2021-02-22,19 day ahead inc hosp,2021-03-13,quantile,0.75,91.40243051014689
25,2021-02-22,19 day ahead inc hosp,2021-03-13,quantile,0.8,97.61242373188949
25,2021-02-22,19 day ahead inc hosp,2021-03-13,quantile,0.85,106.80797389642615
25,2021-02-22,19 day ahead inc hosp,2021-03-13,quantile,0.9,120.76206693330926
25,2021-02-22,19 day ahead inc hosp,2021-03-13,quantile,0.95,145.03823351514995
25,2021-02-22,19 day ahead inc hosp,2021-03-13,quantile,0.975,170.51135406557626
25,2021-02-22,19 day ahead inc hosp,2021-03-13,quantile,0.99,196.30315375093232
25,2021-02-22,20 day ahead inc hosp,2021-03-14,quantile,0.01,8.176748723653049
25,2021-02-22,20 day ahead inc hosp,2021-03-14,quantile,0.025,13.197870506560147
25,2021-02-22,20 day ahead inc hosp,2021-03-14,quantile,0.05,17.812625276584622
25,2021-02-22,20 day ahead inc hosp,2021-03-14,quantile,0.1,25.508146098314153
25,2021-02-22,20 day ahead inc hosp,2021-03-14,quantile,0.15,32.58852244603874
25,2021-02-22,20 day ahead inc hosp,2021-03-14,quantile,0.2,36.988072047315505
25,2021-02-22,20 day ahead inc hosp,2021-03-14,quantile,0.25,41.112178903090744
25,2021-02-22,20 day ahead inc hosp,2021-03-14,quantile,0.3,45.148824005170965
25,2021-02-22,20 day ahead inc hosp,2021-03-14,quantile,0.35,48.17483447300859
25,2021-02-22,20 day ahead inc hosp,2021-03-14,quantile,0.4,53.38293286798727
25,2021-02-22,20 day ahead inc hosp,2021-03-14,quantile,0.45,56.36690515108608
25,2021-02-22,20 day ahead inc hosp,2021-03-14,quantile,0.5,61.47599072822036
25,2021-02-22,20 day ahead inc hosp,2021-03-14,quantile,0.55,66.46614244570779
25,2021-02-22,20 day ahead inc hosp,2021-03-14,quantile,0.6,71.76470679823916
25,2021-02-22,20 day ahead inc hosp,2021-03-14,quantile,0.65,76.23739881198603
25,2021-02-22,20 day ahead inc hosp,2021-03-14,quantile,0.7,83.08091945269634
25,2021-02-22,20 day ahead inc hosp,2021-03-14,quantile,0.75,88.5330113092365
25,2021-02-22,20 day ahead inc hosp,2021-03-14,quantile,0.8,98.72051360865193
25,2021-02-22,20 day ahead inc hosp,2021-03-14,quantile,0.85,106.66712484622936
25,2021-02-22,20 day ahead inc hosp,2021-03-14,quantile,0.9,119.13610018656162
25,2021-02-22,20 day ahead inc hosp,2021-03-14,quantile,0.95,143.84510161226018
25,2021-02-22,20 day ahead inc hosp,2021-03-14,quantile,0.975,170.35292736428593
25,2021-02-22,20 day ahead inc hosp,2021-03-14,quantile,0.99,196.94486364729758
25,2021-02-22,21 day ahead inc hosp,2021-03-15,quantile,0.01,7.59563350147574
25,2021-02-22,21 day ahead inc hosp,2021-03-15,quantile,0.025,11.872028002558768
25,2021-02-22,21 day ahead inc hosp,2021-03-15,quantile,0.05,16.417195108661243
25,2021-02-22,21 day ahead inc hosp,2021-03-15,quantile,0.1,25.544138305096602
25,2021-02-22,21 day ahead inc hosp,2021-03-15,quantile,0.15,30.213426446344506
25,2021-02-22,21 day ahead inc hosp,2021-03-15,quantile,0.2,35.52045371688503
25,2021-02-22,21 day ahead inc hosp,2021-03-15,quantile,0.25,39.94743450163394
25,2021-02-22,21 day ahead inc hosp,2021-03-15,quantile,0.3,45.06902654594913
25,2021-02-22,21 day ahead inc hosp,2021-03-15,quantile,0.35,48.211254279870886
25,2021-02-22,21 day ahead inc hosp,2021-03-15,quantile,0.4,52.165308303936136
25,2021-02-22,21 day ahead inc hosp,2021-03-15,quantile,0.45,57.21286905788632
25,2021-02-22,21 day ahead inc hosp,2021-03-15,quantile,0.5,62.6671106131699
25,2021-02-22,21 day ahead inc hosp,2021-03-15,quantile,0.55,67.61513950609397
25,2021-02-22,21 day ahead inc hosp,2021-03-15,quantile,0.6,72.95926146473275
25,2021-02-22,21 day ahead inc hosp,2021-03-15,quantile,0.65,77.35343811655729
25,2021-02-22,21 day ahead inc hosp,2021-03-15,quantile,0.7,81.64003295800903
25,2021-02-22,21 day ahead inc hosp,2021-03-15,quantile,0.75,88.6273706592132
25,2021-02-22,21 day ahead inc hosp,2021-03-15,quantile,0.8,98.40922210784511
25,2021-02-22,21 day ahead inc hosp,2021-03-15,quantile,0.85,108.21277195258688
25,2021-02-22,21 day ahead inc hosp,2021-03-15,quantile,0.9,122.9711894734261
25,2021-02-22,21 day ahead inc hosp,2021-03-15,quantile,0.95,145.8677029346012
25,2021-02-22,21 day ahead inc hosp,2021-03-15,quantile,0.975,166.66078032464554
25,2021-02-22,21 day ahead inc hosp,2021-03-15,quantile,0.99,196.72608465937773
25,2021-02-22,22 day ahead inc hosp,2021-03-16,quantile,0.01,6.482681143120242
25,2021-02-22,22 day ahead inc hosp,2021-03-16,quantile,0.025,10.953518565279493
25,2021-02-22,22 day ahead inc hosp,2021-03-16,quantile,0.05,14.764632871816534
25,2021-02-22,22 day ahead inc hosp,2021-03-16,quantile,0.1,23.180210181068574
25,2021-02-22,22 day ahead inc hosp,2021-03-16,quantile,0.15,28.49257897973767
25,2021-02-22,22 day ahead inc hosp,2021-03-16,quantile,0.2,33.24364895794584
25,2021-02-22,22 day ahead inc hosp,2021-03-16,quantile,0.25,37.24738573085441
25,2021-02-22,22 day ahead inc hosp,2021-03-16,quantile,0.3,41.5609351917986
25,2021-02-22,22 day ahead inc hosp,2021-03-16,quantile,0.35,47.189947582022306
25,2021-02-22,22 day ahead inc hosp,2021-03-16,quantile,0.4,51.967438251537445
25,2021-02-22,22 day ahead inc hosp,2021-03-16,quantile,0.45,57.48739018961991
25,2021-02-22,22 day ahead inc hosp,2021-03-16,quantile,0.5,62.089128448541565
25,2021-02-22,22 day ahead inc hosp,2021-03-16,quantile,0.55,67.78190929751402
25,2021-02-22,22 day ahead inc hosp,2021-03-16,quantile,0.6,72.79463528557824
25,2021-02-22,22 day ahead inc hosp,2021-03-16,quantile,0.65,78.69613167303545
25,2021-02-22,22 day ahead inc hosp,2021-03-16,quantile,0.7,83.27651080090826
25,2021-02-22,22 day ahead inc hosp,2021-03-16,quantile,0.75,90.27124809195016
25,2021-02-22,22 day ahead inc hosp,2021-03-16,quantile,0.8,101.44714130275656
25,2021-02-22,22 day ahead inc hosp,2021-03-16,quantile,0.85,113.99049621847834
25,2021-02-22,22 day ahead inc hosp,2021-03-16,quantile,0.9,131.43287454168174
25,2021-02-22,22 day ahead inc hosp,2021-03-16,quantile,0.95,152.20292537302063
25,2021-02-22,22 day ahead inc hosp,2021-03-16,quantile,0.975,181.85164078907468
25,2021-02-22,22 day ahead inc hosp,2021-03-16,quantile,0.99,208.92849849674172
25,2021-02-22,23 day ahead inc hosp,2021-03-17,quantile,0.01,5.907546620544309
25,2021-02-22,23 day ahead inc hosp,2021-03-17,quantile,0.025,9.820614142925459
25,2021-02-22,23 day ahead inc hosp,2021-03-17,quantile,0.05,14.490292034782923
25,2021-02-22,23 day ahead inc hosp,2021-03-17,quantile,0.1,20.884905218630266
25,2021-02-22,23 day ahead inc hosp,2021-03-17,quantile,0.15,27.88182345855722
25,2021-02-22,23 day ahead inc hosp,2021-03-17,quantile,0.2,33.01526589615025
25,2021-02-22,23 day ahead inc hosp,2021-03-17,quantile,0.25,36.52694896258083
25,2021-02-22,23 day ahead inc hosp,2021-03-17,quantile,0.3,41.40455123303338
25,2021-02-22,23 day ahead inc hosp,2021-03-17,quantile,0.35,46.34408239823213
25,2021-02-22,23 day ahead inc hosp,2021-03-17,quantile,0.4,50.774407652156974
25,2021-02-22,23 day ahead inc hosp,2021-03-17,quantile,0.45,56.23448256960239
25,2021-02-22,23 day ahead inc hosp,2021-03-17,quantile,0.5,62.327571138051404
25,2021-02-22,23 day ahead inc hosp,2021-03-17,quantile,0.55,67.26188259979905
25,2021-02-22,23 day ahead inc hosp,2021-03-17,quantile,0.6,72.70376902304811
25,2021-02-22,23 day ahead inc hosp,2021-03-17,quantile,0.65,79.28354542348927
25,2021-02-22,23 day ahead inc hosp,2021-03-17,quantile,0.7,87.3885787714022
25,2021-02-22,23 day ahead inc hosp,2021-03-17,quantile,0.75,95.27287936601766
25,2021-02-22,23 day ahead inc hosp,2021-03-17,quantile,0.8,105.88045169550848
25,2021-02-22,23 day ahead inc hosp,2021-03-17,quantile,0.85,118.02704204409068
25,2021-02-22,23 day ahead inc hosp,2021-03-17,quantile,0.9,136.31149367120992
25,2021-02-22,23 day ahead inc hosp,2021-03-17,quantile,0.95,161.2152270862081
25,2021-02-22,23 day ahead inc hosp,2021-03-17,quantile,0.975,188.5127616386818
25,2021-02-22,23 day ahead inc hosp,2021-03-17,quantile,0.99,237.44792317920889
25,2021-02-22,24 day ahead inc hosp,2021-03-18,quantile,0.01,4.7051808340963
25,2021-02-22,24 day ahead inc hosp,2021-03-18,quantile,0.025,7.604621447518562
25,2021-02-22,24 day ahead inc hosp,2021-03-18,quantile,0.05,12.645327329514732
25,2021-02-22,24 day ahead inc hosp,2021-03-18,quantile,0.1,19.90833487852405
25,2021-02-22,24 day ahead inc hosp,2021-03-18,quantile,0.15,24.15500095961761
25,2021-02-22,24 day ahead inc hosp,2021-03-18,quantile,0.2,29.762101105100157
25,2021-02-22,24 day ahead inc hosp,2021-03-18,quantile,0.25,34.89931500600945
25,2021-02-22,24 day ahead inc hosp,2021-03-18,quantile,0.3,40.22540931016663
25,2021-02-22,24 day ahead inc hosp,2021-03-18,quantile,0.35,45.51138027711625
25,2021-02-22,24 day ahead inc hosp,2021-03-18,quantile,0.4,49.38221039622892
25,2021-02-22,24 day ahead inc hosp,2021-03-18,quantile,0.45,55.31946041361359
25,2021-02-22,24 day ahead inc hosp,2021-03-18,quantile,0.5,60.928569232666945
25,2021-02-22,24 day ahead inc hosp,2021-03-18,quantile,0.55,65.71463763284733
25,2021-02-22,24 day ahead inc hosp,2021-03-18,quantile,0.6,72.70430565610528
25,2021-02-22,24 day ahead inc hosp,2021-03-18,quantile,0.65,78.60368211104155
25,2021-02-22,24 day ahead inc hosp,2021-03-18,quantile,0.7,84.82436521951882
25,2021-02-22,24 day ahead inc hosp,2021-03-18,quantile,0.75,94.63596836201242
25,2021-02-22,24 day ahead inc hosp,2021-03-18,quantile,0.8,106.05129983082739
25,2021-02-22,24 day ahead inc hosp,2021-03-18,quantile,0.85,120.26675909507834
25,2021-02-22,24 day ahead inc hosp,2021-03-18,quantile,0.9,137.14466055554394
25,2021-02-22,24 day ahead inc hosp,2021-03-18,quantile,0.95,167.4023702853596
25,2021-02-22,24 day ahead inc hosp,2021-03-18,quantile,0.975,191.42892802898163
25,2021-02-22,24 day ahead inc hosp,2021-03-18,quantile,0.99,239.07929345488043
25,2021-02-22,25 day ahead inc hosp,2021-03-19,quantile,0.01,2.6677203046514935
25,2021-02-22,25 day ahead inc hosp,2021-03-19,quantile,0.025,5.674090616540013
25,2021-02-22,25 day ahead inc hosp,2021-03-19,quantile,0.05,10.006166123782881
25,2021-02-22,25 day ahead inc hosp,2021-03-19,quantile,0.1,17.065002132573394
25,2021-02-22,25 day ahead inc hosp,2021-03-19,quantile,0.15,22.742314289518713
25,2021-02-22,25 day ahead inc hosp,2021-03-19,quantile,0.2,28.36757328307216
25,2021-02-22,25 day ahead inc hosp,2021-03-19,quantile,0.25,34.84485383585523
25,2021-02-22,25 day ahead inc hosp,2021-03-19,quantile,0.3,39.498022370253686
25,2021-02-22,25 day ahead inc hosp,2021-03-19,quantile,0.35,44.73294729434786
25,2021-02-22,25 day ahead inc hosp,2021-03-19,quantile,0.4,49.04717699516619
25,2021-02-22,25 day ahead inc hosp,2021-03-19,quantile,0.45,53.2410198264177
25,2021-02-22,25 day ahead inc hosp,2021-03-19,quantile,0.5,58.327129966019065
25,2021-02-22,25 day ahead inc hosp,2021-03-19,quantile,0.55,63.70634126555645
25,2021-02-22,25 day ahead inc hosp,2021-03-19,quantile,0.6,69.73577853255476
25,2021-02-22,25 day ahead inc hosp,2021-03-19,quantile,0.65,77.64740377706688
25,2021-02-22,25 day ahead inc hosp,2021-03-19,quantile,0.7,86.08616989839241
25,2021-02-22,25 day ahead inc hosp,2021-03-19,quantile,0.75,95.6484262002175
25,2021-02-22,25 day ahead inc hosp,2021-03-19,quantile,0.8,106.80888325701376
25,2021-02-22,25 day ahead inc hosp,2021-03-19,quantile,0.85,119.033009976172
25,2021-02-22,25 day ahead inc hosp,2021-03-19,quantile,0.9,134.49549678773656
25,2021-02-22,25 day ahead inc hosp,2021-03-19,quantile,0.95,169.66142764572268
25,2021-02-22,25 day ahead inc hosp,2021-03-19,quantile,0.975,206.11695777224298
25,2021-02-22,25 day ahead inc hosp,2021-03-19,quantile,0.99,246.6407196439938
25,2021-02-22,26 day ahead inc hosp,2021-03-20,quantile,0.01,1.8735605015529335
25,2021-02-22,26 day ahead inc hosp,2021-03-20,quantile,0.025,3.90843363254981
25,2021-02-22,26 day ahead inc hosp,2021-03-20,quantile,0.05,8.581554980435921
25,2021-02-22,26 day ahead inc hosp,2021-03-20,quantile,0.1,15.93744810046018
25,2021-02-22,26 day ahead inc hosp,2021-03-20,quantile,0.15,22.2823136581216
25,2021-02-22,26 day ahead inc hosp,2021-03-20,quantile,0.2,27.69891377463869
25,2021-02-22,26 day ahead inc hosp,2021-03-20,quantile,0.25,32.748333416688666
25,2021-02-22,26 day ahead inc hosp,2021-03-20,quantile,0.3,37.27172993126677
25,2021-02-22,26 day ahead inc hosp,2021-03-20,quantile,0.35,41.68583402812319
25,2021-02-22,26 day ahead inc hosp,2021-03-20,quantile,0.4,46.45761388219503
25,2021-02-22,26 day ahead inc hosp,2021-03-20,quantile,0.45,51.07979639182402
25,2021-02-22,26 day ahead inc hosp,2021-03-20,quantile,0.5,57.92806141949977
25,2021-02-22,26 day ahead inc hosp,2021-03-20,quantile,0.55,63.06741398159215
25,2021-02-22,26 day ahead inc hosp,2021-03-20,quantile,0.6,71.66222497980502
25,2021-02-22,26 day ahead inc hosp,2021-03-20,quantile,0.65,78.95111653798376
25,2021-02-22,26 day ahead inc hosp,2021-03-20,quantile,0.7,86.63154415336221
25,2021-02-22,26 day ahead inc hosp,2021-03-20,quantile,0.75,93.47551595152855
25,2021-02-22,26 day ahead inc hosp,2021-03-20,quantile,0.8,103.08668377033636
25,2021-02-22,26 day ahead inc hosp,2021-03-20,quantile,0.85,118.97825275367053
25,2021-02-22,26 day ahead inc hosp,2021-03-20,quantile,0.9,140.7756102222862
25,2021-02-22,26 day ahead inc hosp,2021-03-20,quantile,0.95,173.0953259925888
25,2021-02-22,26 day ahead inc hosp,2021-03-20,quantile,0.975,200.21447656384407
25,2021-02-22,26 day ahead inc hosp,2021-03-20,quantile,0.99,274.5866723771478
25,2021-02-22,27 day ahead inc hosp,2021-03-21,quantile,0.01,1.5437006038605081
25,2021-02-22,27 day ahead inc hosp,2021-03-21,quantile,0.025,3.559682707309962
25,2021-02-22,27 day ahead inc hosp,2021-03-21,quantile,0.05,6.899931825073327
25,2021-02-22,27 day ahead inc hosp,2021-03-21,quantile,0.1,14.334298493572888
25,2021-02-22,27 day ahead inc hosp,2021-03-21,quantile,0.15,20.026714637288414
25,2021-02-22,27 day ahead inc hosp,2021-03-21,quantile,0.2,25.131833289950954
25,2021-02-22,27 day ahead inc hosp,2021-03-21,quantile,0.25,29.649362229990707
25,2021-02-22,27 day ahead inc hosp,2021-03-21,quantile,0.3,34.39575791785299
25,2021-02-22,27 day ahead inc hosp,2021-03-21,quantile,0.35,39.83347400968955
25,2021-02-22,27 day ahead inc hosp,2021-03-21,quantile,0.4,44.86539290016036
25,2021-02-22,27 day ahead inc hosp,2021-03-21,quantile,0.45,49.16719006626477
25,2021-02-22,27 day ahead inc hosp,2021-03-21,quantile,0.5,54.47233647561948
25,2021-02-22,27 day ahead inc hosp,2021-03-21,quantile,0.55,62.23044356112019
25,2021-02-22,27 day ahead inc hosp,2021-03-21,quantile,0.6,67.83783597865921
25,2021-02-22,27 day ahead inc hosp,2021-03-21,quantile,0.65,75.09021590583181
25,2021-02-22,27 day ahead inc hosp,2021-03-21,quantile,0.7,83.8420305658268
25,2021-02-22,27 day ahead inc hosp,2021-03-21,quantile,0.75,91.49842515828846
25,2021-02-22,27 day ahead inc hosp,2021-03-21,quantile,0.8,103.09062688218808
25,2021-02-22,27 day ahead inc hosp,2021-03-21,quantile,0.85,118.42711925684095
25,2021-02-22,27 day ahead inc hosp,2021-03-21,quantile,0.9,145.91014579316135
25,2021-02-22,27 day ahead inc hosp,2021-03-21,quantile,0.95,175.11204212619808
25,2021-02-22,27 day ahead inc hosp,2021-03-21,quantile,0.975,221.15112741562845
25,2021-02-22,27 day ahead inc hosp,2021-03-21,quantile,0.99,261.7134483730897
25,2021-02-22,28 day ahead inc hosp,2021-03-22,quantile,0.01,1.340993841332108
25,2021-02-22,28 day ahead inc hosp,2021-03-22,quantile,0.025,3.632978189234152
25,2021-02-22,28 day ahead inc hosp,2021-03-22,quantile,0.05,6.435629416737838
25,2021-02-22,28 day ahead inc hosp,2021-03-22,quantile,0.1,12.797779902147187
25,2021-02-22,28 day ahead inc hosp,2021-03-22,quantile,0.15,18.30205902358176
25,2021-02-22,28 day ahead inc hosp,2021-03-22,quantile,0.2,25.004678326441365
25,2021-02-22,28 day ahead inc hosp,2021-03-22,quantile,0.25,30.138420150697737
25,2021-02-22,28 day ahead inc hosp,2021-03-22,quantile,0.3,34.68338400969756
25,2021-02-22,28 day ahead inc hosp,2021-03-22,quantile,0.35,39.789367165624654
25,2021-02-22,28 day ahead inc hosp,2021-03-22,quantile,0.4,45.06641556313728
25,2021-02-22,28 day ahead inc hosp,2021-03-22,quantile,0.45,50.06666975893611
25,2021-02-22,28 day ahead inc hosp,2021-03-22,quantile,0.5,56.16972070309332
25,2021-02-22,28 day ahead inc hosp,2021-03-22,quantile,0.55,62.759129430464625
25,2021-02-22,28 day ahead inc hosp,2021-03-22,quantile,0.6,69.72801393821307
25,2021-02-22,28 day ahead inc hosp,2021-03-22,quantile,0.65,78.9287355186213
25,2021-02-22,28 day ahead inc hosp,2021-03-22,quantile,0.7,85.8100017670909
25,2021-02-22,28 day ahead inc hosp,2021-03-22,quantile,0.75,95.58494300666591
25,2021-02-22,28 day ahead inc hosp,2021-03-22,quantile,0.8,107.07091292836131
25,2021-02-22,28 day ahead inc hosp,2021-03-22,quantile,0.85,124.46521075089073
25,2021-02-22,28 day ahead inc hosp,2021-03-22,quantile,0.9,147.07167052977297
25,2021-02-22,28 day ahead inc hosp,2021-03-22,quantile,0.95,183.81140086449827
25,2021-02-22,28 day ahead inc hosp,2021-03-22,quantile,0.975,231.38843929869662
25,2021-02-22,28 day ahead inc hosp,2021-03-22,quantile,0.99,321.3347448999491
25,2021-02-22,1 day ahead inc case,2021-02-23,quantile,0.01,1432.7166031011116
25,2021-02-22,1 day ahead inc case,2021-02-23,quantile,0.025,1448.6459978018436
25,2021-02-22,1 day ahead inc case,2021-02-23,quantile,0.05,1465.5087865633466
25,2021-02-22,1 day ahead inc case,2021-02-23,quantile,0.1,1489.9796113084287
25,2021-02-22,1 day ahead inc case,2021-02-23,quantile,0.15,1503.470587435976
25,2021-02-22,1 day ahead inc case,2021-02-23,quantile,0.2,1516.1660383407952
25,2021-02-22,1 day ahead inc case,2021-02-23,quantile,0.25,1525.4059657771584
25,2021-02-22,1 day ahead inc case,2021-02-23,quantile,0.3,1534.7418454342442
25,2021-02-22,1 day ahead inc case,2021-02-23,quantile,0.35,1545.1748236884976
25,2021-02-22,1 day ahead inc case,2021-02-23,quantile,0.4,1553.1791797264084
25,2021-02-22,1 day ahead inc case,2021-02-23,quantile,0.45,1561.123806279867
25,2021-02-22,1 day ahead inc case,2021-02-23,quantile,0.5,1566.790408497994
25,2021-02-22,1 day ahead inc case,2021-02-23,quantile,0.55,1575.641733442682
25,2021-02-22,1 day ahead inc case,2021-02-23,quantile,0.6,1583.1144671968639
25,2021-02-22,1 day ahead inc case,2021-02-23,quantile,0.65,1591.7387623514637
25,2021-02-22,1 day ahead inc case,2021-02-23,quantile,0.7,1601.0925532336155
25,2021-02-22,1 day ahead inc case,2021-02-23,quantile,0.75,1611.8044038128762
25,2021-02-22,1 day ahead inc case,2021-02-23,quantile,0.8,1621.0660279593528
25,2021-02-22,1 day ahead inc case,2021-02-23,quantile,0.85,1634.2216383598502
25,2021-02-22,1 day ahead inc case,2021-02-23,quantile,0.9,1652.8184309492603
25,2021-02-22,1 day ahead inc case,2021-02-23,quantile,0.95,1671.8890941000545
25,2021-02-22,1 day ahead inc case,2021-02-23,quantile,0.975,1694.5110283943188
25,2021-02-22,1 day ahead inc case,2021-02-23,quantile,0.99,1725.6602156816546
25,2021-02-22,2 day ahead inc case,2021-02-24,quantile,0.01,1315.7772485932114
25,2021-02-22,2 day ahead inc case,2021-02-24,quantile,0.025,1336.467300896465
25,2021-02-22,2 day ahead inc case,2021-02-24,quantile,0.05,1365.8467805422617
25,2021-02-22,2 day ahead inc case,2021-02-24,quantile,0.1,1405.6136098175234
25,2021-02-22,2 day ahead inc case,2021-02-24,quantile,0.15,1429.3670423835651
25,2021-02-22,2 day ahead inc case,2021-02-24,quantile,0.2,1451.8931821927138
25,2021-02-22,2 day ahead inc case,2021-02-24,quantile,0.25,1471.5486969007864
25,2021-02-22,2 day ahead inc case,2021-02-24,quantile,0.3,1487.6104451778533
25,2021-02-22,2 day ahead inc case,2021-02-24,quantile,0.35,1501.471280719908
25,2021-02-22,2 day ahead inc case,2021-02-24,quantile,0.4,1515.3861326546025
25,2021-02-22,2 day ahead inc case,2021-02-24,quantile,0.45,1527.635649623962
25,2021-02-22,2 day ahead inc case,2021-02-24,quantile,0.5,1538.853114819996
25,2021-02-22,2 day ahead inc case,2021-02-24,quantile,0.55,1552.818659009246
25,2021-02-22,2 day ahead inc case,2021-02-24,quantile,0.6,1569.4798448455022
25,2021-02-22,2 day ahead inc case,2021-02-24,quantile,0.65,1583.9592801560439
25,2021-02-22,2 day ahead inc case,2021-02-24,quantile,0.7,1601.699580947826
25,2021-02-22,2 day ahead inc case,2021-02-24,quantile,0.75,1618.6017613219533
25,2021-02-22,2 day ahead inc case,2021-02-24,quantile,0.8,1634.2813755493892
25,2021-02-22,2 day ahead inc case,2021-02-24,quantile,0.85,1656.843221140961
25,2021-02-22,2 day ahead inc case,2021-02-24,quantile,0.9,1692.3367527499167
25,2021-02-22,2 day ahead inc case,2021-02-24,quantile,0.95,1732.4853854232451
25,2021-02-22,2 day ahead inc case,2021-02-24,quantile,0.975,1776.1202289600342
25,2021-02-22,2 day ahead inc case,2021-02-24,quantile,0.99,1820.593623652353
25,2021-02-22,3 day ahead inc case,2021-02-25,quantile,0.01,1162.3454816340995
25,2021-02-22,3 day ahead inc case,2021-02-25,quantile,0.025,1202.2846091335816
25,2021-02-22,3 day ahead inc case,2021-02-25,quantile,0.05,1241.2281684952004
25,2021-02-22,3 day ahead inc case,2021-02-25,quantile,0.1,1304.7297283983687
25,2021-02-22,3 day ahead inc case,2021-02-25,quantile,0.15,1339.2526562096787
25,2021-02-22,3 day ahead inc case,2021-02-25,quantile,0.2,1371.93591531761
25,2021-02-22,3 day ahead inc case,2021-02-25,quantile,0.25,1399.2885167693642
25,2021-02-22,3 day ahead inc case,2021-02-25,quantile,0.3,1424.194415167367
25,2021-02-22,3 day ahead inc case,2021-02-25,quantile,0.35,1449.1175054933854
25,2021-02-22,3 day ahead inc case,2021-02-25,quantile,0.4,1470.2590595189943
25,2021-02-22,3 day ahead inc case,2021-02-25,quantile,0.45,1489.2994296067502
25,2021-02-22,3 day ahead inc case,2021-02-25,quantile,0.5,1503.8449354436489
25,2021-02-22,3 day ahead inc case,2021-02-25,quantile,0.55,1527.1726683471884
25,2021-02-22,3 day ahead inc case,2021-02-25,quantile,0.6,1542.3265671985025
25,2021-02-22,3 day ahead inc case,2021-02-25,quantile,0.65,1564.8666186386201
25,2021-02-22,3 day ahead inc case,2021-02-25,quantile,0.7,1587.6544587838848
25,2021-02-22,3 day ahead inc case,2021-02-25,quantile,0.75,1612.174031200948
25,2021-02-22,3 day ahead inc case,2021-02-25,quantile,0.8,1641.6776796452866
25,2021-02-22,3 day ahead inc case,2021-02-25,quantile,0.85,1678.3007749624005
25,2021-02-22,3 day ahead inc case,2021-02-25,quantile,0.9,1729.9484360615863
25,2021-02-22,3 day ahead inc case,2021-02-25,quantile,0.95,1803.5323550920705
25,2021-02-22,3 day ahead inc case,2021-02-25,quantile,0.975,1861.9127223353005
25,2021-02-22,3 day ahead inc case,2021-02-25,quantile,0.99,1924.1296720968398
25,2021-02-22,4 day ahead inc case,2021-02-26,quantile,0.01,1032.4627163591085
25,2021-02-22,4 day ahead inc case,2021-02-26,quantile,0.025,1101.9926750678837
25,2021-02-22,4 day ahead inc case,2021-02-26,quantile,0.05,1160.9854978468888
25,2021-02-22,4 day ahead inc case,2021-02-26,quantile,0.1,1219.336184676542
25,2021-02-22,4 day ahead inc case,2021-02-26,quantile,0.15,1276.6166573417306
25,2021-02-22,4 day ahead inc case,2021-02-26,quantile,0.2,1318.0207350663127
25,2021-02-22,4 day ahead inc case,2021-02-26,quantile,0.25,1346.7136411666406
25,2021-02-22,4 day ahead inc case,2021-02-26,quantile,0.3,1377.3877744589481
25,2021-02-22,4 day ahead inc case,2021-02-26,quantile,0.35,1409.4795306298413
25,2021-02-22,4 day ahead inc case,2021-02-26,quantile,0.4,1442.782539265965
25,2021-02-22,4 day ahead inc case,2021-02-26,quantile,0.45,1462.8828761046964
25,2021-02-22,4 day ahead inc case,2021-02-26,quantile,0.5,1490.766209511553
25,2021-02-22,4 day ahead inc case,2021-02-26,quantile,0.55,1517.0931932224648
25,2021-02-22,4 day ahead inc case,2021-02-26,quantile,0.6,1540.4806947517072
25,2021-02-22,4 day ahead inc case,2021-02-26,quantile,0.65,1569.027212468215
25,2021-02-22,4 day ahead inc case,2021-02-26,quantile,0.7,1601.1073743969584
25,2021-02-22,4 day ahead inc case,2021-02-26,quantile,0.75,1635.6484980568691
25,2021-02-22,4 day ahead inc case,2021-02-26,quantile,0.8,1675.3217883334203
25,2021-02-22,4 day ahead inc case,2021-02-26,quantile,0.85,1718.8495138455685
25,2021-02-22,4 day ahead inc case,2021-02-26,quantile,0.9,1803.9177803622558
25,2021-02-22,4 day ahead inc case,2021-02-26,quantile,0.95,1919.48426352308
25,2021-02-22,4 day ahead inc case,2021-02-26,quantile,0.975,1969.7732203983553
25,2021-02-22,4 day ahead inc case,2021-02-26,quantile,0.99,2036.2268337391097
25,2021-02-22,5 day ahead inc case,2021-02-27,quantile,0.01,920.5273834458474
25,2021-02-22,5 day ahead inc case,2021-02-27,quantile,0.025,1017.2268351581083
25,2021-02-22,5 day ahead inc case,2021-02-27,quantile,0.05,1078.238555613853
25,2021-02-22,5 day ahead inc case,2021-02-27,quantile,0.1,1150.1750983949462
25,2021-02-22,5 day ahead inc case,2021-02-27,quantile,0.15,1202.2662473545017
25,2021-02-22,5 day ahead inc case,2021-02-27,quantile,0.2,1249.4106780703487
25,2021-02-22,5 day ahead inc case,2021-02-27,quantile,0.25,1294.01855114302
25,2021-02-22,5 day ahead inc case,2021-02-27,quantile,0.3,1332.453197304577
25,2021-02-22,5 day ahead inc case,2021-02-27,quantile,0.35,1371.6190389999053
25,2021-02-22,5 day ahead inc case,2021-02-27,quantile,0.4,1406.2184716588104
25,2021-02-22,5 day ahead inc case,2021-02-27,quantile,0.45,1437.1221571941953
25,2021-02-22,5 day ahead inc case,2021-02-27,quantile,0.5,1468.7877779206704
25,2021-02-22,5 day ahead inc case,2021-02-27,quantile,0.55,1504.5876897574296
25,2021-02-22,5 day ahead inc case,2021-02-27,quantile,0.6,1540.412221982185
25,2021-02-22,5 day ahead inc case,2021-02-27,quantile,0.65,1573.3884012704773
25,2021-02-22,5 day ahead inc case,2021-02-27,quantile,0.7,1608.8965507134603
25,2021-02-22,5 day ahead inc case,2021-02-27,quantile,0.75,1651.2003822417594
25,2021-02-22,5 day ahead inc case,2021-02-27,quantile,0.8,1711.5772217924277
25,2021-02-22,5 day ahead inc case,2021-02-27,quantile,0.85,1766.776218668333
25,2021-02-22,5 day ahead inc case,2021-02-27,quantile,0.9,1846.7563353031467
25,2021-02-22,5 day ahead inc case,2021-02-27,quantile,0.95,1982.8215528894114
25,2021-02-22,5 day ahead inc case,2021-02-27,quantile,0.975,2085.1720687114484
25,2021-02-22,5 day ahead inc case,2021-02-27,quantile,0.99,2160.8864264265203
25,2021-02-22,6 day ahead inc case,2021-02-28,quantile,0.01,828.2612621526952
25,2021-02-22,6 day ahead inc case,2021-02-28,quantile,0.025,899.5057082290657
25,2021-02-22,6 day ahead inc case,2021-02-28,quantile,0.05,1007.9126788588723
25,2021-02-22,6 day ahead inc case,2021-02-28,quantile,0.1,1084.668113807632
25,2021-02-22,6 day ahead inc case,2021-02-28,quantile,0.15,1141.7790736179363
25,2021-02-22,6 day ahead inc case,2021-02-28,quantile,0.2,1194.6969960080403
25,2021-02-22,6 day ahead inc case,2021-02-28,quantile,0.25,1239.5502843274455
25,2021-02-22,6 day ahead inc case,2021-02-28,quantile,0.3,1289.1438377702357
25,2021-02-22,6 day ahead inc case,2021-02-28,quantile,0.35,1326.9546843164235
25,2021-02-22,6 day ahead inc case,2021-02-28,quantile,0.4,1367.6980504586095
25,2021-02-22,6 day ahead inc case,2021-02-28,quantile,0.45,1411.8712901186605
25,2021-02-22,6 day ahead inc case,2021-02-28,quantile,0.5,1448.1499561243922
25,2021-02-22,6 day ahead inc case,2021-02-28,quantile,0.55,1482.7496474827717
25,2021-02-22,6 day ahead inc case,2021-02-28,quantile,0.6,1528.5987873677611
25,2021-02-22,6 day ahead inc case,2021-02-28,quantile,0.65,1571.1892743430842
25,2021-02-22,6 day ahead inc case,2021-02-28,quantile,0.7,1617.8216066103823
25,2021-02-22,6 day ahead inc case,2021-02-28,quantile,0.75,1674.957534329298
25,2021-02-22,6 day ahead inc case,2021-02-28,quantile,0.8,1741.990638267089
25,2021-02-22,6 day ahead inc case,2021-02-28,quantile,0.85,1826.937640379791
25,2021-02-22,6 day ahead inc case,2021-02-28,quantile,0.9,1920.3423500627762
25,2021-02-22,6 day ahead inc case,2021-02-28,quantile,0.95,2069.943399482905
25,2021-02-22,6 day ahead inc case,2021-02-28,quantile,0.975,2206.838228763476
25,2021-02-22,6 day ahead inc case,2021-02-28,quantile,0.99,2287.1832016513413
25,2021-02-22,7 day ahead inc case,2021-03-01,quantile,0.01,708.373803923331
25,2021-02-22,7 day ahead inc case,2021-03-01,quantile,0.025,795.8832740385059
25,2021-02-22,7 day ahead inc case,2021-03-01,quantile,0.05,901.7546126433514
25,2021-02-22,7 day ahead inc case,2021-03-01,quantile,0.1,985.8443090646632
25,2021-02-22,7 day ahead inc case,2021-03-01,quantile,0.15,1065.6069701525134
25,2021-02-22,7 day ahead inc case,2021-03-01,quantile,0.2,1112.0728082445048
25,2021-02-22,7 day ahead inc case,2021-03-01,quantile,0.25,1164.0960220420552
25,2021-02-22,7 day ahead inc case,2021-03-01,quantile,0.3,1213.7939099605512
25,2021-02-22,7 day ahead inc case,2021-03-01,quantile,0.35,1262.0051548060915
25,2021-02-22,7 day ahead inc case,2021-03-01,quantile,0.4,1305.4868901984248
25,2021-02-22,7 day ahead inc case,2021-03-01,quantile,0.45,1346.745082538307
25,2021-02-22,7 day ahead inc case,2021-03-01,quantile,0.5,1400.4018249435906
25,2021-02-22,7 day ahead inc case,2021-03-01,quantile,0.55,1446.87002575994
25,2021-02-22,7 day ahead inc case,2021-03-01,quantile,0.6,1495.9863644308539
25,2021-02-22,7 day ahead inc case,2021-03-01,quantile,0.65,1539.3910293318763
25,2021-02-22,7 day ahead inc case,2021-03-01,quantile,0.7,1597.7470548815847
25,2021-02-22,7 day ahead inc case,2021-03-01,quantile,0.75,1669.1537819072855
25,2021-02-22,7 day ahead inc case,2021-03-01,quantile,0.8,1741.929746236851
25,2021-02-22,7 day ahead inc case,2021-03-01,quantile,0.85,1829.192664618293
25,2021-02-22,7 day ahead inc case,2021-03-01,quantile,0.9,1958.6615404887114
25,2021-02-22,7 day ahead inc case,2021-03-01,quantile,0.95,2139.1126901505672
25,2021-02-22,7 day ahead inc case,2021-03-01,quantile,0.975,2255.608186981698
25,2021-02-22,7 day ahead inc case,2021-03-01,quantile,0.99,2379.5877196959405
25,2021-02-22,8 day ahead inc case,2021-03-02,quantile,0.01,619.5002585809987
25,2021-02-22,8 day ahead inc case,2021-03-02,quantile,0.025,720.6285437379786
25,2021-02-22,8 day ahead inc case,2021-03-02,quantile,0.05,815.7948319148633
25,2021-02-22,8 day ahead inc case,2021-03-02,quantile,0.1,923.802544837892
25,2021-02-22,8 day ahead inc case,2021-03-02,quantile,0.15,1018.5460059183284
25,2021-02-22,8 day ahead inc case,2021-03-02,quantile,0.2,1057.6903558842089
25,2021-02-22,8 day ahead inc case,2021-03-02,quantile,0.25,1109.331080908772
25,2021-02-22,8 day ahead inc case,2021-03-02,quantile,0.3,1159.1894232131954
25,2021-02-22,8 day ahead inc case,2021-03-02,quantile,0.35,1222.1773313468484
25,2021-02-22,8 day ahead inc case,2021-03-02,quantile,0.4,1283.1062165556787
25,2021-02-22,8 day ahead inc case,2021-03-02,quantile,0.45,1323.8878824037547
25,2021-02-22,8 day ahead inc case,2021-03-02,quantile,0.5,1373.6107830271396
25,2021-02-22,8 day ahead inc case,2021-03-02,quantile,0.55,1412.9209753058672
25,2021-02-22,8 day ahead inc case,2021-03-02,quantile,0.6,1465.736381057844
25,2021-02-22,8 day ahead inc case,2021-03-02,quantile,0.65,1523.1029462342442
25,2021-02-22,8 day ahead inc case,2021-03-02,quantile,0.7,1600.5008528756246
25,2021-02-22,8 day ahead inc case,2021-03-02,quantile,0.75,1681.0067344726376
25,2021-02-22,8 day ahead inc case,2021-03-02,quantile,0.8,1749.2391162697495
25,2021-02-22,8 day ahead inc case,2021-03-02,quantile,0.85,1862.0463965262675
25,2021-02-22,8 day ahead inc case,2021-03-02,quantile,0.9,2004.8294768265796
25,2021-02-22,8 day ahead inc case,2021-03-02,quantile,0.95,2208.068627702619
25,2021-02-22,8 day ahead inc case,2021-03-02,quantile,0.975,2358.142885459895
25,2021-02-22,8 day ahead inc case,2021-03-02,quantile,0.99,2498.3404924742504
25,2021-02-22,9 day ahead inc case,2021-03-03,quantile,0.01,554.1462612406027
25,2021-02-22,9 day ahead inc case,2021-03-03,quantile,0.025,646.793361504327
25,2021-02-22,9 day ahead inc case,2021-03-03,quantile,0.05,753.2193576247668
25,2021-02-22,9 day ahead inc case,2021-03-03,quantile,0.1,877.2997792941296
25,2021-02-22,9 day ahead inc case,2021-03-03,quantile,0.15,955.8413903092114
25,2021-02-22,9 day ahead inc case,2021-03-03,quantile,0.2,1011.368838795792
25,2021-02-22,9 day ahead inc case,2021-03-03,quantile,0.25,1076.5417737798905
25,2021-02-22,9 day ahead inc case,2021-03-03,quantile,0.3,1125.7676741674206
25,2021-02-22,9 day ahead inc case,2021-03-03,quantile,0.35,1183.241373282999
25,2021-02-22,9 day ahead inc case,2021-03-03,quantile,0.4,1240.155786302504
25,2021-02-22,9 day ahead inc case,2021-03-03,quantile,0.45,1300.3265553215952
25,2021-02-22,9 day ahead inc case,2021-03-03,quantile,0.5,1346.1915362364728
25,2021-02-22,9 day ahead inc case,2021-03-03,quantile,0.55,1407.7203024524254
25,2021-02-22,9 day ahead inc case,2021-03-03,quantile,0.6,1457.3345289426152
25,2021-02-22,9 day ahead inc case,2021-03-03,quantile,0.65,1533.8327676769195
25,2021-02-22,9 day ahead inc case,2021-03-03,quantile,0.7,1614.293888776504
25,2021-02-22,9 day ahead inc case,2021-03-03,quantile,0.75,1685.8997318903969
25,2021-02-22,9 day ahead inc case,2021-03-03,quantile,0.8,1779.2931867731288
25,2021-02-22,9 day ahead inc case,2021-03-03,quantile,0.85,1898.5837964853258
25,2021-02-22,9 day ahead inc case,2021-03-03,quantile,0.9,2044.6733560656191
25,2021-02-22,9 day ahead inc case,2021-03-03,quantile,0.95,2254.763704648792
25,2021-02-22,9 day ahead inc case,2021-03-03,quantile,0.975,2439.1548546595277
25,2021-02-22,9 day ahead inc case,2021-03-03,quantile,0.99,2550.4476652056187
25,2021-02-22,10 day ahead inc case,2021-03-04,quantile,0.01,505.8586716941987
25,2021-02-22,10 day ahead inc case,2021-03-04,quantile,0.025,600.1874346669097
25,2021-02-22,10 day ahead inc case,2021-03-04,quantile,0.05,692.5808839303683
25,2021-02-22,10 day ahead inc case,2021-03-04,quantile,0.1,812.0447594978009
25,2021-02-22,10 day ahead inc case,2021-03-04,quantile,0.15,898.1906996765728
25,2021-02-22,10 day ahead inc case,2021-03-04,quantile,0.2,961.0070553000935
25,2021-02-22,10 day ahead inc case,2021-03-04,quantile,0.25,1028.6502016065708
25,2021-02-22,10 day ahead inc case,2021-03-04,quantile,0.3,1087.5297610672303
25,2021-02-22,10 day ahead inc case,2021-03-04,quantile,0.35,1142.955417156415
25,2021-02-22,10 day ahead inc case,2021-03-04,quantile,0.4,1205.8662305199252
25,2021-02-22,10 day ahead inc case,2021-03-04,quantile,0.45,1264.9613245173937
25,2021-02-22,10 day ahead inc case,2021-03-04,quantile,0.5,1326.556853890423
25,2021-02-22,10 day ahead inc case,2021-03-04,quantile,0.55,1385.7585414072155
25,2021-02-22,10 day ahead inc case,2021-03-04,quantile,0.6,1461.3096151890961
25,2021-02-22,10 day ahead inc case,2021-03-04,quantile,0.65,1519.0795357246393
25,2021-02-22,10 day ahead inc case,2021-03-04,quantile,0.7,1615.8405528830074
25,2021-02-22,10 day ahead inc case,2021-03-04,quantile,0.75,1699.6217183057329
25,2021-02-22,10 day ahead inc case,2021-03-04,quantile,0.8,1799.9809169717216
25,2021-02-22,10 day ahead inc case,2021-03-04,quantile,0.85,1910.4510302605072
25,2021-02-22,10 day ahead inc case,2021-03-04,quantile,0.9,2091.441976217552
25,2021-02-22,10 day ahead inc case,2021-03-04,quantile,0.95,2368.7040275344684
25,2021-02-22,10 day ahead inc case,2021-03-04,quantile,0.975,2511.345156818549
25,2021-02-22,10 day ahead inc case,2021-03-04,quantile,0.99,2686.4817041970973
25,2021-02-22,11 day ahead inc case,2021-03-05,quantile,0.01,456.2552658220485
25,2021-02-22,11 day ahead inc case,2021-03-05,quantile,0.025,524.7487729638796
25,2021-02-22,11 day ahead inc case,2021-03-05,quantile,0.05,644.9470075598158
25,2021-02-22,11 day ahead inc case,2021-03-05,quantile,0.1,758.111412380891
25,2021-02-22,11 day ahead inc case,2021-03-05,quantile,0.15,831.8449807724625
25,2021-02-22,11 day ahead inc case,2021-03-05,quantile,0.2,905.8349061612589
25,2021-02-22,11 day ahead inc case,2021-03-05,quantile,0.25,974.4102830391053
25,2021-02-22,11 day ahead inc case,2021-03-05,quantile,0.3,1039.3828198229933
25,2021-02-22,11 day ahead inc case,2021-03-05,quantile,0.35,1102.8967187732044
25,2021-02-22,11 day ahead inc case,2021-03-05,quantile,0.4,1185.5338477422642
25,2021-02-22,11 day ahead inc case,2021-03-05,quantile,0.45,1238.4029957649948
25,2021-02-22,11 day ahead inc case,2021-03-05,quantile,0.5,1298.651109621232
25,2021-02-22,11 day ahead inc case,2021-03-05,quantile,0.55,1379.158557384173
25,2021-02-22,11 day ahead inc case,2021-03-05,quantile,0.6,1445.089339115085
25,2021-02-22,11 day ahead inc case,2021-03-05,quantile,0.65,1528.0425868463242
25,2021-02-22,11 day ahead inc case,2021-03-05,quantile,0.7,1622.4885804310818
25,2021-02-22,11 day ahead inc case,2021-03-05,quantile,0.75,1699.1647153336583
25,2021-02-22,11 day ahead inc case,2021-03-05,quantile,0.8,1799.9001688429078
25,2021-02-22,11 day ahead inc case,2021-03-05,quantile,0.85,1949.502496109617
25,2021-02-22,11 day ahead inc case,2021-03-05,quantile,0.9,2119.2149677205985
25,2021-02-22,11 day ahead inc case,2021-03-05,quantile,0.95,2426.590245480469
25,2021-02-22,11 day ahead inc case,2021-03-05,quantile,0.975,2600.2959347587052
25,2021-02-22,11 day ahead inc case,2021-03-05,quantile,0.99,2793.204637084431
25,2021-02-22,12 day ahead inc case,2021-03-06,quantile,0.01,413.32034569094367
25,2021-02-22,12 day ahead inc case,2021-03-06,quantile,0.025,471.44076701309024
25,2021-02-22,12 day ahead inc case,2021-03-06,quantile,0.05,591.4506821820149
25,2021-02-22,12 day ahead inc case,2021-03-06,quantile,0.1,695.413274143206
25,2021-02-22,12 day ahead inc case,2021-03-06,quantile,0.15,777.0289670586609
25,2021-02-22,12 day ahead inc case,2021-03-06,quantile,0.2,848.4594810716836
25,2021-02-22,12 day ahead inc case,2021-03-06,quantile,0.25,919.0437603548264
25,2021-02-22,12 day ahead inc case,2021-03-06,quantile,0.3,1000.9823389533703
25,2021-02-22,12 day ahead inc case,2021-03-06,quantile,0.35,1068.4874164391406
25,2021-02-22,12 day ahead inc case,2021-03-06,quantile,0.4,1137.3013757745045
25,2021-02-22,12 day ahead inc case,2021-03-06,quantile,0.45,1214.939268324679
25,2021-02-22,12 day ahead inc case,2021-03-06,quantile,0.5,1283.5438055101793
25,2021-02-22,12 day ahead inc case,2021-03-06,quantile,0.55,1344.404789485459
25,2021-02-22,12 day ahead inc case,2021-03-06,quantile,0.6,1422.5691413330883
25,2021-02-22,12 day ahead inc case,2021-03-06,quantile,0.65,1530.125528666209
25,2021-02-22,12 day ahead inc case,2021-03-06,quantile,0.7,1603.1520873588493
25,2021-02-22,12 day ahead inc case,2021-03-06,quantile,0.75,1697.1588300034339
25,2021-02-22,12 day ahead inc case,2021-03-06,quantile,0.8,1827.6587556475856
25,2021-02-22,12 day ahead inc case,2021-03-06,quantile,0.85,1972.979438895189
25,2021-02-22,12 day ahead inc case,2021-03-06,quantile,0.9,2156.164127359457
25,2021-02-22,12 day ahead inc case,2021-03-06,quantile,0.95,2432.378832596348
25,2021-02-22,12 day ahead inc case,2021-03-06,quantile,0.975,2678.5581170348855
25,2021-02-22,12 day ahead inc case,2021-03-06,quantile,0.99,2902.293472938888
25,2021-02-22,13 day ahead inc case,2021-03-07,quantile,0.01,346.0358986661615
25,2021-02-22,13 day ahead inc case,2021-03-07,quantile,0.025,436.16204707879024
25,2021-02-22,13 day ahead inc case,2021-03-07,quantile,0.05,513.1397595307399
25,2021-02-22,13 day ahead inc case,2021-03-07,quantile,0.1,637.5116857355371
25,2021-02-22,13 day ahead inc case,2021-03-07,quantile,0.15,726.6288752206714
25,2021-02-22,13 day ahead inc case,2021-03-07,quantile,0.2,807.6596250651826
25,2021-02-22,13 day ahead inc case,2021-03-07,quantile,0.25,873.3072868462599
25,2021-02-22,13 day ahead inc case,2021-03-07,quantile,0.3,958.4789043173907
25,2021-02-22,13 day ahead inc case,2021-03-07,quantile,0.35,1040.0366172301078
25,2021-02-22,13 day ahead inc case,2021-03-07,quantile,0.4,1115.6938060046048
25,2021-02-22,13 day ahead inc case,2021-03-07,quantile,0.45,1185.1073128451633
25,2021-02-22,13 day ahead inc case,2021-03-07,quantile,0.5,1265.9822085507049
25,2021-02-22,13 day ahead inc case,2021-03-07,quantile,0.55,1326.4133709315572
25,2021-02-22,13 day ahead inc case,2021-03-07,quantile,0.6,1433.8081677259602
25,2021-02-22,13 day ahead inc case,2021-03-07,quantile,0.65,1520.5057655948954
25,2021-02-22,13 day ahead inc case,2021-03-07,quantile,0.7,1612.4533743506533
25,2021-02-22,13 day ahead inc case,2021-03-07,quantile,0.75,1723.348015348901
25,2021-02-22,13 day ahead inc case,2021-03-07,quantile,0.8,1837.6210686093755
25,2021-02-22,13 day ahead inc case,2021-03-07,quantile,0.85,2012.7878329705343
25,2021-02-22,13 day ahead inc case,2021-03-07,quantile,0.9,2232.0993599861877
25,2021-02-22,13 day ahead inc case,2021-03-07,quantile,0.95,2515.7981280263048
25,2021-02-22,13 day ahead inc case,2021-03-07,quantile,0.975,2756.2890980641164
25,2021-02-22,13 day ahead inc case,2021-03-07,quantile,0.99,3055.8703961986107
25,2021-02-22,14 day ahead inc case,2021-03-08,quantile,0.01,302.8984158493723
25,2021-02-22,14 day ahead inc case,2021-03-08,quantile,0.025,385.02606576826497
25,2021-02-22,14 day ahead inc case,2021-03-08,quantile,0.05,470.6697322150544
25,2021-02-22,14 day ahead inc case,2021-03-08,quantile,0.1,596.514387796224
25,2021-02-22,14 day ahead inc case,2021-03-08,quantile,0.15,692.4408255817707
25,2021-02-22,14 day ahead inc case,2021-03-08,quantile,0.2,761.2224813966549
25,2021-02-22,14 day ahead inc case,2021-03-08,quantile,0.25,850.028256081346
25,2021-02-22,14 day ahead inc case,2021-03-08,quantile,0.3,930.2654618940393
25,2021-02-22,14 day ahead inc case,2021-03-08,quantile,0.35,1006.4381796003736
25,2021-02-22,14 day ahead inc case,2021-03-08,quantile,0.4,1088.7095946079157
25,2021-02-22,14 day ahead inc case,2021-03-08,quantile,0.45,1168.7916707950342
25,2021-02-22,14 day ahead inc case,2021-03-08,quantile,0.5,1241.848669220434
25,2021-02-22,14 day ahead inc case,2021-03-08,quantile,0.55,1340.9535995251813
25,2021-02-22,14 day ahead inc case,2021-03-08,quantile,0.6,1432.0360898700235
25,2021-02-22,14 day ahead inc case,2021-03-08,quantile,0.65,1523.5391640028167
25,2021-02-22,14 day ahead inc case,2021-03-08,quantile,0.7,1632.3535516538295
25,2021-02-22,14 day ahead inc case,2021-03-08,quantile,0.75,1731.5699479468244
25,2021-02-22,14 day ahead inc case,2021-03-08,quantile,0.8,1851.7784548960808
25,2021-02-22,14 day ahead inc case,2021-03-08,quantile,0.85,2041.9458357796877
25,2021-02-22,14 day ahead inc case,2021-03-08,quantile,0.9,2291.98402514333
25,2021-02-22,14 day ahead inc case,2021-03-08,quantile,0.95,2602.862201609142
25,2021-02-22,14 day ahead inc case,2021-03-08,quantile,0.975,2855.9190731893873
25,2021-02-22,14 day ahead inc case,2021-03-08,quantile,0.99,3263.548593825207
25,2021-02-22,15 day ahead inc case,2021-03-09,quantile,0.01,245.62257364041463
25,2021-02-22,15 day ahead inc case,2021-03-09,quantile,0.025,343.43970375439017
25,2021-02-22,15 day ahead inc case,2021-03-09,quantile,0.05,434.1294045509475
25,2021-02-22,15 day ahead inc case,2021-03-09,quantile,0.1,542.7778527384924
25,2021-02-22,15 day ahead inc case,2021-03-09,quantile,0.15,648.4671367622892
25,2021-02-22,15 day ahead inc case,2021-03-09,quantile,0.2,725.2182948630508
25,2021-02-22,15 day ahead inc case,2021-03-09,quantile,0.25,800.7179853266425
25,2021-02-22,15 day ahead inc case,2021-03-09,quantile,0.3,896.5523305470583
25,2021-02-22,15 day ahead inc case,2021-03-09,quantile,0.35,975.2023958024524
25,2021-02-22,15 day ahead inc case,2021-03-09,quantile,0.4,1060.113159705537
25,2021-02-22,15 day ahead inc case,2021-03-09,quantile,0.45,1138.9900048497566
25,2021-02-22,15 day ahead inc case,2021-03-09,quantile,0.5,1235.7713910059724
25,2021-02-22,15 day ahead inc case,2021-03-09,quantile,0.55,1327.3901864370316
25,2021-02-22,15 day ahead inc case,2021-03-09,quantile,0.6,1414.1944601239913
25,2021-02-22,15 day ahead inc case,2021-03-09,quantile,0.65,1521.1535179834616
25,2021-02-22,15 day ahead inc case,2021-03-09,quantile,0.7,1622.0873691784727
25,2021-02-22,15 day ahead inc case,2021-03-09,quantile,0.75,1736.9754379329333
25,2021-02-22,15 day ahead inc case,2021-03-09,quantile,0.8,1864.3527533348044
25,2021-02-22,15 day ahead inc case,2021-03-09,quantile,0.85,2039.1344002770825
25,2021-02-22,15 day ahead inc case,2021-03-09,quantile,0.9,2358.8073582043626
25,2021-02-22,15 day ahead inc case,2021-03-09,quantile,0.95,2643.017447488054
25,2021-02-22,15 day ahead inc case,2021-03-09,quantile,0.975,3006.221905050437
25,2021-02-22,15 day ahead inc case,2021-03-09,quantile,0.99,3448.9979287619485
25,2021-02-22,16 day ahead inc case,2021-03-10,quantile,0.01,215.03150602546137
25,2021-02-22,16 day ahead inc case,2021-03-10,quantile,0.025,306.00518351311683
25,2021-02-22,16 day ahead inc case,2021-03-10,quantile,0.05,391.59588493476787
25,2021-02-22,16 day ahead inc case,2021-03-10,quantile,0.1,494.8482400061124
25,2021-02-22,16 day ahead inc case,2021-03-10,quantile,0.15,609.4344254020236
25,2021-02-22,16 day ahead inc case,2021-03-10,quantile,0.2,690.5708921259662
25,2021-02-22,16 day ahead inc case,2021-03-10,quantile,0.25,775.7761162326264
25,2021-02-22,16 day ahead inc case,2021-03-10,quantile,0.3,864.3764559434078
25,2021-02-22,16 day ahead inc case,2021-03-10,quantile,0.35,946.0840063810159
25,2021-02-22,16 day ahead inc case,2021-03-10,quantile,0.4,1035.3225136509398
25,2021-02-22,16 day ahead inc case,2021-03-10,quantile,0.45,1123.091958178193
25,2021-02-22,16 day ahead inc case,2021-03-10,quantile,0.5,1216.964606792578
25,2021-02-22,16 day ahead inc case,2021-03-10,quantile,0.55,1308.4633322063412
25,2021-02-22,16 day ahead inc case,2021-03-10,quantile,0.6,1395.4590237778518
25,2021-02-22,16 day ahead inc case,2021-03-10,quantile,0.65,1514.9325154041633
25,2021-02-22,16 day ahead inc case,2021-03-10,quantile,0.7,1624.8177960345622
25,2021-02-22,16 day ahead inc case,2021-03-10,quantile,0.75,1734.3917027248438
25,2021-02-22,16 day ahead inc case,2021-03-10,quantile,0.8,1868.295416903735
25,2021-02-22,16 day ahead inc case,2021-03-10,quantile,0.85,2084.9715996449345
25,2021-02-22,16 day ahead inc case,2021-03-10,quantile,0.9,2378.1125882547867
25,2021-02-22,16 day ahead inc case,2021-03-10,quantile,0.95,2696.059218009172
25,2021-02-22,16 day ahead inc case,2021-03-10,quantile,0.975,3115.085664697368
25,2021-02-22,16 day ahead inc case,2021-03-10,quantile,0.99,3707.444536636847
25,2021-02-22,17 day ahead inc case,2021-03-11,quantile,0.01,156.2615939179726
25,2021-02-22,17 day ahead inc case,2021-03-11,quantile,0.025,267.6666218198333
25,2021-02-22,17 day ahead inc case,2021-03-11,quantile,0.05,353.47772969692835
25,2021-02-22,17 day ahead inc case,2021-03-11,quantile,0.1,465.2091764865372
25,2021-02-22,17 day ahead inc case,2021-03-11,quantile,0.15,570.8660047575285
25,2021-02-22,17 day ahead inc case,2021-03-11,quantile,0.2,660.5227593631953
25,2021-02-22,17 day ahead inc case,2021-03-11,quantile,0.25,750.5046357911195
25,2021-02-22,17 day ahead inc case,2021-03-11,quantile,0.3,823.2366009085715
25,2021-02-22,17 day ahead inc case,2021-03-11,quantile,0.35,917.686680056365
25,2021-02-22,17 day ahead inc case,2021-03-11,quantile,0.4,1012.4658858729551
25,2021-02-22,17 day ahead inc case,2021-03-11,quantile,0.45,1092.16745040775
25,2021-02-22,17 day ahead inc case,2021-03-11,quantile,0.5,1193.2351323178198
25,2021-02-22,17 day ahead inc case,2021-03-11,quantile,0.55,1302.0104637517168
25,2021-02-22,17 day ahead inc case,2021-03-11,quantile,0.6,1394.4125991983908
25,2021-02-22,17 day ahead inc case,2021-03-11,quantile,0.65,1504.815719483829
25,2021-02-22,17 day ahead inc case,2021-03-11,quantile,0.7,1631.3761299213284
25,2021-02-22,17 day ahead inc case,2021-03-11,quantile,0.75,1742.93618669034
25,2021-02-22,17 day ahead inc case,2021-03-11,quantile,0.8,1889.2769388659235
25,2021-02-22,17 day ahead inc case,2021-03-11,quantile,0.85,2081.600589936597
25,2021-02-22,17 day ahead inc case,2021-03-11,quantile,0.9,2404.6603613900784
25,2021-02-22,17 day ahead inc case,2021-03-11,quantile,0.95,2830.6584176315223
25,2021-02-22,17 day ahead inc case,2021-03-11,quantile,0.975,3308.122380480375
25,2021-02-22,17 day ahead inc case,2021-03-11,quantile,0.99,3958.0510798440873
25,2021-02-22,18 day ahead inc case,2021-03-12,quantile,0.01,121.35319744610702
25,2021-02-22,18 day ahead inc case,2021-03-12,quantile,0.025,232.16447262301244
25,2021-02-22,18 day ahead inc case,2021-03-12,quantile,0.05,308.7270724133939
25,2021-02-22,18 day ahead inc case,2021-03-12,quantile,0.1,424.3302331422381
25,2021-02-22,18 day ahead inc case,2021-03-12,quantile,0.15,534.5170401888364
25,2021-02-22,18 day ahead inc case,2021-03-12,quantile,0.2,613.0788031083373
25,2021-02-22,18 day ahead inc case,2021-03-12,quantile,0.25,721.0753620151718
25,2021-02-22,18 day ahead inc case,2021-03-12,quantile,0.3,801.4178879241177
25,2021-02-22,18 day ahead inc case,2021-03-12,quantile,0.35,880.2507457994008
25,2021-02-22,18 day ahead inc case,2021-03-12,quantile,0.4,990.3052747709953
25,2021-02-22,18 day ahead inc case,2021-03-12,quantile,0.45,1062.7939660391828
25,2021-02-22,18 day ahead inc case,2021-03-12,quantile,0.5,1171.8949977580755
25,2021-02-22,18 day ahead inc case,2021-03-12,quantile,0.55,1270.9860311322448
25,2021-02-22,18 day ahead inc case,2021-03-12,quantile,0.6,1386.7460412757625
25,2021-02-22,18 day ahead inc case,2021-03-12,quantile,0.65,1511.8512611114356
25,2021-02-22,18 day ahead inc case,2021-03-12,quantile,0.7,1621.7221069027098
25,2021-02-22,18 day ahead inc case,2021-03-12,quantile,0.75,1740.4494915298249
25,2021-02-22,18 day ahead inc case,2021-03-12,quantile,0.8,1913.2427513773293
25,2021-02-22,18 day ahead inc case,2021-03-12,quantile,0.85,2123.259163139796
25,2021-02-22,18 day ahead inc case,2021-03-12,quantile,0.9,2396.107490742749
25,2021-02-22,18 day ahead inc case,2021-03-12,quantile,0.95,2878.979468906432
25,2021-02-22,18 day ahead inc case,2021-03-12,quantile,0.975,3395.6143141531647
25,2021-02-22,18 day ahead inc case,2021-03-12,quantile,0.99,4158.04375774769
25,2021-02-22,19 day ahead inc case,2021-03-13,quantile,0.01,103.81268107240645
25,2021-02-22,19 day ahead inc case,2021-03-13,quantile,0.025,208.39517754408365
25,2021-02-22,19 day ahead inc case,2021-03-13,quantile,0.05,276.9667023558362
25,2021-02-22,19 day ahead inc case,2021-03-13,quantile,0.1,384.37547022076797
25,2021-02-22,19 day ahead inc case,2021-03-13,quantile,0.15,504.6020309554075
25,2021-02-22,19 day ahead inc case,2021-03-13,quantile,0.2,588.1956846036594
25,2021-02-22,19 day ahead inc case,2021-03-13,quantile,0.25,680.6985029420129
25,2021-02-22,19 day ahead inc case,2021-03-13,quantile,0.3,780.8424360030976
25,2021-02-22,19 day ahead inc case,2021-03-13,quantile,0.35,870.7649498385346
25,2021-02-22,19 day ahead inc case,2021-03-13,quantile,0.4,965.290720506631
25,2021-02-22,19 day ahead inc case,2021-03-13,quantile,0.45,1048.7396480096484
25,2021-02-22,19 day ahead inc case,2021-03-13,quantile,0.5,1147.4114366663214
25,2021-02-22,19 day ahead inc case,2021-03-13,quantile,0.55,1250.8428335312271
25,2021-02-22,19 day ahead inc case,2021-03-13,quantile,0.6,1380.48610695286
25,2021-02-22,19 day ahead inc case,2021-03-13,quantile,0.65,1505.4138302191486
25,2021-02-22,19 day ahead inc case,2021-03-13,quantile,0.7,1616.0037440877604
25,2021-02-22,19 day ahead inc case,2021-03-13,quantile,0.75,1763.38366923358
25,2021-02-22,19 day ahead inc case,2021-03-13,quantile,0.8,1934.012163889707
25,2021-02-22,19 day ahead inc case,2021-03-13,quantile,0.85,2132.1672381670096
25,2021-02-22,19 day ahead inc case,2021-03-13,quantile,0.9,2477.586661315076
25,2021-02-22,19 day ahead inc case,2021-03-13,quantile,0.95,2992.4930041916487
25,2021-02-22,19 day ahead inc case,2021-03-13,quantile,0.975,3560.1057327618255
25,2021-02-22,19 day ahead inc case,2021-03-13,quantile,0.99,4367.981088478799
25,2021-02-22,20 day ahead inc case,2021-03-14,quantile,0.01,83.71943691753629
25,2021-02-22,20 day ahead inc case,2021-03-14,quantile,0.025,168.64893630808223
25,2021-02-22,20 day ahead inc case,2021-03-14,quantile,0.05,245.8223130278505
25,2021-02-22,20 day ahead inc case,2021-03-14,quantile,0.1,356.6444978082155
25,2021-02-22,20 day ahead inc case,2021-03-14,quantile,0.15,466.5757634138993
25,2021-02-22,20 day ahead inc case,2021-03-14,quantile,0.2,551.5317185857708
25,2021-02-22,20 day ahead inc case,2021-03-14,quantile,0.25,662.2130746107218
25,2021-02-22,20 day ahead inc case,2021-03-14,quantile,0.3,766.5196994376931
25,2021-02-22,20 day ahead inc case,2021-03-14,quantile,0.35,850.4551785612789
25,2021-02-22,20 day ahead inc case,2021-03-14,quantile,0.4,922.0308081600668
25,2021-02-22,20 day ahead inc case,2021-03-14,quantile,0.45,1020.2592637777948
25,2021-02-22,20 day ahead inc case,2021-03-14,quantile,0.5,1110.872638951487
25,2021-02-22,20 day ahead inc case,2021-03-14,quantile,0.55,1252.3333167187138
25,2021-02-22,20 day ahead inc case,2021-03-14,quantile,0.6,1372.8871533244344
25,2021-02-22,20 day ahead inc case,2021-03-14,quantile,0.65,1492.729945124411
25,2021-02-22,20 day ahead inc case,2021-03-14,quantile,0.7,1608.452470862174
25,2021-02-22,20 day ahead inc case,2021-03-14,quantile,0.75,1777.8770684008036
25,2021-02-22,20 day ahead inc case,2021-03-14,quantile,0.8,1961.7393781085934
25,2021-02-22,20 day ahead inc case,2021-03-14,quantile,0.85,2178.206772365464
25,2021-02-22,20 day ahead inc case,2021-03-14,quantile,0.9,2509.6139385995198
25,2021-02-22,20 day ahead inc case,2021-03-14,quantile,0.95,2994.0228294644216
25,2021-02-22,20 day ahead inc case,2021-03-14,quantile,0.975,3612.2090106665178
25,2021-02-22,20 day ahead inc case,2021-03-14,quantile,0.99,4387.581811238865
25,2021-02-22,21 day ahead inc case,2021-03-15,quantile,0.01,68.07754662408323
25,2021-02-22,21 day ahead inc case,2021-03-15,quantile,0.025,141.18992206602158
25,2021-02-22,21 day ahead inc case,2021-03-15,quantile,0.05,216.32667395600086
25,2021-02-22,21 day ahead inc case,2021-03-15,quantile,0.1,329.19784378511133
25,2021-02-22,21 day ahead inc case,2021-03-15,quantile,0.15,431.7253719309428
25,2021-02-22,21 day ahead inc case,2021-03-15,quantile,0.2,526.792098611259
25,2021-02-22,21 day ahead inc case,2021-03-15,quantile,0.25,626.3843934348495
25,2021-02-22,21 day ahead inc case,2021-03-15,quantile,0.3,741.3722249822733
25,2021-02-22,21 day ahead inc case,2021-03-15,quantile,0.35,833.6967155111952
25,2021-02-22,21 day ahead inc case,2021-03-15,quantile,0.4,904.1174813473633
25,2021-02-22,21 day ahead inc case,2021-03-15,quantile,0.45,1003.2155311348878
25,2021-02-22,21 day ahead inc case,2021-03-15,quantile,0.5,1102.8649248093664
25,2021-02-22,21 day ahead inc case,2021-03-15,quantile,0.55,1252.9760720901102
25,2021-02-22,21 day ahead inc case,2021-03-15,quantile,0.6,1361.376471150321
25,2021-02-22,21 day ahead inc case,2021-03-15,quantile,0.65,1499.5481961731778
25,2021-02-22,21 day ahead inc case,2021-03-15,quantile,0.7,1638.932855727457
25,2021-02-22,21 day ahead inc case,2021-03-15,quantile,0.75,1816.120363728629
25,2021-02-22,21 day ahead inc case,2021-03-15,quantile,0.8,1984.207453795106
25,2021-02-22,21 day ahead inc case,2021-03-15,quantile,0.85,2260.6575361366054
25,2021-02-22,21 day ahead inc case,2021-03-15,quantile,0.9,2553.7686050463217
25,2021-02-22,21 day ahead inc case,2021-03-15,quantile,0.95,3113.312140186317
25,2021-02-22,21 day ahead inc case,2021-03-15,quantile,0.975,3702.974809282099
25,2021-02-22,21 day ahead inc case,2021-03-15,quantile,0.99,4675.910426282586
25,2021-02-22,22 day ahead inc case,2021-03-16,quantile,0.01,46.876610091128704
25,2021-02-22,22 day ahead inc case,2021-03-16,quantile,0.025,113.69564780873141
25,2021-02-22,22 day ahead inc case,2021-03-16,quantile,0.05,182.64077595480936
25,2021-02-22,22 day ahead inc case,2021-03-16,quantile,0.1,298.71053533776774
25,2021-02-22,22 day ahead inc case,2021-03-16,quantile,0.15,403.0194852261192
25,2021-02-22,22 day ahead inc case,2021-03-16,quantile,0.2,504.5596012018959
25,2021-02-22,22 day ahead inc case,2021-03-16,quantile,0.25,608.6648566139352
25,2021-02-22,22 day ahead inc case,2021-03-16,quantile,0.3,722.1109877101335
25,2021-02-22,22 day ahead inc case,2021-03-16,quantile,0.35,803.1957666690074
25,2021-02-22,22 day ahead inc case,2021-03-16,quantile,0.4,892.2126121270737
25,2021-02-22,22 day ahead inc case,2021-03-16,quantile,0.45,989.2283410403257
25,2021-02-22,22 day ahead inc case,2021-03-16,quantile,0.5,1095.164176381145
25,2021-02-22,22 day ahead inc case,2021-03-16,quantile,0.55,1231.75953371385
25,2021-02-22,22 day ahead inc case,2021-03-16,quantile,0.6,1366.511573822732
25,2021-02-22,22 day ahead inc case,2021-03-16,quantile,0.65,1500.2780015563628
25,2021-02-22,22 day ahead inc case,2021-03-16,quantile,0.7,1646.7237647966645
25,2021-02-22,22 day ahead inc case,2021-03-16,quantile,0.75,1826.1246926830072
25,2021-02-22,22 day ahead inc case,2021-03-16,quantile,0.8,2010.61287129672
25,2021-02-22,22 day ahead inc case,2021-03-16,quantile,0.85,2308.578863767101
25,2021-02-22,22 day ahead inc case,2021-03-16,quantile,0.9,2673.7717636071325
25,2021-02-22,22 day ahead inc case,2021-03-16,quantile,0.95,3269.972117578293
25,2021-02-22,22 day ahead inc case,2021-03-16,quantile,0.975,3833.627715575905
25,2021-02-22,22 day ahead inc case,2021-03-16,quantile,0.99,4752.114525708287
25,2021-02-22,23 day ahead inc case,2021-03-17,quantile,0.01,37.882120791984505
25,2021-02-22,23 day ahead inc case,2021-03-17,quantile,0.025,90.46693816379579
25,2021-02-22,23 day ahead inc case,2021-03-17,quantile,0.05,161.5255900920312
25,2021-02-22,23 day ahead inc case,2021-03-17,quantile,0.1,278.2743203979533
25,2021-02-22,23 day ahead inc case,2021-03-17,quantile,0.15,372.9596748443341
25,2021-02-22,23 day ahead inc case,2021-03-17,quantile,0.2,468.9570916509809
25,2021-02-22,23 day ahead inc case,2021-03-17,quantile,0.25,583.6340083687909
25,2021-02-22,23 day ahead inc case,2021-03-17,quantile,0.3,698.1107698395305
25,2021-02-22,23 day ahead inc case,2021-03-17,quantile,0.35,776.647748729527
25,2021-02-22,23 day ahead inc case,2021-03-17,quantile,0.4,870.2560154769934
25,2021-02-22,23 day ahead inc case,2021-03-17,quantile,0.45,975.2224502892368
25,2021-02-22,23 day ahead inc case,2021-03-17,quantile,0.5,1077.848634257379
25,2021-02-22,23 day ahead inc case,2021-03-17,quantile,0.55,1210.7274964344226
25,2021-02-22,23 day ahead inc case,2021-03-17,quantile,0.6,1350.8270149627474
25,2021-02-22,23 day ahead inc case,2021-03-17,quantile,0.65,1511.1588658081885
25,2021-02-22,23 day ahead inc case,2021-03-17,quantile,0.7,1670.92425186164
25,2021-02-22,23 day ahead inc case,2021-03-17,quantile,0.75,1833.2453882355562
25,2021-02-22,23 day ahead inc case,2021-03-17,quantile,0.8,2065.212014568869
25,2021-02-22,23 day ahead inc case,2021-03-17,quantile,0.85,2325.4980593293167
25,2021-02-22,23 day ahead inc case,2021-03-17,quantile,0.9,2689.933164115418
25,2021-02-22,23 day ahead inc case,2021-03-17,quantile,0.95,3377.3939051357993
25,2021-02-22,23 day ahead inc case,2021-03-17,quantile,0.975,4110.242312593078
25,2021-02-22,23 day ahead inc case,2021-03-17,quantile,0.99,5075.699877661973
25,2021-02-22,24 day ahead inc case,2021-03-18,quantile,0.01,29.145931875638045
25,2021-02-22,24 day ahead inc case,2021-03-18,quantile,0.025,76.95797513582774
25,2021-02-22,24 day ahead inc case,2021-03-18,quantile,0.05,133.84003646857212
25,2021-02-22,24 day ahead inc case,2021-03-18,quantile,0.1,249.66851955645126
25,2021-02-22,24 day ahead inc case,2021-03-18,quantile,0.15,349.12711661039805
25,2021-02-22,24 day ahead inc case,2021-03-18,quantile,0.2,459.70703933571764
25,2021-02-22,24 day ahead inc case,2021-03-18,quantile,0.25,570.4656715500935
25,2021-02-22,24 day ahead inc case,2021-03-18,quantile,0.3,665.4663397711489
25,2021-02-22,24 day ahead inc case,2021-03-18,quantile,0.35,766.1062612357769
25,2021-02-22,24 day ahead inc case,2021-03-18,quantile,0.4,858.7859624612095
25,2021-02-22,24 day ahead inc case,2021-03-18,quantile,0.45,955.0617417883869
25,2021-02-22,24 day ahead inc case,2021-03-18,quantile,0.5,1066.8632556277278
25,2021-02-22,24 day ahead inc case,2021-03-18,quantile,0.55,1178.6184979888703
25,2021-02-22,24 day ahead inc case,2021-03-18,quantile,0.6,1356.0204828754138
25,2021-02-22,24 day ahead inc case,2021-03-18,quantile,0.65,1520.9180131750095
25,2021-02-22,24 day ahead inc case,2021-03-18,quantile,0.7,1672.7690917467178
25,2021-02-22,24 day ahead inc case,2021-03-18,quantile,0.75,1845.5771350234427
25,2021-02-22,24 day ahead inc case,2021-03-18,quantile,0.8,2100.640494882008
25,2021-02-22,24 day ahead inc case,2021-03-18,quantile,0.85,2381.213014992936
25,2021-02-22,24 day ahead inc case,2021-03-18,quantile,0.9,2776.1661381887125
25,2021-02-22,24 day ahead inc case,2021-03-18,quantile,0.95,3533.8940801232643
25,2021-02-22,24 day ahead inc case,2021-03-18,quantile,0.975,4212.971744494676
25,2021-02-22,24 day ahead inc case,2021-03-18,quantile,0.99,5242.0195529452685
25,2021-02-22,25 day ahead inc case,2021-03-19,quantile,0.01,20.83276475168444
25,2021-02-22,25 day ahead inc case,2021-03-19,quantile,0.025,62.329884983519946
25,2021-02-22,25 day ahead inc case,2021-03-19,quantile,0.05,109.71131250570835
25,2021-02-22,25 day ahead inc case,2021-03-19,quantile,0.1,220.76044740852666
25,2021-02-22,25 day ahead inc case,2021-03-19,quantile,0.15,325.6626593513975
25,2021-02-22,25 day ahead inc case,2021-03-19,quantile,0.2,436.34115615731645
25,2021-02-22,25 day ahead inc case,2021-03-19,quantile,0.25,548.5656062085436
25,2021-02-22,25 day ahead inc case,2021-03-19,quantile,0.3,647.0887318070211
25,2021-02-22,25 day ahead inc case,2021-03-19,quantile,0.35,749.9861877086869
25,2021-02-22,25 day ahead inc case,2021-03-19,quantile,0.4,840.0974159119302
25,2021-02-22,25 day ahead inc case,2021-03-19,quantile,0.45,936.3869077625984
25,2021-02-22,25 day ahead inc case,2021-03-19,quantile,0.5,1061.9617858871738
25,2021-02-22,25 day ahead inc case,2021-03-19,quantile,0.55,1176.4459244201657
25,2021-02-22,25 day ahead inc case,2021-03-19,quantile,0.6,1351.286914090413
25,2021-02-22,25 day ahead inc case,2021-03-19,quantile,0.65,1515.3874761021234
25,2021-02-22,25 day ahead inc case,2021-03-19,quantile,0.7,1693.6817720416352
25,2021-02-22,25 day ahead inc case,2021-03-19,quantile,0.75,1885.5219107903067
25,2021-02-22,25 day ahead inc case,2021-03-19,quantile,0.8,2163.921894387917
25,2021-02-22,25 day ahead inc case,2021-03-19,quantile,0.85,2415.7532150240527
25,2021-02-22,25 day ahead inc case,2021-03-19,quantile,0.9,2789.773655970433
25,2021-02-22,25 day ahead inc case,2021-03-19,quantile,0.95,3671.822684976112
25,2021-02-22,25 day ahead inc case,2021-03-19,quantile,0.975,4290.013200919674
25,2021-02-22,25 day ahead inc case,2021-03-19,quantile,0.99,5586.62515371799
25,2021-02-22,26 day ahead inc case,2021-03-20,quantile,0.01,15.92398616551157
25,2021-02-22,26 day ahead inc case,2021-03-20,quantile,0.025,44.5805480958345
25,2021-02-22,26 day ahead inc case,2021-03-20,quantile,0.05,94.95237274234603
25,2021-02-22,26 day ahead inc case,2021-03-20,quantile,0.1,211.0584136620663
25,2021-02-22,26 day ahead inc case,2021-03-20,quantile,0.15,308.215282047751
25,2021-02-22,26 day ahead inc case,2021-03-20,quantile,0.2,416.55762751868
25,2021-02-22,26 day ahead inc case,2021-03-20,quantile,0.25,532.4445118470618
25,2021-02-22,26 day ahead inc case,2021-03-20,quantile,0.3,631.7289441050442
25,2021-02-22,26 day ahead inc case,2021-03-20,quantile,0.35,728.8812771508799
25,2021-02-22,26 day ahead inc case,2021-03-20,quantile,0.4,825.9627719899164
25,2021-02-22,26 day ahead inc case,2021-03-20,quantile,0.45,936.2330395684006
25,2021-02-22,26 day ahead inc case,2021-03-20,quantile,0.5,1021.0659016409813
25,2021-02-22,26 day ahead inc case,2021-03-20,quantile,0.55,1148.9360466940147
25,2021-02-22,26 day ahead inc case,2021-03-20,quantile,0.6,1326.5734982478496
25,2021-02-22,26 day ahead inc case,2021-03-20,quantile,0.65,1516.4437485135938
25,2021-02-22,26 day ahead inc case,2021-03-20,quantile,0.7,1714.5076556115669
25,2021-02-22,26 day ahead inc case,2021-03-20,quantile,0.75,1937.8097891615787
25,2021-02-22,26 day ahead inc case,2021-03-20,quantile,0.8,2194.3936994773753
25,2021-02-22,26 day ahead inc case,2021-03-20,quantile,0.85,2439.112999822455
25,2021-02-22,26 day ahead inc case,2021-03-20,quantile,0.9,2841.881309389217
25,2021-02-22,26 day ahead inc case,2021-03-20,quantile,0.95,3646.670860624901
25,2021-02-22,26 day ahead inc case,2021-03-20,quantile,0.975,4642.702831245543
25,2021-02-22,26 day ahead inc case,2021-03-20,quantile,0.99,5810.100952716441
25,2021-02-22,27 day ahead inc case,2021-03-21,quantile,0.01,9.914108432322562
25,2021-02-22,27 day ahead inc case,2021-03-21,quantile,0.025,32.69724665625681
25,2021-02-22,27 day ahead inc case,2021-03-21,quantile,0.05,82.9201947395119
25,2021-02-22,27 day ahead inc case,2021-03-21,quantile,0.1,184.64436630776686
25,2021-02-22,27 day ahead inc case,2021-03-21,quantile,0.15,288.56943908173
25,2021-02-22,27 day ahead inc case,2021-03-21,quantile,0.2,402.567374404543
25,2021-02-22,27 day ahead inc case,2021-03-21,quantile,0.25,523.769020578681
25,2021-02-22,27 day ahead inc case,2021-03-21,quantile,0.3,621.1365934146941
25,2021-02-22,27 day ahead inc case,2021-03-21,quantile,0.35,708.5420627765787
25,2021-02-22,27 day ahead inc case,2021-03-21,quantile,0.4,800.1342034679865
25,2021-02-22,27 day ahead inc case,2021-03-21,quantile,0.45,930.3501063028798
25,2021-02-22,27 day ahead inc case,2021-03-21,quantile,0.5,1020.5932957518885
25,2021-02-22,27 day ahead inc case,2021-03-21,quantile,0.55,1133.1381758488587
25,2021-02-22,27 day ahead inc case,2021-03-21,quantile,0.6,1322.0214752946438
25,2021-02-22,27 day ahead inc case,2021-03-21,quantile,0.65,1512.6031549964985
25,2021-02-22,27 day ahead inc case,2021-03-21,quantile,0.7,1734.258683214757
25,2021-02-22,27 day ahead inc case,2021-03-21,quantile,0.75,1976.7510865613092
25,2021-02-22,27 day ahead inc case,2021-03-21,quantile,0.8,2193.6298790431574
25,2021-02-22,27 day ahead inc case,2021-03-21,quantile,0.85,2506.19756096498
25,2021-02-22,27 day ahead inc case,2021-03-21,quantile,0.9,2893.935488325571
25,2021-02-22,27 day ahead inc case,2021-03-21,quantile,0.95,3769.144825873668
25,2021-02-22,27 day ahead inc case,2021-03-21,quantile,0.975,4852.1936653026105
25,2021-02-22,27 day ahead inc case,2021-03-21,quantile,0.99,5983.074830444832
25,2021-02-22,28 day ahead inc case,2021-03-22,quantile,0.01,5.439904995598374
25,2021-02-22,28 day ahead inc case,2021-03-22,quantile,0.025,23.68992233452641
25,2021-02-22,28 day ahead inc case,2021-03-22,quantile,0.05,70.14156445073206
25,2021-02-22,28 day ahead inc case,2021-03-22,quantile,0.1,155.2432185395674
25,2021-02-22,28 day ahead inc case,2021-03-22,quantile,0.15,271.1393508759068
25,2021-02-22,28 day ahead inc case,2021-03-22,quantile,0.2,370.71593936259353
25,2021-02-22,28 day ahead inc case,2021-03-22,quantile,0.25,496.83830649328223
25,2021-02-22,28 day ahead inc case,2021-03-22,quantile,0.3,584.6419887783654
25,2021-02-22,28 day ahead inc case,2021-03-22,quantile,0.35,694.2181623305961
25,2021-02-22,28 day ahead inc case,2021-03-22,quantile,0.4,779.9782393218294
25,2021-02-22,28 day ahead inc case,2021-03-22,quantile,0.45,902.2762637154931
25,2021-02-22,28 day ahead inc case,2021-03-22,quantile,0.5,1005.8291767941856
25,2021-02-22,28 day ahead inc case,2021-03-22,quantile,0.55,1146.442063334263
25,2021-02-22,28 day ahead inc case,2021-03-22,quantile,0.6,1323.0786061887065
25,2021-02-22,28 day ahead inc case,2021-03-22,quantile,0.65,1510.7928131508213
25,2021-02-22,28 day ahead inc case,2021-03-22,quantile,0.7,1727.7760096964466
25,2021-02-22,28 day ahead inc case,2021-03-22,quantile,0.75,1966.641348380685
25,2021-02-22,28 day ahead inc case,2021-03-22,quantile,0.8,2196.6486582772895
25,2021-02-22,28 day ahead inc case,2021-03-22,quantile,0.85,2497.5206286122198
25,2021-02-22,28 day ahead inc case,2021-03-22,quantile,0.9,2921.752944542462
25,2021-02-22,28 day ahead inc case,2021-03-22,quantile,0.95,3787.250980324764
25,2021-02-22,28 day ahead inc case,2021-03-22,quantile,0.975,5036.688429490325
25,2021-02-22,28 day ahead inc case,2021-03-22,quantile,0.99,6358.373447883746
