location,forecast_date,target,target_end_date,type,quantile,value
25,2021-03-01,1 day ahead inc hosp,2021-03-02,quantile,0.01,73.54414819169088
25,2021-03-01,1 day ahead inc hosp,2021-03-02,quantile,0.025,77.91747921613349
25,2021-03-01,1 day ahead inc hosp,2021-03-02,quantile,0.05,83.11695012024813
25,2021-03-01,1 day ahead inc hosp,2021-03-02,quantile,0.1,87.63733704814015
25,2021-03-01,1 day ahead inc hosp,2021-03-02,quantile,0.15,91.74661371251001
25,2021-03-01,1 day ahead inc hosp,2021-03-02,quantile,0.2,94.59005778022203
25,2021-03-01,1 day ahead inc hosp,2021-03-02,quantile,0.25,97.13192904082307
25,2021-03-01,1 day ahead inc hosp,2021-03-02,quantile,0.3,99.1659125888048
25,2021-03-01,1 day ahead inc hosp,2021-03-02,quantile,0.35,101.92965713876171
25,2021-03-01,1 day ahead inc hosp,2021-03-02,quantile,0.4,103.29657241450107
25,2021-03-01,1 day ahead inc hosp,2021-03-02,quantile,0.45,104.86135786300152
25,2021-03-01,1 day ahead inc hosp,2021-03-02,quantile,0.5,107.12145739822145
25,2021-03-01,1 day ahead inc hosp,2021-03-02,quantile,0.55,109.25051833309281
25,2021-03-01,1 day ahead inc hosp,2021-03-02,quantile,0.6,110.97786718887454
25,2021-03-01,1 day ahead inc hosp,2021-03-02,quantile,0.65,113.42351976537743
25,2021-03-01,1 day ahead inc hosp,2021-03-02,quantile,0.7,115.93482387154576
25,2021-03-01,1 day ahead inc hosp,2021-03-02,quantile,0.75,118.26951011911011
25,2021-03-01,1 day ahead inc hosp,2021-03-02,quantile,0.8,120.70653187642664
25,2021-03-01,1 day ahead inc hosp,2021-03-02,quantile,0.85,123.37853561741903
25,2021-03-01,1 day ahead inc hosp,2021-03-02,quantile,0.9,128.51066481437368
25,2021-03-01,1 day ahead inc hosp,2021-03-02,quantile,0.95,134.84606499322294
25,2021-03-01,1 day ahead inc hosp,2021-03-02,quantile,0.975,143.09294035100893
25,2021-03-01,1 day ahead inc hosp,2021-03-02,quantile,0.99,151.52464415788384
25,2021-03-01,2 day ahead inc hosp,2021-03-03,quantile,0.01,67.58837823300631
25,2021-03-01,2 day ahead inc hosp,2021-03-03,quantile,0.025,73.42003522444422
25,2021-03-01,2 day ahead inc hosp,2021-03-03,quantile,0.05,77.6818058377859
25,2021-03-01,2 day ahead inc hosp,2021-03-03,quantile,0.1,82.44201049296542
25,2021-03-01,2 day ahead inc hosp,2021-03-03,quantile,0.15,86.03570153563753
25,2021-03-01,2 day ahead inc hosp,2021-03-03,quantile,0.2,88.72464920459306
25,2021-03-01,2 day ahead inc hosp,2021-03-03,quantile,0.25,92.03549462803971
25,2021-03-01,2 day ahead inc hosp,2021-03-03,quantile,0.3,94.64337336585797
25,2021-03-01,2 day ahead inc hosp,2021-03-03,quantile,0.35,97.94689641052952
25,2021-03-01,2 day ahead inc hosp,2021-03-03,quantile,0.4,100.3934924281783
25,2021-03-01,2 day ahead inc hosp,2021-03-03,quantile,0.45,102.84883173970483
25,2021-03-01,2 day ahead inc hosp,2021-03-03,quantile,0.5,105.01272348285981
25,2021-03-01,2 day ahead inc hosp,2021-03-03,quantile,0.55,107.24542418673069
25,2021-03-01,2 day ahead inc hosp,2021-03-03,quantile,0.6,110.54068366625424
25,2021-03-01,2 day ahead inc hosp,2021-03-03,quantile,0.65,113.44795013233492
25,2021-03-01,2 day ahead inc hosp,2021-03-03,quantile,0.7,115.83964904649498
25,2021-03-01,2 day ahead inc hosp,2021-03-03,quantile,0.75,119.13515790238935
25,2021-03-01,2 day ahead inc hosp,2021-03-03,quantile,0.8,122.10304874740905
25,2021-03-01,2 day ahead inc hosp,2021-03-03,quantile,0.85,126.47896593094393
25,2021-03-01,2 day ahead inc hosp,2021-03-03,quantile,0.9,131.25989109815742
25,2021-03-01,2 day ahead inc hosp,2021-03-03,quantile,0.95,138.86707698860835
25,2021-03-01,2 day ahead inc hosp,2021-03-03,quantile,0.975,144.92756150130876
25,2021-03-01,2 day ahead inc hosp,2021-03-03,quantile,0.99,152.84977756459975
25,2021-03-01,3 day ahead inc hosp,2021-03-04,quantile,0.01,58.92653647854708
25,2021-03-01,3 day ahead inc hosp,2021-03-04,quantile,0.025,66.49701785269384
25,2021-03-01,3 day ahead inc hosp,2021-03-04,quantile,0.05,72.35815737062931
25,2021-03-01,3 day ahead inc hosp,2021-03-04,quantile,0.1,78.82049795175648
25,2021-03-01,3 day ahead inc hosp,2021-03-04,quantile,0.15,82.85150743165426
25,2021-03-01,3 day ahead inc hosp,2021-03-04,quantile,0.2,86.1525624815812
25,2021-03-01,3 day ahead inc hosp,2021-03-04,quantile,0.25,89.3437180119943
25,2021-03-01,3 day ahead inc hosp,2021-03-04,quantile,0.3,92.56408557410488
25,2021-03-01,3 day ahead inc hosp,2021-03-04,quantile,0.35,95.08344853933387
25,2021-03-01,3 day ahead inc hosp,2021-03-04,quantile,0.4,97.26814187680735
25,2021-03-01,3 day ahead inc hosp,2021-03-04,quantile,0.45,99.36282184883596
25,2021-03-01,3 day ahead inc hosp,2021-03-04,quantile,0.5,102.01227634600735
25,2021-03-01,3 day ahead inc hosp,2021-03-04,quantile,0.55,104.56609969132789
25,2021-03-01,3 day ahead inc hosp,2021-03-04,quantile,0.6,107.12169873382696
25,2021-03-01,3 day ahead inc hosp,2021-03-04,quantile,0.65,109.72227558885596
25,2021-03-01,3 day ahead inc hosp,2021-03-04,quantile,0.7,113.03947494801209
25,2021-03-01,3 day ahead inc hosp,2021-03-04,quantile,0.75,116.63899359423237
25,2021-03-01,3 day ahead inc hosp,2021-03-04,quantile,0.8,120.75627216306633
25,2021-03-01,3 day ahead inc hosp,2021-03-04,quantile,0.85,125.21356923124112
25,2021-03-01,3 day ahead inc hosp,2021-03-04,quantile,0.9,131.1235001453159
25,2021-03-01,3 day ahead inc hosp,2021-03-04,quantile,0.95,140.87396036753933
25,2021-03-01,3 day ahead inc hosp,2021-03-04,quantile,0.975,149.29711546279492
25,2021-03-01,3 day ahead inc hosp,2021-03-04,quantile,0.99,160.72204866833314
25,2021-03-01,4 day ahead inc hosp,2021-03-05,quantile,0.01,61.3877573220051
25,2021-03-01,4 day ahead inc hosp,2021-03-05,quantile,0.025,66.36708819433638
25,2021-03-01,4 day ahead inc hosp,2021-03-05,quantile,0.05,71.6251991191479
25,2021-03-01,4 day ahead inc hosp,2021-03-05,quantile,0.1,77.0926836071046
25,2021-03-01,4 day ahead inc hosp,2021-03-05,quantile,0.15,81.78339707754188
25,2021-03-01,4 day ahead inc hosp,2021-03-05,quantile,0.2,85.38541781901668
25,2021-03-01,4 day ahead inc hosp,2021-03-05,quantile,0.25,88.81233566445061
25,2021-03-01,4 day ahead inc hosp,2021-03-05,quantile,0.3,91.9590700551667
25,2021-03-01,4 day ahead inc hosp,2021-03-05,quantile,0.35,94.21444950598458
25,2021-03-01,4 day ahead inc hosp,2021-03-05,quantile,0.4,96.6478425586275
25,2021-03-01,4 day ahead inc hosp,2021-03-05,quantile,0.45,99.08103024868974
25,2021-03-01,4 day ahead inc hosp,2021-03-05,quantile,0.5,101.7986053824798
25,2021-03-01,4 day ahead inc hosp,2021-03-05,quantile,0.55,104.77024136825133
25,2021-03-01,4 day ahead inc hosp,2021-03-05,quantile,0.6,108.56576003788527
25,2021-03-01,4 day ahead inc hosp,2021-03-05,quantile,0.65,111.6921776435057
25,2021-03-01,4 day ahead inc hosp,2021-03-05,quantile,0.7,115.89904769916608
25,2021-03-01,4 day ahead inc hosp,2021-03-05,quantile,0.75,119.26619418503172
25,2021-03-01,4 day ahead inc hosp,2021-03-05,quantile,0.8,123.09424515696311
25,2021-03-01,4 day ahead inc hosp,2021-03-05,quantile,0.85,128.29691762592188
25,2021-03-01,4 day ahead inc hosp,2021-03-05,quantile,0.9,133.91799068084748
25,2021-03-01,4 day ahead inc hosp,2021-03-05,quantile,0.95,142.83268830039967
25,2021-03-01,4 day ahead inc hosp,2021-03-05,quantile,0.975,151.81345213030525
25,2021-03-01,4 day ahead inc hosp,2021-03-05,quantile,0.99,165.3176303558756
25,2021-03-01,5 day ahead inc hosp,2021-03-06,quantile,0.01,56.23380026502541
25,2021-03-01,5 day ahead inc hosp,2021-03-06,quantile,0.025,61.53777606598431
25,2021-03-01,5 day ahead inc hosp,2021-03-06,quantile,0.05,68.1749287004386
25,2021-03-01,5 day ahead inc hosp,2021-03-06,quantile,0.1,74.30702667938124
25,2021-03-01,5 day ahead inc hosp,2021-03-06,quantile,0.15,78.59456133713209
25,2021-03-01,5 day ahead inc hosp,2021-03-06,quantile,0.2,83.61423295760702
25,2021-03-01,5 day ahead inc hosp,2021-03-06,quantile,0.25,87.24093775224723
25,2021-03-01,5 day ahead inc hosp,2021-03-06,quantile,0.3,89.44060925903985
25,2021-03-01,5 day ahead inc hosp,2021-03-06,quantile,0.35,91.9964640580953
25,2021-03-01,5 day ahead inc hosp,2021-03-06,quantile,0.4,95.46519404164363
25,2021-03-01,5 day ahead inc hosp,2021-03-06,quantile,0.45,98.34090276988925
25,2021-03-01,5 day ahead inc hosp,2021-03-06,quantile,0.5,101.34095345940145
25,2021-03-01,5 day ahead inc hosp,2021-03-06,quantile,0.55,104.26175672108496
25,2021-03-01,5 day ahead inc hosp,2021-03-06,quantile,0.6,107.46419577439923
25,2021-03-01,5 day ahead inc hosp,2021-03-06,quantile,0.65,111.0149734967111
25,2021-03-01,5 day ahead inc hosp,2021-03-06,quantile,0.7,114.87064344152124
25,2021-03-01,5 day ahead inc hosp,2021-03-06,quantile,0.75,119.1796731776653
25,2021-03-01,5 day ahead inc hosp,2021-03-06,quantile,0.8,123.03084739229419
25,2021-03-01,5 day ahead inc hosp,2021-03-06,quantile,0.85,127.44378024412626
25,2021-03-01,5 day ahead inc hosp,2021-03-06,quantile,0.9,133.38626268828645
25,2021-03-01,5 day ahead inc hosp,2021-03-06,quantile,0.95,143.50282335230963
25,2021-03-01,5 day ahead inc hosp,2021-03-06,quantile,0.975,153.86957909923325
25,2021-03-01,5 day ahead inc hosp,2021-03-06,quantile,0.99,166.5590351129878
25,2021-03-01,6 day ahead inc hosp,2021-03-07,quantile,0.01,42.48790232480003
25,2021-03-01,6 day ahead inc hosp,2021-03-07,quantile,0.025,49.530830091110225
25,2021-03-01,6 day ahead inc hosp,2021-03-07,quantile,0.05,53.918966510786966
25,2021-03-01,6 day ahead inc hosp,2021-03-07,quantile,0.1,61.035673172559065
25,2021-03-01,6 day ahead inc hosp,2021-03-07,quantile,0.15,64.8216860824147
25,2021-03-01,6 day ahead inc hosp,2021-03-07,quantile,0.2,67.9883743574843
25,2021-03-01,6 day ahead inc hosp,2021-03-07,quantile,0.25,70.73034220995915
25,2021-03-01,6 day ahead inc hosp,2021-03-07,quantile,0.3,73.67222916802464
25,2021-03-01,6 day ahead inc hosp,2021-03-07,quantile,0.35,76.56550161282787
25,2021-03-01,6 day ahead inc hosp,2021-03-07,quantile,0.4,79.11882550605235
25,2021-03-01,6 day ahead inc hosp,2021-03-07,quantile,0.45,81.98741418246384
25,2021-03-01,6 day ahead inc hosp,2021-03-07,quantile,0.5,85.11988006606512
25,2021-03-01,6 day ahead inc hosp,2021-03-07,quantile,0.55,87.95688255486321
25,2021-03-01,6 day ahead inc hosp,2021-03-07,quantile,0.6,91.00596854240933
25,2021-03-01,6 day ahead inc hosp,2021-03-07,quantile,0.65,93.98459704435884
25,2021-03-01,6 day ahead inc hosp,2021-03-07,quantile,0.7,96.64814534194596
25,2021-03-01,6 day ahead inc hosp,2021-03-07,quantile,0.75,99.89930820254555
25,2021-03-01,6 day ahead inc hosp,2021-03-07,quantile,0.8,102.83951200018468
25,2021-03-01,6 day ahead inc hosp,2021-03-07,quantile,0.85,108.6610901205627
25,2021-03-01,6 day ahead inc hosp,2021-03-07,quantile,0.9,114.19908847236499
25,2021-03-01,6 day ahead inc hosp,2021-03-07,quantile,0.95,126.29238738441396
25,2021-03-01,6 day ahead inc hosp,2021-03-07,quantile,0.975,135.80546566415916
25,2021-03-01,6 day ahead inc hosp,2021-03-07,quantile,0.99,150.81820165224443
25,2021-03-01,7 day ahead inc hosp,2021-03-08,quantile,0.01,47.158888188424285
25,2021-03-01,7 day ahead inc hosp,2021-03-08,quantile,0.025,53.559796773659926
25,2021-03-01,7 day ahead inc hosp,2021-03-08,quantile,0.05,58.59036895461331
25,2021-03-01,7 day ahead inc hosp,2021-03-08,quantile,0.1,64.46142704441773
25,2021-03-01,7 day ahead inc hosp,2021-03-08,quantile,0.15,69.31656631366238
25,2021-03-01,7 day ahead inc hosp,2021-03-08,quantile,0.2,74.4963110936729
25,2021-03-01,7 day ahead inc hosp,2021-03-08,quantile,0.25,78.73359132348857
25,2021-03-01,7 day ahead inc hosp,2021-03-08,quantile,0.3,80.93446498796004
25,2021-03-01,7 day ahead inc hosp,2021-03-08,quantile,0.35,84.54757295951029
25,2021-03-01,7 day ahead inc hosp,2021-03-08,quantile,0.4,87.96726818249697
25,2021-03-01,7 day ahead inc hosp,2021-03-08,quantile,0.45,90.51930302790468
25,2021-03-01,7 day ahead inc hosp,2021-03-08,quantile,0.5,93.28858635682228
25,2021-03-01,7 day ahead inc hosp,2021-03-08,quantile,0.55,96.32200520496889
25,2021-03-01,7 day ahead inc hosp,2021-03-08,quantile,0.6,99.16649698511812
25,2021-03-01,7 day ahead inc hosp,2021-03-08,quantile,0.65,102.54497354314684
25,2021-03-01,7 day ahead inc hosp,2021-03-08,quantile,0.7,106.38157367056712
25,2021-03-01,7 day ahead inc hosp,2021-03-08,quantile,0.75,109.88445926112892
25,2021-03-01,7 day ahead inc hosp,2021-03-08,quantile,0.8,113.56686664586915
25,2021-03-01,7 day ahead inc hosp,2021-03-08,quantile,0.85,118.54004225452607
25,2021-03-01,7 day ahead inc hosp,2021-03-08,quantile,0.9,124.71320013159392
25,2021-03-01,7 day ahead inc hosp,2021-03-08,quantile,0.95,137.66299365055724
25,2021-03-01,7 day ahead inc hosp,2021-03-08,quantile,0.975,150.44968811951048
25,2021-03-01,7 day ahead inc hosp,2021-03-08,quantile,0.99,162.5543601525333
25,2021-03-01,8 day ahead inc hosp,2021-03-09,quantile,0.01,48.89139596335329
25,2021-03-01,8 day ahead inc hosp,2021-03-09,quantile,0.025,56.21442483921252
25,2021-03-01,8 day ahead inc hosp,2021-03-09,quantile,0.05,64.65647814250755
25,2021-03-01,8 day ahead inc hosp,2021-03-09,quantile,0.1,71.96302993262253
25,2021-03-01,8 day ahead inc hosp,2021-03-09,quantile,0.15,77.56134330802006
25,2021-03-01,8 day ahead inc hosp,2021-03-09,quantile,0.2,83.88062400359456
25,2021-03-01,8 day ahead inc hosp,2021-03-09,quantile,0.25,88.38661355908292
25,2021-03-01,8 day ahead inc hosp,2021-03-09,quantile,0.3,92.19612637991337
25,2021-03-01,8 day ahead inc hosp,2021-03-09,quantile,0.35,95.10145533067104
25,2021-03-01,8 day ahead inc hosp,2021-03-09,quantile,0.4,98.63138195169138
25,2021-03-01,8 day ahead inc hosp,2021-03-09,quantile,0.45,102.20072619324063
25,2021-03-01,8 day ahead inc hosp,2021-03-09,quantile,0.5,105.69291821400698
25,2021-03-01,8 day ahead inc hosp,2021-03-09,quantile,0.55,108.89604271409142
25,2021-03-01,8 day ahead inc hosp,2021-03-09,quantile,0.6,112.14062659790943
25,2021-03-01,8 day ahead inc hosp,2021-03-09,quantile,0.65,116.19746880211184
25,2021-03-01,8 day ahead inc hosp,2021-03-09,quantile,0.7,120.80765069772542
25,2021-03-01,8 day ahead inc hosp,2021-03-09,quantile,0.75,125.39777204666514
25,2021-03-01,8 day ahead inc hosp,2021-03-09,quantile,0.8,130.04882518048498
25,2021-03-01,8 day ahead inc hosp,2021-03-09,quantile,0.85,136.76903080196217
25,2021-03-01,8 day ahead inc hosp,2021-03-09,quantile,0.9,144.76979125968185
25,2021-03-01,8 day ahead inc hosp,2021-03-09,quantile,0.95,159.37738561732363
25,2021-03-01,8 day ahead inc hosp,2021-03-09,quantile,0.975,173.1869448174249
25,2021-03-01,8 day ahead inc hosp,2021-03-09,quantile,0.99,197.48234982667216
25,2021-03-01,9 day ahead inc hosp,2021-03-10,quantile,0.01,42.26468565777301
25,2021-03-01,9 day ahead inc hosp,2021-03-10,quantile,0.025,47.58335604453009
25,2021-03-01,9 day ahead inc hosp,2021-03-10,quantile,0.05,58.00010394991953
25,2021-03-01,9 day ahead inc hosp,2021-03-10,quantile,0.1,66.93679557882872
25,2021-03-01,9 day ahead inc hosp,2021-03-10,quantile,0.15,73.14132303858729
25,2021-03-01,9 day ahead inc hosp,2021-03-10,quantile,0.2,78.1030091259534
25,2021-03-01,9 day ahead inc hosp,2021-03-10,quantile,0.25,81.5342541273579
25,2021-03-01,9 day ahead inc hosp,2021-03-10,quantile,0.3,85.50364572448777
25,2021-03-01,9 day ahead inc hosp,2021-03-10,quantile,0.35,88.61102671404363
25,2021-03-01,9 day ahead inc hosp,2021-03-10,quantile,0.4,91.74563977718765
25,2021-03-01,9 day ahead inc hosp,2021-03-10,quantile,0.45,95.69315460541812
25,2021-03-01,9 day ahead inc hosp,2021-03-10,quantile,0.5,98.81400664462798
25,2021-03-01,9 day ahead inc hosp,2021-03-10,quantile,0.55,101.62327219173768
25,2021-03-01,9 day ahead inc hosp,2021-03-10,quantile,0.6,104.87942045257459
25,2021-03-01,9 day ahead inc hosp,2021-03-10,quantile,0.65,108.18151908887774
25,2021-03-01,9 day ahead inc hosp,2021-03-10,quantile,0.7,113.44605058783702
25,2021-03-01,9 day ahead inc hosp,2021-03-10,quantile,0.75,119.04839027346839
25,2021-03-01,9 day ahead inc hosp,2021-03-10,quantile,0.8,124.05279874504916
25,2021-03-01,9 day ahead inc hosp,2021-03-10,quantile,0.85,131.3866565004628
25,2021-03-01,9 day ahead inc hosp,2021-03-10,quantile,0.9,144.23900620436572
25,2021-03-01,9 day ahead inc hosp,2021-03-10,quantile,0.95,162.8531728288611
25,2021-03-01,9 day ahead inc hosp,2021-03-10,quantile,0.975,181.00410140407556
25,2021-03-01,9 day ahead inc hosp,2021-03-10,quantile,0.99,202.69101022607077
25,2021-03-01,10 day ahead inc hosp,2021-03-11,quantile,0.01,40.49687406632673
25,2021-03-01,10 day ahead inc hosp,2021-03-11,quantile,0.025,48.367698108494984
25,2021-03-01,10 day ahead inc hosp,2021-03-11,quantile,0.05,57.028491138316525
25,2021-03-01,10 day ahead inc hosp,2021-03-11,quantile,0.1,65.57836361225601
25,2021-03-01,10 day ahead inc hosp,2021-03-11,quantile,0.15,70.87106834935418
25,2021-03-01,10 day ahead inc hosp,2021-03-11,quantile,0.2,75.7218823504865
25,2021-03-01,10 day ahead inc hosp,2021-03-11,quantile,0.25,79.53508164244126
25,2021-03-01,10 day ahead inc hosp,2021-03-11,quantile,0.3,85.33176636445407
25,2021-03-01,10 day ahead inc hosp,2021-03-11,quantile,0.35,88.3151587272476
25,2021-03-01,10 day ahead inc hosp,2021-03-11,quantile,0.4,91.11849274782513
25,2021-03-01,10 day ahead inc hosp,2021-03-11,quantile,0.45,94.87355287831089
25,2021-03-01,10 day ahead inc hosp,2021-03-11,quantile,0.5,98.55768765018662
25,2021-03-01,10 day ahead inc hosp,2021-03-11,quantile,0.55,101.65098646376994
25,2021-03-01,10 day ahead inc hosp,2021-03-11,quantile,0.6,106.97232652958803
25,2021-03-01,10 day ahead inc hosp,2021-03-11,quantile,0.65,110.880495167507
25,2021-03-01,10 day ahead inc hosp,2021-03-11,quantile,0.7,115.53646469812948
25,2021-03-01,10 day ahead inc hosp,2021-03-11,quantile,0.75,120.97907786037621
25,2021-03-01,10 day ahead inc hosp,2021-03-11,quantile,0.8,127.15404730870884
25,2021-03-01,10 day ahead inc hosp,2021-03-11,quantile,0.85,134.85459964280602
25,2021-03-01,10 day ahead inc hosp,2021-03-11,quantile,0.9,144.53538652268412
25,2021-03-01,10 day ahead inc hosp,2021-03-11,quantile,0.95,160.12913124831476
25,2021-03-01,10 day ahead inc hosp,2021-03-11,quantile,0.975,177.30463768805214
25,2021-03-01,10 day ahead inc hosp,2021-03-11,quantile,0.99,201.78225901716505
25,2021-03-01,11 day ahead inc hosp,2021-03-12,quantile,0.01,37.811480130556085
25,2021-03-01,11 day ahead inc hosp,2021-03-12,quantile,0.025,46.456294021321355
25,2021-03-01,11 day ahead inc hosp,2021-03-12,quantile,0.05,52.33226902730327
25,2021-03-01,11 day ahead inc hosp,2021-03-12,quantile,0.1,63.749669597816386
25,2021-03-01,11 day ahead inc hosp,2021-03-12,quantile,0.15,70.07312364948457
25,2021-03-01,11 day ahead inc hosp,2021-03-12,quantile,0.2,74.4888728357769
25,2021-03-01,11 day ahead inc hosp,2021-03-12,quantile,0.25,78.243682233791
25,2021-03-01,11 day ahead inc hosp,2021-03-12,quantile,0.3,82.53263750820788
25,2021-03-01,11 day ahead inc hosp,2021-03-12,quantile,0.35,87.5336874497027
25,2021-03-01,11 day ahead inc hosp,2021-03-12,quantile,0.4,91.67899522933467
25,2021-03-01,11 day ahead inc hosp,2021-03-12,quantile,0.45,95.27657431154573
25,2021-03-01,11 day ahead inc hosp,2021-03-12,quantile,0.5,98.68038016961833
25,2021-03-01,11 day ahead inc hosp,2021-03-12,quantile,0.55,102.16181006113145
25,2021-03-01,11 day ahead inc hosp,2021-03-12,quantile,0.6,106.5513388456418
25,2021-03-01,11 day ahead inc hosp,2021-03-12,quantile,0.65,111.5597065996386
25,2021-03-01,11 day ahead inc hosp,2021-03-12,quantile,0.7,115.97763206899633
25,2021-03-01,11 day ahead inc hosp,2021-03-12,quantile,0.75,124.10150231990559
25,2021-03-01,11 day ahead inc hosp,2021-03-12,quantile,0.8,130.7047566624053
25,2021-03-01,11 day ahead inc hosp,2021-03-12,quantile,0.85,137.5329784353876
25,2021-03-01,11 day ahead inc hosp,2021-03-12,quantile,0.9,149.22451528188907
25,2021-03-01,11 day ahead inc hosp,2021-03-12,quantile,0.95,166.7481512891935
25,2021-03-01,11 day ahead inc hosp,2021-03-12,quantile,0.975,181.1429588418481
25,2021-03-01,11 day ahead inc hosp,2021-03-12,quantile,0.99,214.38867765442845
25,2021-03-01,12 day ahead inc hosp,2021-03-13,quantile,0.01,34.01807326576455
25,2021-03-01,12 day ahead inc hosp,2021-03-13,quantile,0.025,42.37771538186163
25,2021-03-01,12 day ahead inc hosp,2021-03-13,quantile,0.05,49.621726993553736
25,2021-03-01,12 day ahead inc hosp,2021-03-13,quantile,0.1,59.08542209456615
25,2021-03-01,12 day ahead inc hosp,2021-03-13,quantile,0.15,65.26181516863107
25,2021-03-01,12 day ahead inc hosp,2021-03-13,quantile,0.2,71.59696615593786
25,2021-03-01,12 day ahead inc hosp,2021-03-13,quantile,0.25,77.3110427411635
25,2021-03-01,12 day ahead inc hosp,2021-03-13,quantile,0.3,81.19743973960797
25,2021-03-01,12 day ahead inc hosp,2021-03-13,quantile,0.35,85.84718945358586
25,2021-03-01,12 day ahead inc hosp,2021-03-13,quantile,0.4,89.49052870328536
25,2021-03-01,12 day ahead inc hosp,2021-03-13,quantile,0.45,94.08535804052701
25,2021-03-01,12 day ahead inc hosp,2021-03-13,quantile,0.5,97.64763916082266
25,2021-03-01,12 day ahead inc hosp,2021-03-13,quantile,0.55,102.14840638482706
25,2021-03-01,12 day ahead inc hosp,2021-03-13,quantile,0.6,106.66085124225833
25,2021-03-01,12 day ahead inc hosp,2021-03-13,quantile,0.65,110.46086593541465
25,2021-03-01,12 day ahead inc hosp,2021-03-13,quantile,0.7,115.79862962057965
25,2021-03-01,12 day ahead inc hosp,2021-03-13,quantile,0.75,122.27239659005589
25,2021-03-01,12 day ahead inc hosp,2021-03-13,quantile,0.8,129.3945021310982
25,2021-03-01,12 day ahead inc hosp,2021-03-13,quantile,0.85,137.60619309353527
25,2021-03-01,12 day ahead inc hosp,2021-03-13,quantile,0.9,150.67322478163757
25,2021-03-01,12 day ahead inc hosp,2021-03-13,quantile,0.95,171.70965669183215
25,2021-03-01,12 day ahead inc hosp,2021-03-13,quantile,0.975,189.7496601226191
25,2021-03-01,12 day ahead inc hosp,2021-03-13,quantile,0.99,219.25545017868887
25,2021-03-01,13 day ahead inc hosp,2021-03-14,quantile,0.01,26.229793319824985
25,2021-03-01,13 day ahead inc hosp,2021-03-14,quantile,0.025,32.60777476856091
25,2021-03-01,13 day ahead inc hosp,2021-03-14,quantile,0.05,40.50364718888026
25,2021-03-01,13 day ahead inc hosp,2021-03-14,quantile,0.1,49.21723365700033
25,2021-03-01,13 day ahead inc hosp,2021-03-14,quantile,0.15,56.2885059688857
25,2021-03-01,13 day ahead inc hosp,2021-03-14,quantile,0.2,60.96943663780733
25,2021-03-01,13 day ahead inc hosp,2021-03-14,quantile,0.25,64.28658323916419
25,2021-03-01,13 day ahead inc hosp,2021-03-14,quantile,0.3,68.2011159314369
25,2021-03-01,13 day ahead inc hosp,2021-03-14,quantile,0.35,73.13061533531116
25,2021-03-01,13 day ahead inc hosp,2021-03-14,quantile,0.4,77.56439416537329
25,2021-03-01,13 day ahead inc hosp,2021-03-14,quantile,0.45,81.87241378691787
25,2021-03-01,13 day ahead inc hosp,2021-03-14,quantile,0.5,86.0367926397773
25,2021-03-01,13 day ahead inc hosp,2021-03-14,quantile,0.55,89.2990598456118
25,2021-03-01,13 day ahead inc hosp,2021-03-14,quantile,0.6,93.94683452267303
25,2021-03-01,13 day ahead inc hosp,2021-03-14,quantile,0.65,99.26228895886528
25,2021-03-01,13 day ahead inc hosp,2021-03-14,quantile,0.7,103.00842499585791
25,2021-03-01,13 day ahead inc hosp,2021-03-14,quantile,0.75,108.23111378675377
25,2021-03-01,13 day ahead inc hosp,2021-03-14,quantile,0.8,114.24367454408589
25,2021-03-01,13 day ahead inc hosp,2021-03-14,quantile,0.85,122.71005920350174
25,2021-03-01,13 day ahead inc hosp,2021-03-14,quantile,0.9,133.9185763530216
25,2021-03-01,13 day ahead inc hosp,2021-03-14,quantile,0.95,154.36746805816537
25,2021-03-01,13 day ahead inc hosp,2021-03-14,quantile,0.975,175.7994397016745
25,2021-03-01,13 day ahead inc hosp,2021-03-14,quantile,0.99,193.20293503800792
25,2021-03-01,14 day ahead inc hosp,2021-03-15,quantile,0.01,26.170409622883355
25,2021-03-01,14 day ahead inc hosp,2021-03-15,quantile,0.025,34.54609643876874
25,2021-03-01,14 day ahead inc hosp,2021-03-15,quantile,0.05,43.303946118805925
25,2021-03-01,14 day ahead inc hosp,2021-03-15,quantile,0.1,53.438685695148045
25,2021-03-01,14 day ahead inc hosp,2021-03-15,quantile,0.15,59.947482354855
25,2021-03-01,14 day ahead inc hosp,2021-03-15,quantile,0.2,66.07752843950186
25,2021-03-01,14 day ahead inc hosp,2021-03-15,quantile,0.25,70.27492752630162
25,2021-03-01,14 day ahead inc hosp,2021-03-15,quantile,0.3,74.95909203837205
25,2021-03-01,14 day ahead inc hosp,2021-03-15,quantile,0.35,78.89393146065176
25,2021-03-01,14 day ahead inc hosp,2021-03-15,quantile,0.4,83.26210214073336
25,2021-03-01,14 day ahead inc hosp,2021-03-15,quantile,0.45,86.85906016629919
25,2021-03-01,14 day ahead inc hosp,2021-03-15,quantile,0.5,92.15874811145932
25,2021-03-01,14 day ahead inc hosp,2021-03-15,quantile,0.55,96.37330263145387
25,2021-03-01,14 day ahead inc hosp,2021-03-15,quantile,0.6,101.37932406489408
25,2021-03-01,14 day ahead inc hosp,2021-03-15,quantile,0.65,107.02193805965355
25,2021-03-01,14 day ahead inc hosp,2021-03-15,quantile,0.7,112.295414610172
25,2021-03-01,14 day ahead inc hosp,2021-03-15,quantile,0.75,118.39258361273626
25,2021-03-01,14 day ahead inc hosp,2021-03-15,quantile,0.8,126.85618571327285
25,2021-03-01,14 day ahead inc hosp,2021-03-15,quantile,0.85,138.17901254020637
25,2021-03-01,14 day ahead inc hosp,2021-03-15,quantile,0.9,151.63773349476224
25,2021-03-01,14 day ahead inc hosp,2021-03-15,quantile,0.95,165.73643857529302
25,2021-03-01,14 day ahead inc hosp,2021-03-15,quantile,0.975,189.59923262206772
25,2021-03-01,14 day ahead inc hosp,2021-03-15,quantile,0.99,211.78402590934786
25,2021-03-01,15 day ahead inc hosp,2021-03-16,quantile,0.01,29.74581857868102
25,2021-03-01,15 day ahead inc hosp,2021-03-16,quantile,0.025,37.29747103652713
25,2021-03-01,15 day ahead inc hosp,2021-03-16,quantile,0.05,43.02701969945318
25,2021-03-01,15 day ahead inc hosp,2021-03-16,quantile,0.1,56.679219100587986
25,2021-03-01,15 day ahead inc hosp,2021-03-16,quantile,0.15,64.37545286733636
25,2021-03-01,15 day ahead inc hosp,2021-03-16,quantile,0.2,71.19376802213814
25,2021-03-01,15 day ahead inc hosp,2021-03-16,quantile,0.25,77.66574795816678
25,2021-03-01,15 day ahead inc hosp,2021-03-16,quantile,0.3,83.52817339502096
25,2021-03-01,15 day ahead inc hosp,2021-03-16,quantile,0.35,87.98866139186566
25,2021-03-01,15 day ahead inc hosp,2021-03-16,quantile,0.4,93.10723680401718
25,2021-03-01,15 day ahead inc hosp,2021-03-16,quantile,0.45,97.80993558808213
25,2021-03-01,15 day ahead inc hosp,2021-03-16,quantile,0.5,101.92125190531053
25,2021-03-01,15 day ahead inc hosp,2021-03-16,quantile,0.55,106.37645617972069
25,2021-03-01,15 day ahead inc hosp,2021-03-16,quantile,0.6,111.90303038266391
25,2021-03-01,15 day ahead inc hosp,2021-03-16,quantile,0.65,117.70751281117201
25,2021-03-01,15 day ahead inc hosp,2021-03-16,quantile,0.7,124.19401724047998
25,2021-03-01,15 day ahead inc hosp,2021-03-16,quantile,0.75,130.0827858564035
25,2021-03-01,15 day ahead inc hosp,2021-03-16,quantile,0.8,137.04482043901496
25,2021-03-01,15 day ahead inc hosp,2021-03-16,quantile,0.85,149.27919406930744
25,2021-03-01,15 day ahead inc hosp,2021-03-16,quantile,0.9,163.67339441348904
25,2021-03-01,15 day ahead inc hosp,2021-03-16,quantile,0.95,184.92082348433817
25,2021-03-01,15 day ahead inc hosp,2021-03-16,quantile,0.975,209.27440914448647
25,2021-03-01,15 day ahead inc hosp,2021-03-16,quantile,0.99,229.17825633643446
25,2021-03-01,16 day ahead inc hosp,2021-03-17,quantile,0.01,24.995031879210806
25,2021-03-01,16 day ahead inc hosp,2021-03-17,quantile,0.025,34.046998580058364
25,2021-03-01,16 day ahead inc hosp,2021-03-17,quantile,0.05,40.619207099823655
25,2021-03-01,16 day ahead inc hosp,2021-03-17,quantile,0.1,54.75688367390454
25,2021-03-01,16 day ahead inc hosp,2021-03-17,quantile,0.15,63.09804985358404
25,2021-03-01,16 day ahead inc hosp,2021-03-17,quantile,0.2,69.60335380876596
25,2021-03-01,16 day ahead inc hosp,2021-03-17,quantile,0.25,75.85627656705456
25,2021-03-01,16 day ahead inc hosp,2021-03-17,quantile,0.3,80.62549030774562
25,2021-03-01,16 day ahead inc hosp,2021-03-17,quantile,0.35,85.25938651104498
25,2021-03-01,16 day ahead inc hosp,2021-03-17,quantile,0.4,89.94662166176134
25,2021-03-01,16 day ahead inc hosp,2021-03-17,quantile,0.45,94.03690052241913
25,2021-03-01,16 day ahead inc hosp,2021-03-17,quantile,0.5,98.68742704886931
25,2021-03-01,16 day ahead inc hosp,2021-03-17,quantile,0.55,103.97082933000523
25,2021-03-01,16 day ahead inc hosp,2021-03-17,quantile,0.6,111.01923326211815
25,2021-03-01,16 day ahead inc hosp,2021-03-17,quantile,0.65,117.85359773399199
25,2021-03-01,16 day ahead inc hosp,2021-03-17,quantile,0.7,123.24407701070099
25,2021-03-01,16 day ahead inc hosp,2021-03-17,quantile,0.75,130.6650166356928
25,2021-03-01,16 day ahead inc hosp,2021-03-17,quantile,0.8,141.5777892062918
25,2021-03-01,16 day ahead inc hosp,2021-03-17,quantile,0.85,154.50851435257172
25,2021-03-01,16 day ahead inc hosp,2021-03-17,quantile,0.9,170.1769378353643
25,2021-03-01,16 day ahead inc hosp,2021-03-17,quantile,0.95,193.15436384571188
25,2021-03-01,16 day ahead inc hosp,2021-03-17,quantile,0.975,208.591212321478
25,2021-03-01,16 day ahead inc hosp,2021-03-17,quantile,0.99,247.01418810792416
25,2021-03-01,17 day ahead inc hosp,2021-03-18,quantile,0.01,22.119706562038388
25,2021-03-01,17 day ahead inc hosp,2021-03-18,quantile,0.025,29.44240918137586
25,2021-03-01,17 day ahead inc hosp,2021-03-18,quantile,0.05,40.17888994660798
25,2021-03-01,17 day ahead inc hosp,2021-03-18,quantile,0.1,52.117117935193306
25,2021-03-01,17 day ahead inc hosp,2021-03-18,quantile,0.15,59.52484824691455
25,2021-03-01,17 day ahead inc hosp,2021-03-18,quantile,0.2,66.49012710081598
25,2021-03-01,17 day ahead inc hosp,2021-03-18,quantile,0.25,71.68491704451742
25,2021-03-01,17 day ahead inc hosp,2021-03-18,quantile,0.3,76.8013194858137
25,2021-03-01,17 day ahead inc hosp,2021-03-18,quantile,0.35,82.63165055369716
25,2021-03-01,17 day ahead inc hosp,2021-03-18,quantile,0.4,88.01184519721258
25,2021-03-01,17 day ahead inc hosp,2021-03-18,quantile,0.45,93.53775051541083
25,2021-03-01,17 day ahead inc hosp,2021-03-18,quantile,0.5,97.5172987954116
25,2021-03-01,17 day ahead inc hosp,2021-03-18,quantile,0.55,103.00592115502673
25,2021-03-01,17 day ahead inc hosp,2021-03-18,quantile,0.6,108.16548976649447
25,2021-03-01,17 day ahead inc hosp,2021-03-18,quantile,0.65,113.38516343408104
25,2021-03-01,17 day ahead inc hosp,2021-03-18,quantile,0.7,121.40573286347733
25,2021-03-01,17 day ahead inc hosp,2021-03-18,quantile,0.75,130.36853380946923
25,2021-03-01,17 day ahead inc hosp,2021-03-18,quantile,0.8,139.99663901845275
25,2021-03-01,17 day ahead inc hosp,2021-03-18,quantile,0.85,150.83055478055806
25,2021-03-01,17 day ahead inc hosp,2021-03-18,quantile,0.9,168.31530426412468
25,2021-03-01,17 day ahead inc hosp,2021-03-18,quantile,0.95,196.34934467536442
25,2021-03-01,17 day ahead inc hosp,2021-03-18,quantile,0.975,224.39109812742026
25,2021-03-01,17 day ahead inc hosp,2021-03-18,quantile,0.99,257.4755688646698
25,2021-03-01,18 day ahead inc hosp,2021-03-19,quantile,0.01,20.881842062168424
25,2021-03-01,18 day ahead inc hosp,2021-03-19,quantile,0.025,29.551411148349754
25,2021-03-01,18 day ahead inc hosp,2021-03-19,quantile,0.05,37.292883031917775
25,2021-03-01,18 day ahead inc hosp,2021-03-19,quantile,0.1,51.34964486643122
25,2021-03-01,18 day ahead inc hosp,2021-03-19,quantile,0.15,57.5146403951177
25,2021-03-01,18 day ahead inc hosp,2021-03-19,quantile,0.2,65.62763257879213
25,2021-03-01,18 day ahead inc hosp,2021-03-19,quantile,0.25,71.38781297862721
25,2021-03-01,18 day ahead inc hosp,2021-03-19,quantile,0.3,77.44477282022174
25,2021-03-01,18 day ahead inc hosp,2021-03-19,quantile,0.35,82.83703481291674
25,2021-03-01,18 day ahead inc hosp,2021-03-19,quantile,0.4,87.55431228842632
25,2021-03-01,18 day ahead inc hosp,2021-03-19,quantile,0.45,93.55635923849225
25,2021-03-01,18 day ahead inc hosp,2021-03-19,quantile,0.5,99.38797412838377
25,2021-03-01,18 day ahead inc hosp,2021-03-19,quantile,0.55,104.38521887850874
25,2021-03-01,18 day ahead inc hosp,2021-03-19,quantile,0.6,109.79220518080697
25,2021-03-01,18 day ahead inc hosp,2021-03-19,quantile,0.65,115.37301786494
25,2021-03-01,18 day ahead inc hosp,2021-03-19,quantile,0.7,122.29328021981206
25,2021-03-01,18 day ahead inc hosp,2021-03-19,quantile,0.75,130.6223046486811
25,2021-03-01,18 day ahead inc hosp,2021-03-19,quantile,0.8,143.0163005105974
25,2021-03-01,18 day ahead inc hosp,2021-03-19,quantile,0.85,156.45090529848275
25,2021-03-01,18 day ahead inc hosp,2021-03-19,quantile,0.9,171.14789446995746
25,2021-03-01,18 day ahead inc hosp,2021-03-19,quantile,0.95,206.16775387384746
25,2021-03-01,18 day ahead inc hosp,2021-03-19,quantile,0.975,234.71333235754705
25,2021-03-01,18 day ahead inc hosp,2021-03-19,quantile,0.99,276.104270246974
25,2021-03-01,19 day ahead inc hosp,2021-03-20,quantile,0.01,18.00654067248855
25,2021-03-01,19 day ahead inc hosp,2021-03-20,quantile,0.025,25.87611765943208
25,2021-03-01,19 day ahead inc hosp,2021-03-20,quantile,0.05,35.113009533836106
25,2021-03-01,19 day ahead inc hosp,2021-03-20,quantile,0.1,46.63929527175605
25,2021-03-01,19 day ahead inc hosp,2021-03-20,quantile,0.15,56.239633346977485
25,2021-03-01,19 day ahead inc hosp,2021-03-20,quantile,0.2,64.29408585293085
25,2021-03-01,19 day ahead inc hosp,2021-03-20,quantile,0.25,70.62337915435407
25,2021-03-01,19 day ahead inc hosp,2021-03-20,quantile,0.3,76.43289487733409
25,2021-03-01,19 day ahead inc hosp,2021-03-20,quantile,0.35,80.40699699509975
25,2021-03-01,19 day ahead inc hosp,2021-03-20,quantile,0.4,85.42784696323912
25,2021-03-01,19 day ahead inc hosp,2021-03-20,quantile,0.45,91.46718105802262
25,2021-03-01,19 day ahead inc hosp,2021-03-20,quantile,0.5,95.94803512692931
25,2021-03-01,19 day ahead inc hosp,2021-03-20,quantile,0.55,102.88082580969265
25,2021-03-01,19 day ahead inc hosp,2021-03-20,quantile,0.6,109.49823080429444
25,2021-03-01,19 day ahead inc hosp,2021-03-20,quantile,0.65,116.14667553280366
25,2021-03-01,19 day ahead inc hosp,2021-03-20,quantile,0.7,123.31690907578009
25,2021-03-01,19 day ahead inc hosp,2021-03-20,quantile,0.75,132.56800117348902
25,2021-03-01,19 day ahead inc hosp,2021-03-20,quantile,0.8,142.8610639594527
25,2021-03-01,19 day ahead inc hosp,2021-03-20,quantile,0.85,155.39108477408502
25,2021-03-01,19 day ahead inc hosp,2021-03-20,quantile,0.9,175.11388074343247
25,2021-03-01,19 day ahead inc hosp,2021-03-20,quantile,0.95,208.7903122060252
25,2021-03-01,19 day ahead inc hosp,2021-03-20,quantile,0.975,240.5540564011456
25,2021-03-01,19 day ahead inc hosp,2021-03-20,quantile,0.99,284.9437233015906
25,2021-03-01,20 day ahead inc hosp,2021-03-21,quantile,0.01,11.521801612203774
25,2021-03-01,20 day ahead inc hosp,2021-03-21,quantile,0.025,20.789084585314413
25,2021-03-01,20 day ahead inc hosp,2021-03-21,quantile,0.05,31.18979572416892
25,2021-03-01,20 day ahead inc hosp,2021-03-21,quantile,0.1,41.6757654497898
25,2021-03-01,20 day ahead inc hosp,2021-03-21,quantile,0.15,48.281836948466534
25,2021-03-01,20 day ahead inc hosp,2021-03-21,quantile,0.2,55.99388217476539
25,2021-03-01,20 day ahead inc hosp,2021-03-21,quantile,0.25,61.219304679838395
25,2021-03-01,20 day ahead inc hosp,2021-03-21,quantile,0.3,65.97016937232661
25,2021-03-01,20 day ahead inc hosp,2021-03-21,quantile,0.35,72.02999012075283
25,2021-03-01,20 day ahead inc hosp,2021-03-21,quantile,0.4,77.24636911586413
25,2021-03-01,20 day ahead inc hosp,2021-03-21,quantile,0.45,81.66764891656892
25,2021-03-01,20 day ahead inc hosp,2021-03-21,quantile,0.5,87.03593683891674
25,2021-03-01,20 day ahead inc hosp,2021-03-21,quantile,0.55,93.49525518494504
25,2021-03-01,20 day ahead inc hosp,2021-03-21,quantile,0.6,100.8186129600756
25,2021-03-01,20 day ahead inc hosp,2021-03-21,quantile,0.65,106.07440011257036
25,2021-03-01,20 day ahead inc hosp,2021-03-21,quantile,0.7,113.73912398596961
25,2021-03-01,20 day ahead inc hosp,2021-03-21,quantile,0.75,123.80925516573474
25,2021-03-01,20 day ahead inc hosp,2021-03-21,quantile,0.8,133.60147228473537
25,2021-03-01,20 day ahead inc hosp,2021-03-21,quantile,0.85,147.60997828000876
25,2021-03-01,20 day ahead inc hosp,2021-03-21,quantile,0.9,165.30681662295774
25,2021-03-01,20 day ahead inc hosp,2021-03-21,quantile,0.95,200.14389902642836
25,2021-03-01,20 day ahead inc hosp,2021-03-21,quantile,0.975,233.91069350438354
25,2021-03-01,20 day ahead inc hosp,2021-03-21,quantile,0.99,268.2516386508416
25,2021-03-01,21 day ahead inc hosp,2021-03-22,quantile,0.01,11.745287052481764
25,2021-03-01,21 day ahead inc hosp,2021-03-22,quantile,0.025,18.854993657795212
25,2021-03-01,21 day ahead inc hosp,2021-03-22,quantile,0.05,29.961700721902233
25,2021-03-01,21 day ahead inc hosp,2021-03-22,quantile,0.1,39.94000973915854
25,2021-03-01,21 day ahead inc hosp,2021-03-22,quantile,0.15,48.63860610215762
25,2021-03-01,21 day ahead inc hosp,2021-03-22,quantile,0.2,58.66417244840782
25,2021-03-01,21 day ahead inc hosp,2021-03-22,quantile,0.25,63.011442667372
25,2021-03-01,21 day ahead inc hosp,2021-03-22,quantile,0.3,67.44958220295096
25,2021-03-01,21 day ahead inc hosp,2021-03-22,quantile,0.35,72.40442504714795
25,2021-03-01,21 day ahead inc hosp,2021-03-22,quantile,0.4,77.80404753200685
25,2021-03-01,21 day ahead inc hosp,2021-03-22,quantile,0.45,83.74484752771053
25,2021-03-01,21 day ahead inc hosp,2021-03-22,quantile,0.5,89.78478181671476
25,2021-03-01,21 day ahead inc hosp,2021-03-22,quantile,0.55,96.81838829979641
25,2021-03-01,21 day ahead inc hosp,2021-03-22,quantile,0.6,103.03780228146064
25,2021-03-01,21 day ahead inc hosp,2021-03-22,quantile,0.65,109.83829988024071
25,2021-03-01,21 day ahead inc hosp,2021-03-22,quantile,0.7,117.861220245918
25,2021-03-01,21 day ahead inc hosp,2021-03-22,quantile,0.75,126.17128535352838
25,2021-03-01,21 day ahead inc hosp,2021-03-22,quantile,0.8,137.86531253101117
25,2021-03-01,21 day ahead inc hosp,2021-03-22,quantile,0.85,152.2616180293704
25,2021-03-01,21 day ahead inc hosp,2021-03-22,quantile,0.9,171.1237532303975
25,2021-03-01,21 day ahead inc hosp,2021-03-22,quantile,0.95,216.42454964318682
25,2021-03-01,21 day ahead inc hosp,2021-03-22,quantile,0.975,244.55591917525987
25,2021-03-01,21 day ahead inc hosp,2021-03-22,quantile,0.99,275.14241487053556
25,2021-03-01,22 day ahead inc hosp,2021-03-23,quantile,0.01,12.21868352738301
25,2021-03-01,22 day ahead inc hosp,2021-03-23,quantile,0.025,22.105396615479577
25,2021-03-01,22 day ahead inc hosp,2021-03-23,quantile,0.05,32.38468736269411
25,2021-03-01,22 day ahead inc hosp,2021-03-23,quantile,0.1,43.703327005770426
25,2021-03-01,22 day ahead inc hosp,2021-03-23,quantile,0.15,54.10037750762851
25,2021-03-01,22 day ahead inc hosp,2021-03-23,quantile,0.2,60.299527688299506
25,2021-03-01,22 day ahead inc hosp,2021-03-23,quantile,0.25,66.2857115962134
25,2021-03-01,22 day ahead inc hosp,2021-03-23,quantile,0.3,72.89547402439176
25,2021-03-01,22 day ahead inc hosp,2021-03-23,quantile,0.35,80.37937625411195
25,2021-03-01,22 day ahead inc hosp,2021-03-23,quantile,0.4,85.6806483608252
25,2021-03-01,22 day ahead inc hosp,2021-03-23,quantile,0.45,91.2105580614433
25,2021-03-01,22 day ahead inc hosp,2021-03-23,quantile,0.5,98.87850832874048
25,2021-03-01,22 day ahead inc hosp,2021-03-23,quantile,0.55,105.40930552767753
25,2021-03-01,22 day ahead inc hosp,2021-03-23,quantile,0.6,113.15491040985626
25,2021-03-01,22 day ahead inc hosp,2021-03-23,quantile,0.65,120.77612393913788
25,2021-03-01,22 day ahead inc hosp,2021-03-23,quantile,0.7,129.3377124932878
25,2021-03-01,22 day ahead inc hosp,2021-03-23,quantile,0.75,138.93457917338662
25,2021-03-01,22 day ahead inc hosp,2021-03-23,quantile,0.8,149.4413028755209
25,2021-03-01,22 day ahead inc hosp,2021-03-23,quantile,0.85,167.9618269227224
25,2021-03-01,22 day ahead inc hosp,2021-03-23,quantile,0.9,187.10277800091757
25,2021-03-01,22 day ahead inc hosp,2021-03-23,quantile,0.95,235.64332366433263
25,2021-03-01,22 day ahead inc hosp,2021-03-23,quantile,0.975,271.9257948175512
25,2021-03-01,22 day ahead inc hosp,2021-03-23,quantile,0.99,335.7048257870369
25,2021-03-01,23 day ahead inc hosp,2021-03-24,quantile,0.01,9.539896932550603
25,2021-03-01,23 day ahead inc hosp,2021-03-24,quantile,0.025,19.759852461920037
25,2021-03-01,23 day ahead inc hosp,2021-03-24,quantile,0.05,29.337139860732044
25,2021-03-01,23 day ahead inc hosp,2021-03-24,quantile,0.1,41.7428616456752
25,2021-03-01,23 day ahead inc hosp,2021-03-24,quantile,0.15,51.92636990860219
25,2021-03-01,23 day ahead inc hosp,2021-03-24,quantile,0.2,59.71295404055349
25,2021-03-01,23 day ahead inc hosp,2021-03-24,quantile,0.25,68.19855390264446
25,2021-03-01,23 day ahead inc hosp,2021-03-24,quantile,0.3,73.42393844693385
25,2021-03-01,23 day ahead inc hosp,2021-03-24,quantile,0.35,79.38246016926104
25,2021-03-01,23 day ahead inc hosp,2021-03-24,quantile,0.4,85.89316871976644
25,2021-03-01,23 day ahead inc hosp,2021-03-24,quantile,0.45,92.97990325782357
25,2021-03-01,23 day ahead inc hosp,2021-03-24,quantile,0.5,99.64947464741424
25,2021-03-01,23 day ahead inc hosp,2021-03-24,quantile,0.55,106.8498802211132
25,2021-03-01,23 day ahead inc hosp,2021-03-24,quantile,0.6,113.87483750025527
25,2021-03-01,23 day ahead inc hosp,2021-03-24,quantile,0.65,122.33763918904008
25,2021-03-01,23 day ahead inc hosp,2021-03-24,quantile,0.7,129.84771357558466
25,2021-03-01,23 day ahead inc hosp,2021-03-24,quantile,0.75,141.60891186365126
25,2021-03-01,23 day ahead inc hosp,2021-03-24,quantile,0.8,156.12467596640025
25,2021-03-01,23 day ahead inc hosp,2021-03-24,quantile,0.85,173.17223833680362
25,2021-03-01,23 day ahead inc hosp,2021-03-24,quantile,0.9,201.11906634850894
25,2021-03-01,23 day ahead inc hosp,2021-03-24,quantile,0.95,244.42415548502296
25,2021-03-01,23 day ahead inc hosp,2021-03-24,quantile,0.975,276.05684570289395
25,2021-03-01,23 day ahead inc hosp,2021-03-24,quantile,0.99,333.1773339365339
25,2021-03-01,24 day ahead inc hosp,2021-03-25,quantile,0.01,6.5299167134515494
25,2021-03-01,24 day ahead inc hosp,2021-03-25,quantile,0.025,17.038655046063415
25,2021-03-01,24 day ahead inc hosp,2021-03-25,quantile,0.05,26.534515287579122
25,2021-03-01,24 day ahead inc hosp,2021-03-25,quantile,0.1,40.561867232953716
25,2021-03-01,24 day ahead inc hosp,2021-03-25,quantile,0.15,50.35919604614954
25,2021-03-01,24 day ahead inc hosp,2021-03-25,quantile,0.2,57.5620825123171
25,2021-03-01,24 day ahead inc hosp,2021-03-25,quantile,0.25,64.64436268807019
25,2021-03-01,24 day ahead inc hosp,2021-03-25,quantile,0.3,71.31405389636235
25,2021-03-01,24 day ahead inc hosp,2021-03-25,quantile,0.35,79.4498903140296
25,2021-03-01,24 day ahead inc hosp,2021-03-25,quantile,0.4,85.71983986371981
25,2021-03-01,24 day ahead inc hosp,2021-03-25,quantile,0.45,93.51397945106055
25,2021-03-01,24 day ahead inc hosp,2021-03-25,quantile,0.5,100.26175994532059
25,2021-03-01,24 day ahead inc hosp,2021-03-25,quantile,0.55,107.46412415505486
25,2021-03-01,24 day ahead inc hosp,2021-03-25,quantile,0.6,113.7643992829985
25,2021-03-01,24 day ahead inc hosp,2021-03-25,quantile,0.65,121.49179307854835
25,2021-03-01,24 day ahead inc hosp,2021-03-25,quantile,0.7,131.83232289830494
25,2021-03-01,24 day ahead inc hosp,2021-03-25,quantile,0.75,141.75603146780784
25,2021-03-01,24 day ahead inc hosp,2021-03-25,quantile,0.8,154.32613487801234
25,2021-03-01,24 day ahead inc hosp,2021-03-25,quantile,0.85,171.35346237608613
25,2021-03-01,24 day ahead inc hosp,2021-03-25,quantile,0.9,195.33420787005124
25,2021-03-01,24 day ahead inc hosp,2021-03-25,quantile,0.95,244.73019305029354
25,2021-03-01,24 day ahead inc hosp,2021-03-25,quantile,0.975,288.1763989019838
25,2021-03-01,24 day ahead inc hosp,2021-03-25,quantile,0.99,334.7587942043041
25,2021-03-01,25 day ahead inc hosp,2021-03-26,quantile,0.01,6.3973516291558745
25,2021-03-01,25 day ahead inc hosp,2021-03-26,quantile,0.025,16.435971940282656
25,2021-03-01,25 day ahead inc hosp,2021-03-26,quantile,0.05,26.97320843793385
25,2021-03-01,25 day ahead inc hosp,2021-03-26,quantile,0.1,39.599255281157085
25,2021-03-01,25 day ahead inc hosp,2021-03-26,quantile,0.15,48.23450878850279
25,2021-03-01,25 day ahead inc hosp,2021-03-26,quantile,0.2,56.01154310055073
25,2021-03-01,25 day ahead inc hosp,2021-03-26,quantile,0.25,63.37891080578381
25,2021-03-01,25 day ahead inc hosp,2021-03-26,quantile,0.3,70.25173448521646
25,2021-03-01,25 day ahead inc hosp,2021-03-26,quantile,0.35,77.78624463208686
25,2021-03-01,25 day ahead inc hosp,2021-03-26,quantile,0.4,85.31578000048708
25,2021-03-01,25 day ahead inc hosp,2021-03-26,quantile,0.45,92.0840738654496
25,2021-03-01,25 day ahead inc hosp,2021-03-26,quantile,0.5,100.70552137242875
25,2021-03-01,25 day ahead inc hosp,2021-03-26,quantile,0.55,106.5241035772933
25,2021-03-01,25 day ahead inc hosp,2021-03-26,quantile,0.6,113.12782796308612
25,2021-03-01,25 day ahead inc hosp,2021-03-26,quantile,0.65,122.6573737778462
25,2021-03-01,25 day ahead inc hosp,2021-03-26,quantile,0.7,134.69470882137182
25,2021-03-01,25 day ahead inc hosp,2021-03-26,quantile,0.75,144.26330372389418
25,2021-03-01,25 day ahead inc hosp,2021-03-26,quantile,0.8,156.20555651517589
25,2021-03-01,25 day ahead inc hosp,2021-03-26,quantile,0.85,172.84549347558945
25,2021-03-01,25 day ahead inc hosp,2021-03-26,quantile,0.9,200.6703856789192
25,2021-03-01,25 day ahead inc hosp,2021-03-26,quantile,0.95,252.6310821963176
25,2021-03-01,25 day ahead inc hosp,2021-03-26,quantile,0.975,305.5288079003807
25,2021-03-01,25 day ahead inc hosp,2021-03-26,quantile,0.99,338.8198497233026
25,2021-03-01,26 day ahead inc hosp,2021-03-27,quantile,0.01,5.82984904619498
25,2021-03-01,26 day ahead inc hosp,2021-03-27,quantile,0.025,14.448934822974909
25,2021-03-01,26 day ahead inc hosp,2021-03-27,quantile,0.05,26.52511744120717
25,2021-03-01,26 day ahead inc hosp,2021-03-27,quantile,0.1,36.194567477855195
25,2021-03-01,26 day ahead inc hosp,2021-03-27,quantile,0.15,46.650895604185145
25,2021-03-01,26 day ahead inc hosp,2021-03-27,quantile,0.2,54.786592945133044
25,2021-03-01,26 day ahead inc hosp,2021-03-27,quantile,0.25,63.07507964100253
25,2021-03-01,26 day ahead inc hosp,2021-03-27,quantile,0.3,70.58607730228815
25,2021-03-01,26 day ahead inc hosp,2021-03-27,quantile,0.35,76.74252203946594
25,2021-03-01,26 day ahead inc hosp,2021-03-27,quantile,0.4,84.49886975037019
25,2021-03-01,26 day ahead inc hosp,2021-03-27,quantile,0.45,90.54460030827263
25,2021-03-01,26 day ahead inc hosp,2021-03-27,quantile,0.5,98.6199746409683
25,2021-03-01,26 day ahead inc hosp,2021-03-27,quantile,0.55,105.6626795237801
25,2021-03-01,26 day ahead inc hosp,2021-03-27,quantile,0.6,114.61408165805258
25,2021-03-01,26 day ahead inc hosp,2021-03-27,quantile,0.65,124.58358016044566
25,2021-03-01,26 day ahead inc hosp,2021-03-27,quantile,0.7,132.39807091405316
25,2021-03-01,26 day ahead inc hosp,2021-03-27,quantile,0.75,145.0616513170377
25,2021-03-01,26 day ahead inc hosp,2021-03-27,quantile,0.8,159.0555457743862
25,2021-03-01,26 day ahead inc hosp,2021-03-27,quantile,0.85,178.56136452132722
25,2021-03-01,26 day ahead inc hosp,2021-03-27,quantile,0.9,198.73166416682233
25,2021-03-01,26 day ahead inc hosp,2021-03-27,quantile,0.95,258.6898615612692
25,2021-03-01,26 day ahead inc hosp,2021-03-27,quantile,0.975,323.35361357946834
25,2021-03-01,26 day ahead inc hosp,2021-03-27,quantile,0.99,369.36431548363083
25,2021-03-01,27 day ahead inc hosp,2021-03-28,quantile,0.01,4.584315837553305
25,2021-03-01,27 day ahead inc hosp,2021-03-28,quantile,0.025,11.252775182264863
25,2021-03-01,27 day ahead inc hosp,2021-03-28,quantile,0.05,21.586310689531427
25,2021-03-01,27 day ahead inc hosp,2021-03-28,quantile,0.1,32.077277989878134
25,2021-03-01,27 day ahead inc hosp,2021-03-28,quantile,0.15,41.25688692515866
25,2021-03-01,27 day ahead inc hosp,2021-03-28,quantile,0.2,49.81377057466852
25,2021-03-01,27 day ahead inc hosp,2021-03-28,quantile,0.25,57.51927134374502
25,2021-03-01,27 day ahead inc hosp,2021-03-28,quantile,0.3,64.11536031698
25,2021-03-01,27 day ahead inc hosp,2021-03-28,quantile,0.35,71.11902312576653
25,2021-03-01,27 day ahead inc hosp,2021-03-28,quantile,0.4,77.75435244524633
25,2021-03-01,27 day ahead inc hosp,2021-03-28,quantile,0.45,84.84255921720587
25,2021-03-01,27 day ahead inc hosp,2021-03-28,quantile,0.5,92.2393347819814
25,2021-03-01,27 day ahead inc hosp,2021-03-28,quantile,0.55,99.85051945043436
25,2021-03-01,27 day ahead inc hosp,2021-03-28,quantile,0.6,107.68884266033908
25,2021-03-01,27 day ahead inc hosp,2021-03-28,quantile,0.65,117.77323506216517
25,2021-03-01,27 day ahead inc hosp,2021-03-28,quantile,0.7,127.99431708919727
25,2021-03-01,27 day ahead inc hosp,2021-03-28,quantile,0.75,140.75842850306546
25,2021-03-01,27 day ahead inc hosp,2021-03-28,quantile,0.8,153.29617131821706
25,2021-03-01,27 day ahead inc hosp,2021-03-28,quantile,0.85,172.51686419571377
25,2021-03-01,27 day ahead inc hosp,2021-03-28,quantile,0.9,201.12270800527816
25,2021-03-01,27 day ahead inc hosp,2021-03-28,quantile,0.95,255.71987515144954
25,2021-03-01,27 day ahead inc hosp,2021-03-28,quantile,0.975,297.3103015993889
25,2021-03-01,27 day ahead inc hosp,2021-03-28,quantile,0.99,372.2120229696878
25,2021-03-01,28 day ahead inc hosp,2021-03-29,quantile,0.01,3.3130687036663686
25,2021-03-01,28 day ahead inc hosp,2021-03-29,quantile,0.025,10.455151292816838
25,2021-03-01,28 day ahead inc hosp,2021-03-29,quantile,0.05,21.181999057614437
25,2021-03-01,28 day ahead inc hosp,2021-03-29,quantile,0.1,32.01771543496633
25,2021-03-01,28 day ahead inc hosp,2021-03-29,quantile,0.15,39.80890850076986
25,2021-03-01,28 day ahead inc hosp,2021-03-29,quantile,0.2,49.17222360916066
25,2021-03-01,28 day ahead inc hosp,2021-03-29,quantile,0.25,55.36355787499483
25,2021-03-01,28 day ahead inc hosp,2021-03-29,quantile,0.3,63.69511000774551
25,2021-03-01,28 day ahead inc hosp,2021-03-29,quantile,0.35,70.88339422851301
25,2021-03-01,28 day ahead inc hosp,2021-03-29,quantile,0.4,75.47154964103801
25,2021-03-01,28 day ahead inc hosp,2021-03-29,quantile,0.45,82.65810201263115
25,2021-03-01,28 day ahead inc hosp,2021-03-29,quantile,0.5,90.83727947260562
25,2021-03-01,28 day ahead inc hosp,2021-03-29,quantile,0.55,97.51787736960948
25,2021-03-01,28 day ahead inc hosp,2021-03-29,quantile,0.6,107.22186914908804
25,2021-03-01,28 day ahead inc hosp,2021-03-29,quantile,0.65,118.28862691562743
25,2021-03-01,28 day ahead inc hosp,2021-03-29,quantile,0.7,126.82078646144254
25,2021-03-01,28 day ahead inc hosp,2021-03-29,quantile,0.75,140.66700230856515
25,2021-03-01,28 day ahead inc hosp,2021-03-29,quantile,0.8,154.57806720097918
25,2021-03-01,28 day ahead inc hosp,2021-03-29,quantile,0.85,171.80886083232895
25,2021-03-01,28 day ahead inc hosp,2021-03-29,quantile,0.9,199.6319264480164
25,2021-03-01,28 day ahead inc hosp,2021-03-29,quantile,0.95,252.16885506100664
25,2021-03-01,28 day ahead inc hosp,2021-03-29,quantile,0.975,326.28810004640764
25,2021-03-01,28 day ahead inc hosp,2021-03-29,quantile,0.99,388.7532826881349
