location,forecast_date,target,target_end_date,type,quantile,value
25,2021-03-01,1 day ahead inc hosp,2021-03-02,quantile,0.01,76.0389432896197
25,2021-03-01,1 day ahead inc hosp,2021-03-02,quantile,0.025,84.0460423395817
25,2021-03-01,1 day ahead inc hosp,2021-03-02,quantile,0.05,86.94326801308162
25,2021-03-01,1 day ahead inc hosp,2021-03-02,quantile,0.1,91.3862661171603
25,2021-03-01,1 day ahead inc hosp,2021-03-02,quantile,0.15,95.81120422808978
25,2021-03-01,1 day ahead inc hosp,2021-03-02,quantile,0.2,98.74042368875338
25,2021-03-01,1 day ahead inc hosp,2021-03-02,quantile,0.25,101.60556665032658
25,2021-03-01,1 day ahead inc hosp,2021-03-02,quantile,0.3,104.59482161713493
25,2021-03-01,1 day ahead inc hosp,2021-03-02,quantile,0.35,107.02596912751135
25,2021-03-01,1 day ahead inc hosp,2021-03-02,quantile,0.4,109.01595784377108
25,2021-03-01,1 day ahead inc hosp,2021-03-02,quantile,0.45,111.23523324156467
25,2021-03-01,1 day ahead inc hosp,2021-03-02,quantile,0.5,114.67976217005886
25,2021-03-01,1 day ahead inc hosp,2021-03-02,quantile,0.55,117.14108280740068
25,2021-03-01,1 day ahead inc hosp,2021-03-02,quantile,0.6,120.35248973269194
25,2021-03-01,1 day ahead inc hosp,2021-03-02,quantile,0.65,122.87966449065074
25,2021-03-01,1 day ahead inc hosp,2021-03-02,quantile,0.7,126.09400845437779
25,2021-03-01,1 day ahead inc hosp,2021-03-02,quantile,0.75,128.85195229803628
25,2021-03-01,1 day ahead inc hosp,2021-03-02,quantile,0.8,132.15805994371365
25,2021-03-01,1 day ahead inc hosp,2021-03-02,quantile,0.85,137.8661652908447
25,2021-03-01,1 day ahead inc hosp,2021-03-02,quantile,0.9,142.97153630338644
25,2021-03-01,1 day ahead inc hosp,2021-03-02,quantile,0.95,151.41303615791486
25,2021-03-01,1 day ahead inc hosp,2021-03-02,quantile,0.975,161.95413922968632
25,2021-03-01,1 day ahead inc hosp,2021-03-02,quantile,0.99,174.64769601133202
25,2021-03-01,2 day ahead inc hosp,2021-03-03,quantile,0.01,54.8100013335573
25,2021-03-01,2 day ahead inc hosp,2021-03-03,quantile,0.025,62.80009948014462
25,2021-03-01,2 day ahead inc hosp,2021-03-03,quantile,0.05,67.3099947399353
25,2021-03-01,2 day ahead inc hosp,2021-03-03,quantile,0.1,75.46021751202537
25,2021-03-01,2 day ahead inc hosp,2021-03-03,quantile,0.15,79.71807037650605
25,2021-03-01,2 day ahead inc hosp,2021-03-03,quantile,0.2,83.7936801814795
25,2021-03-01,2 day ahead inc hosp,2021-03-03,quantile,0.25,87.0609585321649
25,2021-03-01,2 day ahead inc hosp,2021-03-03,quantile,0.3,90.52289630253198
25,2021-03-01,2 day ahead inc hosp,2021-03-03,quantile,0.35,93.12740973547089
25,2021-03-01,2 day ahead inc hosp,2021-03-03,quantile,0.4,95.81871694067075
25,2021-03-01,2 day ahead inc hosp,2021-03-03,quantile,0.45,99.06486203122442
25,2021-03-01,2 day ahead inc hosp,2021-03-03,quantile,0.5,102.54364973510923
25,2021-03-01,2 day ahead inc hosp,2021-03-03,quantile,0.55,105.49994066359007
25,2021-03-01,2 day ahead inc hosp,2021-03-03,quantile,0.6,109.9131343123109
25,2021-03-01,2 day ahead inc hosp,2021-03-03,quantile,0.65,113.63964110691147
25,2021-03-01,2 day ahead inc hosp,2021-03-03,quantile,0.7,117.47888631403768
25,2021-03-01,2 day ahead inc hosp,2021-03-03,quantile,0.75,121.46308902683991
25,2021-03-01,2 day ahead inc hosp,2021-03-03,quantile,0.8,125.69754981789455
25,2021-03-01,2 day ahead inc hosp,2021-03-03,quantile,0.85,130.94695877410751
25,2021-03-01,2 day ahead inc hosp,2021-03-03,quantile,0.9,139.02152600329353
25,2021-03-01,2 day ahead inc hosp,2021-03-03,quantile,0.95,152.74305629991179
25,2021-03-01,2 day ahead inc hosp,2021-03-03,quantile,0.975,164.19270268557355
25,2021-03-01,2 day ahead inc hosp,2021-03-03,quantile,0.99,176.67836408378642
25,2021-03-01,3 day ahead inc hosp,2021-03-04,quantile,0.01,49.78224825204121
25,2021-03-01,3 day ahead inc hosp,2021-03-04,quantile,0.025,57.18041666151316
25,2021-03-01,3 day ahead inc hosp,2021-03-04,quantile,0.05,61.797241791330215
25,2021-03-01,3 day ahead inc hosp,2021-03-04,quantile,0.1,70.16627525431672
25,2021-03-01,3 day ahead inc hosp,2021-03-04,quantile,0.15,75.77975689015977
25,2021-03-01,3 day ahead inc hosp,2021-03-04,quantile,0.2,80.6346517082539
25,2021-03-01,3 day ahead inc hosp,2021-03-04,quantile,0.25,84.15482372789906
25,2021-03-01,3 day ahead inc hosp,2021-03-04,quantile,0.3,88.03201885388647
25,2021-03-01,3 day ahead inc hosp,2021-03-04,quantile,0.35,92.03505662936345
25,2021-03-01,3 day ahead inc hosp,2021-03-04,quantile,0.4,95.8538926481708
25,2021-03-01,3 day ahead inc hosp,2021-03-04,quantile,0.45,100.81207599719029
25,2021-03-01,3 day ahead inc hosp,2021-03-04,quantile,0.5,104.7762796206271
25,2021-03-01,3 day ahead inc hosp,2021-03-04,quantile,0.55,109.23289861574435
25,2021-03-01,3 day ahead inc hosp,2021-03-04,quantile,0.6,112.42779997711204
25,2021-03-01,3 day ahead inc hosp,2021-03-04,quantile,0.65,117.56824261538199
25,2021-03-01,3 day ahead inc hosp,2021-03-04,quantile,0.7,122.05620923385897
25,2021-03-01,3 day ahead inc hosp,2021-03-04,quantile,0.75,127.88768536848168
25,2021-03-01,3 day ahead inc hosp,2021-03-04,quantile,0.8,132.9358396918964
25,2021-03-01,3 day ahead inc hosp,2021-03-04,quantile,0.85,139.8308817986505
25,2021-03-01,3 day ahead inc hosp,2021-03-04,quantile,0.9,148.7339149596667
25,2021-03-01,3 day ahead inc hosp,2021-03-04,quantile,0.95,165.44671702348484
25,2021-03-01,3 day ahead inc hosp,2021-03-04,quantile,0.975,183.52925154397536
25,2021-03-01,3 day ahead inc hosp,2021-03-04,quantile,0.99,197.71720731203348
25,2021-03-01,4 day ahead inc hosp,2021-03-05,quantile,0.01,41.36424628700155
25,2021-03-01,4 day ahead inc hosp,2021-03-05,quantile,0.025,47.71889020577532
25,2021-03-01,4 day ahead inc hosp,2021-03-05,quantile,0.05,54.25216588538647
25,2021-03-01,4 day ahead inc hosp,2021-03-05,quantile,0.1,62.485954095941516
25,2021-03-01,4 day ahead inc hosp,2021-03-05,quantile,0.15,67.96380814663462
25,2021-03-01,4 day ahead inc hosp,2021-03-05,quantile,0.2,73.3413149031658
25,2021-03-01,4 day ahead inc hosp,2021-03-05,quantile,0.25,77.95484635269781
25,2021-03-01,4 day ahead inc hosp,2021-03-05,quantile,0.3,83.67231741592545
25,2021-03-01,4 day ahead inc hosp,2021-03-05,quantile,0.35,87.8026935180608
25,2021-03-01,4 day ahead inc hosp,2021-03-05,quantile,0.4,92.38866470262852
25,2021-03-01,4 day ahead inc hosp,2021-03-05,quantile,0.45,96.60328387208159
25,2021-03-01,4 day ahead inc hosp,2021-03-05,quantile,0.5,100.31977470354188
25,2021-03-01,4 day ahead inc hosp,2021-03-05,quantile,0.55,105.8135392709164
25,2021-03-01,4 day ahead inc hosp,2021-03-05,quantile,0.6,110.5059783329522
25,2021-03-01,4 day ahead inc hosp,2021-03-05,quantile,0.65,114.18709256339235
25,2021-03-01,4 day ahead inc hosp,2021-03-05,quantile,0.7,119.38089289463606
25,2021-03-01,4 day ahead inc hosp,2021-03-05,quantile,0.75,125.0821385455562
25,2021-03-01,4 day ahead inc hosp,2021-03-05,quantile,0.8,133.5085184872909
25,2021-03-01,4 day ahead inc hosp,2021-03-05,quantile,0.85,139.75973115394964
25,2021-03-01,4 day ahead inc hosp,2021-03-05,quantile,0.9,150.96054087042506
25,2021-03-01,4 day ahead inc hosp,2021-03-05,quantile,0.95,171.54036991960592
25,2021-03-01,4 day ahead inc hosp,2021-03-05,quantile,0.975,190.28819499306448
25,2021-03-01,4 day ahead inc hosp,2021-03-05,quantile,0.99,212.60655073751988
25,2021-03-01,5 day ahead inc hosp,2021-03-06,quantile,0.01,37.440695140319335
25,2021-03-01,5 day ahead inc hosp,2021-03-06,quantile,0.025,44.98183285173721
25,2021-03-01,5 day ahead inc hosp,2021-03-06,quantile,0.05,49.22070434536356
25,2021-03-01,5 day ahead inc hosp,2021-03-06,quantile,0.1,57.600254033590254
25,2021-03-01,5 day ahead inc hosp,2021-03-06,quantile,0.15,63.60901233916523
25,2021-03-01,5 day ahead inc hosp,2021-03-06,quantile,0.2,69.7363549935474
25,2021-03-01,5 day ahead inc hosp,2021-03-06,quantile,0.25,75.62002749681152
25,2021-03-01,5 day ahead inc hosp,2021-03-06,quantile,0.3,79.83945350074555
25,2021-03-01,5 day ahead inc hosp,2021-03-06,quantile,0.35,85.39074859973638
25,2021-03-01,5 day ahead inc hosp,2021-03-06,quantile,0.4,89.38521553857815
25,2021-03-01,5 day ahead inc hosp,2021-03-06,quantile,0.45,93.43131494417867
25,2021-03-01,5 day ahead inc hosp,2021-03-06,quantile,0.5,97.8990492919198
25,2021-03-01,5 day ahead inc hosp,2021-03-06,quantile,0.55,101.70290899102956
25,2021-03-01,5 day ahead inc hosp,2021-03-06,quantile,0.6,107.32735154998474
25,2021-03-01,5 day ahead inc hosp,2021-03-06,quantile,0.65,113.62950614137294
25,2021-03-01,5 day ahead inc hosp,2021-03-06,quantile,0.7,119.86832251979276
25,2021-03-01,5 day ahead inc hosp,2021-03-06,quantile,0.75,127.7861044524331
25,2021-03-01,5 day ahead inc hosp,2021-03-06,quantile,0.8,136.16467067797177
25,2021-03-01,5 day ahead inc hosp,2021-03-06,quantile,0.85,146.18065394578477
25,2021-03-01,5 day ahead inc hosp,2021-03-06,quantile,0.9,157.19705636649303
25,2021-03-01,5 day ahead inc hosp,2021-03-06,quantile,0.95,175.6440192165642
25,2021-03-01,5 day ahead inc hosp,2021-03-06,quantile,0.975,189.93558282496653
25,2021-03-01,5 day ahead inc hosp,2021-03-06,quantile,0.99,218.40106101813734
25,2021-03-01,6 day ahead inc hosp,2021-03-07,quantile,0.01,21.473383943805352
25,2021-03-01,6 day ahead inc hosp,2021-03-07,quantile,0.025,28.133913689508404
25,2021-03-01,6 day ahead inc hosp,2021-03-07,quantile,0.05,33.0365088344959
25,2021-03-01,6 day ahead inc hosp,2021-03-07,quantile,0.1,39.50486271794838
25,2021-03-01,6 day ahead inc hosp,2021-03-07,quantile,0.15,44.83839896517116
25,2021-03-01,6 day ahead inc hosp,2021-03-07,quantile,0.2,48.9175689693321
25,2021-03-01,6 day ahead inc hosp,2021-03-07,quantile,0.25,52.59046637379228
25,2021-03-01,6 day ahead inc hosp,2021-03-07,quantile,0.3,56.83444962939354
25,2021-03-01,6 day ahead inc hosp,2021-03-07,quantile,0.35,61.12131310393915
25,2021-03-01,6 day ahead inc hosp,2021-03-07,quantile,0.4,65.76713411257057
25,2021-03-01,6 day ahead inc hosp,2021-03-07,quantile,0.45,69.52739622937675
25,2021-03-01,6 day ahead inc hosp,2021-03-07,quantile,0.5,73.98083522895907
25,2021-03-01,6 day ahead inc hosp,2021-03-07,quantile,0.55,77.76937047283702
25,2021-03-01,6 day ahead inc hosp,2021-03-07,quantile,0.6,82.57129358905635
25,2021-03-01,6 day ahead inc hosp,2021-03-07,quantile,0.65,87.53104356140034
25,2021-03-01,6 day ahead inc hosp,2021-03-07,quantile,0.7,94.794846189308
25,2021-03-01,6 day ahead inc hosp,2021-03-07,quantile,0.75,100.19595188193033
25,2021-03-01,6 day ahead inc hosp,2021-03-07,quantile,0.8,106.71355700994967
25,2021-03-01,6 day ahead inc hosp,2021-03-07,quantile,0.85,115.42678131812502
25,2021-03-01,6 day ahead inc hosp,2021-03-07,quantile,0.9,126.62609630454929
25,2021-03-01,6 day ahead inc hosp,2021-03-07,quantile,0.95,145.31753510415788
25,2021-03-01,6 day ahead inc hosp,2021-03-07,quantile,0.975,160.23278200376527
25,2021-03-01,6 day ahead inc hosp,2021-03-07,quantile,0.99,189.52278895969417
25,2021-03-01,7 day ahead inc hosp,2021-03-08,quantile,0.01,28.440475059298272
25,2021-03-01,7 day ahead inc hosp,2021-03-08,quantile,0.025,34.750394649766534
25,2021-03-01,7 day ahead inc hosp,2021-03-08,quantile,0.05,44.72288342778244
25,2021-03-01,7 day ahead inc hosp,2021-03-08,quantile,0.1,54.08252510171415
25,2021-03-01,7 day ahead inc hosp,2021-03-08,quantile,0.15,59.89740224332927
25,2021-03-01,7 day ahead inc hosp,2021-03-08,quantile,0.2,65.3905639448455
25,2021-03-01,7 day ahead inc hosp,2021-03-08,quantile,0.25,72.70634091097519
25,2021-03-01,7 day ahead inc hosp,2021-03-08,quantile,0.3,77.42167973524604
25,2021-03-01,7 day ahead inc hosp,2021-03-08,quantile,0.35,82.79963816354577
25,2021-03-01,7 day ahead inc hosp,2021-03-08,quantile,0.4,87.82965970136219
25,2021-03-01,7 day ahead inc hosp,2021-03-08,quantile,0.45,92.79273323278379
25,2021-03-01,7 day ahead inc hosp,2021-03-08,quantile,0.5,97.77502659187127
25,2021-03-01,7 day ahead inc hosp,2021-03-08,quantile,0.55,103.75592527092215
25,2021-03-01,7 day ahead inc hosp,2021-03-08,quantile,0.6,109.83856232371794
25,2021-03-01,7 day ahead inc hosp,2021-03-08,quantile,0.65,117.61555010639262
25,2021-03-01,7 day ahead inc hosp,2021-03-08,quantile,0.7,124.32752982903496
25,2021-03-01,7 day ahead inc hosp,2021-03-08,quantile,0.75,132.282356404078
25,2021-03-01,7 day ahead inc hosp,2021-03-08,quantile,0.8,143.62977861822577
25,2021-03-01,7 day ahead inc hosp,2021-03-08,quantile,0.85,155.0554256889879
25,2021-03-01,7 day ahead inc hosp,2021-03-08,quantile,0.9,167.37609383287142
25,2021-03-01,7 day ahead inc hosp,2021-03-08,quantile,0.95,193.8021126429408
25,2021-03-01,7 day ahead inc hosp,2021-03-08,quantile,0.975,213.64647547500635
25,2021-03-01,7 day ahead inc hosp,2021-03-08,quantile,0.99,236.86360003891994
25,2021-03-01,8 day ahead inc hosp,2021-03-09,quantile,0.01,29.11593774048123
25,2021-03-01,8 day ahead inc hosp,2021-03-09,quantile,0.025,37.77154764254365
25,2021-03-01,8 day ahead inc hosp,2021-03-09,quantile,0.05,45.36506369093938
25,2021-03-01,8 day ahead inc hosp,2021-03-09,quantile,0.1,55.286987552155296
25,2021-03-01,8 day ahead inc hosp,2021-03-09,quantile,0.15,64.09189593238119
25,2021-03-01,8 day ahead inc hosp,2021-03-09,quantile,0.2,70.36380453877618
25,2021-03-01,8 day ahead inc hosp,2021-03-09,quantile,0.25,77.14944797969184
25,2021-03-01,8 day ahead inc hosp,2021-03-09,quantile,0.3,83.82534338515748
25,2021-03-01,8 day ahead inc hosp,2021-03-09,quantile,0.35,90.96824603592718
25,2021-03-01,8 day ahead inc hosp,2021-03-09,quantile,0.4,96.24442226509828
25,2021-03-01,8 day ahead inc hosp,2021-03-09,quantile,0.45,101.65560328018816
25,2021-03-01,8 day ahead inc hosp,2021-03-09,quantile,0.5,106.83593007191881
25,2021-03-01,8 day ahead inc hosp,2021-03-09,quantile,0.55,115.52599347412055
25,2021-03-01,8 day ahead inc hosp,2021-03-09,quantile,0.6,123.42534888813377
25,2021-03-01,8 day ahead inc hosp,2021-03-09,quantile,0.65,132.50416766315496
25,2021-03-01,8 day ahead inc hosp,2021-03-09,quantile,0.7,141.97519455234215
25,2021-03-01,8 day ahead inc hosp,2021-03-09,quantile,0.75,152.66890168275225
25,2021-03-01,8 day ahead inc hosp,2021-03-09,quantile,0.8,169.41041308955627
25,2021-03-01,8 day ahead inc hosp,2021-03-09,quantile,0.85,187.30821860092516
25,2021-03-01,8 day ahead inc hosp,2021-03-09,quantile,0.9,208.32547987292702
25,2021-03-01,8 day ahead inc hosp,2021-03-09,quantile,0.95,242.85902107908865
25,2021-03-01,8 day ahead inc hosp,2021-03-09,quantile,0.975,279.18121150639917
25,2021-03-01,8 day ahead inc hosp,2021-03-09,quantile,0.99,303.02231373595583
25,2021-03-01,9 day ahead inc hosp,2021-03-10,quantile,0.01,17.291651546836665
25,2021-03-01,9 day ahead inc hosp,2021-03-10,quantile,0.025,23.306781804413017
25,2021-03-01,9 day ahead inc hosp,2021-03-10,quantile,0.05,31.65966370335118
25,2021-03-01,9 day ahead inc hosp,2021-03-10,quantile,0.1,41.344123528075706
25,2021-03-01,9 day ahead inc hosp,2021-03-10,quantile,0.15,49.6181514300833
25,2021-03-01,9 day ahead inc hosp,2021-03-10,quantile,0.2,55.937350041842144
25,2021-03-01,9 day ahead inc hosp,2021-03-10,quantile,0.25,63.36667897348676
25,2021-03-01,9 day ahead inc hosp,2021-03-10,quantile,0.3,69.28340564023452
25,2021-03-01,9 day ahead inc hosp,2021-03-10,quantile,0.35,74.50657286367492
25,2021-03-01,9 day ahead inc hosp,2021-03-10,quantile,0.4,80.60824561731064
25,2021-03-01,9 day ahead inc hosp,2021-03-10,quantile,0.45,87.01287985462083
25,2021-03-01,9 day ahead inc hosp,2021-03-10,quantile,0.5,92.51642978064154
25,2021-03-01,9 day ahead inc hosp,2021-03-10,quantile,0.55,99.4019863995911
25,2021-03-01,9 day ahead inc hosp,2021-03-10,quantile,0.6,105.84053144874979
25,2021-03-01,9 day ahead inc hosp,2021-03-10,quantile,0.65,114.82470265220348
25,2021-03-01,9 day ahead inc hosp,2021-03-10,quantile,0.7,125.5518125100434
25,2021-03-01,9 day ahead inc hosp,2021-03-10,quantile,0.75,140.03373462902496
25,2021-03-01,9 day ahead inc hosp,2021-03-10,quantile,0.8,158.6474738925024
25,2021-03-01,9 day ahead inc hosp,2021-03-10,quantile,0.85,174.06717002300002
25,2021-03-01,9 day ahead inc hosp,2021-03-10,quantile,0.9,194.02402727617306
25,2021-03-01,9 day ahead inc hosp,2021-03-10,quantile,0.95,229.7593482284504
25,2021-03-01,9 day ahead inc hosp,2021-03-10,quantile,0.975,271.96371811791045
25,2021-03-01,9 day ahead inc hosp,2021-03-10,quantile,0.99,305.0724654865786
25,2021-03-01,10 day ahead inc hosp,2021-03-11,quantile,0.01,16.084845975742297
25,2021-03-01,10 day ahead inc hosp,2021-03-11,quantile,0.025,23.520077894536353
25,2021-03-01,10 day ahead inc hosp,2021-03-11,quantile,0.05,29.97650022440151
25,2021-03-01,10 day ahead inc hosp,2021-03-11,quantile,0.1,38.41148252299662
25,2021-03-01,10 day ahead inc hosp,2021-03-11,quantile,0.15,47.01350321031588
25,2021-03-01,10 day ahead inc hosp,2021-03-11,quantile,0.2,55.58888219122483
25,2021-03-01,10 day ahead inc hosp,2021-03-11,quantile,0.25,63.61997481143901
25,2021-03-01,10 day ahead inc hosp,2021-03-11,quantile,0.3,69.19293250205081
25,2021-03-01,10 day ahead inc hosp,2021-03-11,quantile,0.35,74.31968861380129
25,2021-03-01,10 day ahead inc hosp,2021-03-11,quantile,0.4,80.98170895014971
25,2021-03-01,10 day ahead inc hosp,2021-03-11,quantile,0.45,89.24134615022439
25,2021-03-01,10 day ahead inc hosp,2021-03-11,quantile,0.5,96.69097151949923
25,2021-03-01,10 day ahead inc hosp,2021-03-11,quantile,0.55,106.39516576042362
25,2021-03-01,10 day ahead inc hosp,2021-03-11,quantile,0.6,116.50099197280602
25,2021-03-01,10 day ahead inc hosp,2021-03-11,quantile,0.65,125.07107814198012
25,2021-03-01,10 day ahead inc hosp,2021-03-11,quantile,0.7,139.5632556558329
25,2021-03-01,10 day ahead inc hosp,2021-03-11,quantile,0.75,152.2945841950095
25,2021-03-01,10 day ahead inc hosp,2021-03-11,quantile,0.8,171.64981648878893
25,2021-03-01,10 day ahead inc hosp,2021-03-11,quantile,0.85,192.53709978899653
25,2021-03-01,10 day ahead inc hosp,2021-03-11,quantile,0.9,220.30502397746372
25,2021-03-01,10 day ahead inc hosp,2021-03-11,quantile,0.95,266.8063459906579
25,2021-03-01,10 day ahead inc hosp,2021-03-11,quantile,0.975,308.3182617961227
25,2021-03-01,10 day ahead inc hosp,2021-03-11,quantile,0.99,356.6000884128347
25,2021-03-01,11 day ahead inc hosp,2021-03-12,quantile,0.01,13.176306898813143
25,2021-03-01,11 day ahead inc hosp,2021-03-12,quantile,0.025,17.172752153363383
25,2021-03-01,11 day ahead inc hosp,2021-03-12,quantile,0.05,24.0312289131332
25,2021-03-01,11 day ahead inc hosp,2021-03-12,quantile,0.1,33.749199707381315
25,2021-03-01,11 day ahead inc hosp,2021-03-12,quantile,0.15,41.39927321739568
25,2021-03-01,11 day ahead inc hosp,2021-03-12,quantile,0.2,49.511498608351964
25,2021-03-01,11 day ahead inc hosp,2021-03-12,quantile,0.25,56.7363961465922
25,2021-03-01,11 day ahead inc hosp,2021-03-12,quantile,0.3,64.66733083448347
25,2021-03-01,11 day ahead inc hosp,2021-03-12,quantile,0.35,72.58989470271213
25,2021-03-01,11 day ahead inc hosp,2021-03-12,quantile,0.4,79.79835926936885
25,2021-03-01,11 day ahead inc hosp,2021-03-12,quantile,0.45,87.59639868666122
25,2021-03-01,11 day ahead inc hosp,2021-03-12,quantile,0.5,94.2633263215222
25,2021-03-01,11 day ahead inc hosp,2021-03-12,quantile,0.55,103.05990134049281
25,2021-03-01,11 day ahead inc hosp,2021-03-12,quantile,0.6,113.01117874042187
25,2021-03-01,11 day ahead inc hosp,2021-03-12,quantile,0.65,124.99284408189564
25,2021-03-01,11 day ahead inc hosp,2021-03-12,quantile,0.7,135.26234383166636
25,2021-03-01,11 day ahead inc hosp,2021-03-12,quantile,0.75,151.06283207153234
25,2021-03-01,11 day ahead inc hosp,2021-03-12,quantile,0.8,170.32374348155474
25,2021-03-01,11 day ahead inc hosp,2021-03-12,quantile,0.85,190.64655526056617
25,2021-03-01,11 day ahead inc hosp,2021-03-12,quantile,0.9,220.37321479601664
25,2021-03-01,11 day ahead inc hosp,2021-03-12,quantile,0.95,269.7757655535677
25,2021-03-01,11 day ahead inc hosp,2021-03-12,quantile,0.975,319.26705791141154
25,2021-03-01,11 day ahead inc hosp,2021-03-12,quantile,0.99,371.22401965948404
25,2021-03-01,12 day ahead inc hosp,2021-03-13,quantile,0.01,7.71656918657755
25,2021-03-01,12 day ahead inc hosp,2021-03-13,quantile,0.025,14.64677277334119
25,2021-03-01,12 day ahead inc hosp,2021-03-13,quantile,0.05,20.25273844804703
25,2021-03-01,12 day ahead inc hosp,2021-03-13,quantile,0.1,30.05601465742933
25,2021-03-01,12 day ahead inc hosp,2021-03-13,quantile,0.15,37.659175413356174
25,2021-03-01,12 day ahead inc hosp,2021-03-13,quantile,0.2,45.73068067266541
25,2021-03-01,12 day ahead inc hosp,2021-03-13,quantile,0.25,52.81357088274673
25,2021-03-01,12 day ahead inc hosp,2021-03-13,quantile,0.3,60.159632107761084
25,2021-03-01,12 day ahead inc hosp,2021-03-13,quantile,0.35,67.59130588449729
25,2021-03-01,12 day ahead inc hosp,2021-03-13,quantile,0.4,73.65486799152724
25,2021-03-01,12 day ahead inc hosp,2021-03-13,quantile,0.45,81.71356551270433
25,2021-03-01,12 day ahead inc hosp,2021-03-13,quantile,0.5,89.43655726435624
25,2021-03-01,12 day ahead inc hosp,2021-03-13,quantile,0.55,98.69204369225442
25,2021-03-01,12 day ahead inc hosp,2021-03-13,quantile,0.6,109.57271952279996
25,2021-03-01,12 day ahead inc hosp,2021-03-13,quantile,0.65,119.81462142605267
25,2021-03-01,12 day ahead inc hosp,2021-03-13,quantile,0.7,136.10436698356168
25,2021-03-01,12 day ahead inc hosp,2021-03-13,quantile,0.75,157.0126165746038
25,2021-03-01,12 day ahead inc hosp,2021-03-13,quantile,0.8,169.73896016086107
25,2021-03-01,12 day ahead inc hosp,2021-03-13,quantile,0.85,194.28233633980437
25,2021-03-01,12 day ahead inc hosp,2021-03-13,quantile,0.9,231.04574473444626
25,2021-03-01,12 day ahead inc hosp,2021-03-13,quantile,0.95,280.41355976064
25,2021-03-01,12 day ahead inc hosp,2021-03-13,quantile,0.975,325.1428719798791
25,2021-03-01,12 day ahead inc hosp,2021-03-13,quantile,0.99,382.4469283248624
25,2021-03-01,13 day ahead inc hosp,2021-03-14,quantile,0.01,4.236632343818168
25,2021-03-01,13 day ahead inc hosp,2021-03-14,quantile,0.025,6.439325175607851
25,2021-03-01,13 day ahead inc hosp,2021-03-14,quantile,0.05,11.463045365352368
25,2021-03-01,13 day ahead inc hosp,2021-03-14,quantile,0.1,18.21866891987671
25,2021-03-01,13 day ahead inc hosp,2021-03-14,quantile,0.15,22.830251455398848
25,2021-03-01,13 day ahead inc hosp,2021-03-14,quantile,0.2,27.25895193672078
25,2021-03-01,13 day ahead inc hosp,2021-03-14,quantile,0.25,33.89894043378403
25,2021-03-01,13 day ahead inc hosp,2021-03-14,quantile,0.3,39.14421013589848
25,2021-03-01,13 day ahead inc hosp,2021-03-14,quantile,0.35,44.726460323465744
25,2021-03-01,13 day ahead inc hosp,2021-03-14,quantile,0.4,51.06653658279336
25,2021-03-01,13 day ahead inc hosp,2021-03-14,quantile,0.45,56.76887539469518
25,2021-03-01,13 day ahead inc hosp,2021-03-14,quantile,0.5,61.75935854912369
25,2021-03-01,13 day ahead inc hosp,2021-03-14,quantile,0.55,69.09792927056586
25,2021-03-01,13 day ahead inc hosp,2021-03-14,quantile,0.6,79.50700913621635
25,2021-03-01,13 day ahead inc hosp,2021-03-14,quantile,0.65,91.24053030275962
25,2021-03-01,13 day ahead inc hosp,2021-03-14,quantile,0.7,103.65505370850751
25,2021-03-01,13 day ahead inc hosp,2021-03-14,quantile,0.75,118.12174222543804
25,2021-03-01,13 day ahead inc hosp,2021-03-14,quantile,0.8,136.714016141086
25,2021-03-01,13 day ahead inc hosp,2021-03-14,quantile,0.85,155.54248010201786
25,2021-03-01,13 day ahead inc hosp,2021-03-14,quantile,0.9,187.5396874952237
25,2021-03-01,13 day ahead inc hosp,2021-03-14,quantile,0.95,229.68476428874456
25,2021-03-01,13 day ahead inc hosp,2021-03-14,quantile,0.975,266.7523035880288
25,2021-03-01,13 day ahead inc hosp,2021-03-14,quantile,0.99,355.0824060401399
25,2021-03-01,14 day ahead inc hosp,2021-03-15,quantile,0.01,5.98850027698245
25,2021-03-01,14 day ahead inc hosp,2021-03-15,quantile,0.025,9.439756476278653
25,2021-03-01,14 day ahead inc hosp,2021-03-15,quantile,0.05,15.311983675816728
25,2021-03-01,14 day ahead inc hosp,2021-03-15,quantile,0.1,24.682555642975615
25,2021-03-01,14 day ahead inc hosp,2021-03-15,quantile,0.15,32.67401881832475
25,2021-03-01,14 day ahead inc hosp,2021-03-15,quantile,0.2,40.96847928814435
25,2021-03-01,14 day ahead inc hosp,2021-03-15,quantile,0.25,49.79504289966611
25,2021-03-01,14 day ahead inc hosp,2021-03-15,quantile,0.3,55.181773248294654
25,2021-03-01,14 day ahead inc hosp,2021-03-15,quantile,0.35,63.28274052948699
25,2021-03-01,14 day ahead inc hosp,2021-03-15,quantile,0.4,71.32275437648396
25,2021-03-01,14 day ahead inc hosp,2021-03-15,quantile,0.45,78.88835999245542
25,2021-03-01,14 day ahead inc hosp,2021-03-15,quantile,0.5,87.47945125045095
25,2021-03-01,14 day ahead inc hosp,2021-03-15,quantile,0.55,97.86000915852588
25,2021-03-01,14 day ahead inc hosp,2021-03-15,quantile,0.6,111.2178391491251
25,2021-03-01,14 day ahead inc hosp,2021-03-15,quantile,0.65,126.34986050945292
25,2021-03-01,14 day ahead inc hosp,2021-03-15,quantile,0.7,140.57537853872532
25,2021-03-01,14 day ahead inc hosp,2021-03-15,quantile,0.75,158.84226226974798
25,2021-03-01,14 day ahead inc hosp,2021-03-15,quantile,0.8,186.68941396795563
25,2021-03-01,14 day ahead inc hosp,2021-03-15,quantile,0.85,217.22021777508914
25,2021-03-01,14 day ahead inc hosp,2021-03-15,quantile,0.9,255.4163649280239
25,2021-03-01,14 day ahead inc hosp,2021-03-15,quantile,0.95,309.5506022616697
25,2021-03-01,14 day ahead inc hosp,2021-03-15,quantile,0.975,375.0514661504615
25,2021-03-01,14 day ahead inc hosp,2021-03-15,quantile,0.99,431.05866517879565
25,2021-03-01,15 day ahead inc hosp,2021-03-16,quantile,0.01,5.3036258581991556
25,2021-03-01,15 day ahead inc hosp,2021-03-16,quantile,0.025,8.97171771957068
25,2021-03-01,15 day ahead inc hosp,2021-03-16,quantile,0.05,15.267468196963861
25,2021-03-01,15 day ahead inc hosp,2021-03-16,quantile,0.1,26.021794450606233
25,2021-03-01,15 day ahead inc hosp,2021-03-16,quantile,0.15,34.86398194708654
25,2021-03-01,15 day ahead inc hosp,2021-03-16,quantile,0.2,44.89886043273464
25,2021-03-01,15 day ahead inc hosp,2021-03-16,quantile,0.25,52.08507204047743
25,2021-03-01,15 day ahead inc hosp,2021-03-16,quantile,0.3,60.52203275948287
25,2021-03-01,15 day ahead inc hosp,2021-03-16,quantile,0.35,70.58623538473374
25,2021-03-01,15 day ahead inc hosp,2021-03-16,quantile,0.4,80.66307824956723
25,2021-03-01,15 day ahead inc hosp,2021-03-16,quantile,0.45,88.81225960218977
25,2021-03-01,15 day ahead inc hosp,2021-03-16,quantile,0.5,99.23033759405567
25,2021-03-01,15 day ahead inc hosp,2021-03-16,quantile,0.55,110.11083733369439
25,2021-03-01,15 day ahead inc hosp,2021-03-16,quantile,0.6,123.29497630144948
25,2021-03-01,15 day ahead inc hosp,2021-03-16,quantile,0.65,146.17024053885712
25,2021-03-01,15 day ahead inc hosp,2021-03-16,quantile,0.7,165.6776106510743
25,2021-03-01,15 day ahead inc hosp,2021-03-16,quantile,0.75,192.00190288354509
25,2021-03-01,15 day ahead inc hosp,2021-03-16,quantile,0.8,217.18398565106207
25,2021-03-01,15 day ahead inc hosp,2021-03-16,quantile,0.85,257.78493225333864
25,2021-03-01,15 day ahead inc hosp,2021-03-16,quantile,0.9,300.8176235919646
25,2021-03-01,15 day ahead inc hosp,2021-03-16,quantile,0.95,390.49980578941916
25,2021-03-01,15 day ahead inc hosp,2021-03-16,quantile,0.975,478.01610492542363
25,2021-03-01,15 day ahead inc hosp,2021-03-16,quantile,0.99,580.8257849498183
25,2021-03-01,16 day ahead inc hosp,2021-03-17,quantile,0.01,2.408299535786825
25,2021-03-01,16 day ahead inc hosp,2021-03-17,quantile,0.025,5.149939835946379
25,2021-03-01,16 day ahead inc hosp,2021-03-17,quantile,0.05,9.841525317819952
25,2021-03-01,16 day ahead inc hosp,2021-03-17,quantile,0.1,18.575122995276192
25,2021-03-01,16 day ahead inc hosp,2021-03-17,quantile,0.15,26.45721055930621
25,2021-03-01,16 day ahead inc hosp,2021-03-17,quantile,0.2,32.5609160580615
25,2021-03-01,16 day ahead inc hosp,2021-03-17,quantile,0.25,42.17683136242917
25,2021-03-01,16 day ahead inc hosp,2021-03-17,quantile,0.3,49.775994417182964
25,2021-03-01,16 day ahead inc hosp,2021-03-17,quantile,0.35,58.479358064722895
25,2021-03-01,16 day ahead inc hosp,2021-03-17,quantile,0.4,65.50897969733197
25,2021-03-01,16 day ahead inc hosp,2021-03-17,quantile,0.45,76.11791222590097
25,2021-03-01,16 day ahead inc hosp,2021-03-17,quantile,0.5,88.26896594971272
25,2021-03-01,16 day ahead inc hosp,2021-03-17,quantile,0.55,100.47639663986162
25,2021-03-01,16 day ahead inc hosp,2021-03-17,quantile,0.6,113.63125459552218
25,2021-03-01,16 day ahead inc hosp,2021-03-17,quantile,0.65,132.30253138593932
25,2021-03-01,16 day ahead inc hosp,2021-03-17,quantile,0.7,153.69220565224296
25,2021-03-01,16 day ahead inc hosp,2021-03-17,quantile,0.75,181.92049686919935
25,2021-03-01,16 day ahead inc hosp,2021-03-17,quantile,0.8,213.5248559744625
25,2021-03-01,16 day ahead inc hosp,2021-03-17,quantile,0.85,244.54322107624577
25,2021-03-01,16 day ahead inc hosp,2021-03-17,quantile,0.9,302.9908475361804
25,2021-03-01,16 day ahead inc hosp,2021-03-17,quantile,0.95,404.3339936271902
25,2021-03-01,16 day ahead inc hosp,2021-03-17,quantile,0.975,492.3070061978288
25,2021-03-01,16 day ahead inc hosp,2021-03-17,quantile,0.99,566.4029654846128
25,2021-03-01,17 day ahead inc hosp,2021-03-18,quantile,0.01,1.5900639776971643
25,2021-03-01,17 day ahead inc hosp,2021-03-18,quantile,0.025,4.2294876796465
25,2021-03-01,17 day ahead inc hosp,2021-03-18,quantile,0.05,8.906227733312166
25,2021-03-01,17 day ahead inc hosp,2021-03-18,quantile,0.1,16.53245665445074
25,2021-03-01,17 day ahead inc hosp,2021-03-18,quantile,0.15,24.323869980403614
25,2021-03-01,17 day ahead inc hosp,2021-03-18,quantile,0.2,31.959931834485356
25,2021-03-01,17 day ahead inc hosp,2021-03-18,quantile,0.25,40.22264036659653
25,2021-03-01,17 day ahead inc hosp,2021-03-18,quantile,0.3,49.025892936832854
25,2021-03-01,17 day ahead inc hosp,2021-03-18,quantile,0.35,56.724462582272714
25,2021-03-01,17 day ahead inc hosp,2021-03-18,quantile,0.4,66.90289911293728
25,2021-03-01,17 day ahead inc hosp,2021-03-18,quantile,0.45,76.13411682172583
25,2021-03-01,17 day ahead inc hosp,2021-03-18,quantile,0.5,89.76379191586885
25,2021-03-01,17 day ahead inc hosp,2021-03-18,quantile,0.55,104.98644303108107
25,2021-03-01,17 day ahead inc hosp,2021-03-18,quantile,0.6,119.26704388858894
25,2021-03-01,17 day ahead inc hosp,2021-03-18,quantile,0.65,139.51289334950522
25,2021-03-01,17 day ahead inc hosp,2021-03-18,quantile,0.7,165.45782587044852
25,2021-03-01,17 day ahead inc hosp,2021-03-18,quantile,0.75,195.48287925388385
25,2021-03-01,17 day ahead inc hosp,2021-03-18,quantile,0.8,227.75692122518123
25,2021-03-01,17 day ahead inc hosp,2021-03-18,quantile,0.85,267.6450187757732
25,2021-03-01,17 day ahead inc hosp,2021-03-18,quantile,0.9,327.09662557857683
25,2021-03-01,17 day ahead inc hosp,2021-03-18,quantile,0.95,433.5216988150342
25,2021-03-01,17 day ahead inc hosp,2021-03-18,quantile,0.975,560.5201078454241
25,2021-03-01,17 day ahead inc hosp,2021-03-18,quantile,0.99,698.9141208836086
25,2021-03-01,18 day ahead inc hosp,2021-03-19,quantile,0.01,1.1985144260141256
25,2021-03-01,18 day ahead inc hosp,2021-03-19,quantile,0.025,2.599856515456783
25,2021-03-01,18 day ahead inc hosp,2021-03-19,quantile,0.05,5.316885646443299
25,2021-03-01,18 day ahead inc hosp,2021-03-19,quantile,0.1,13.832808562833256
25,2021-03-01,18 day ahead inc hosp,2021-03-19,quantile,0.15,19.85546481358113
25,2021-03-01,18 day ahead inc hosp,2021-03-19,quantile,0.2,27.462653094403784
25,2021-03-01,18 day ahead inc hosp,2021-03-19,quantile,0.25,36.489322809318345
25,2021-03-01,18 day ahead inc hosp,2021-03-19,quantile,0.3,46.45981166228283
25,2021-03-01,18 day ahead inc hosp,2021-03-19,quantile,0.35,55.76206281868962
25,2021-03-01,18 day ahead inc hosp,2021-03-19,quantile,0.4,64.65835114242661
25,2021-03-01,18 day ahead inc hosp,2021-03-19,quantile,0.45,76.65151579968459
25,2021-03-01,18 day ahead inc hosp,2021-03-19,quantile,0.5,87.4026823376531
25,2021-03-01,18 day ahead inc hosp,2021-03-19,quantile,0.55,102.17643300093722
25,2021-03-01,18 day ahead inc hosp,2021-03-19,quantile,0.6,117.50198496568274
25,2021-03-01,18 day ahead inc hosp,2021-03-19,quantile,0.65,142.06624515423943
25,2021-03-01,18 day ahead inc hosp,2021-03-19,quantile,0.7,167.2153254643061
25,2021-03-01,18 day ahead inc hosp,2021-03-19,quantile,0.75,189.7829416136615
25,2021-03-01,18 day ahead inc hosp,2021-03-19,quantile,0.8,227.1782671241677
25,2021-03-01,18 day ahead inc hosp,2021-03-19,quantile,0.85,273.2073525467202
25,2021-03-01,18 day ahead inc hosp,2021-03-19,quantile,0.9,338.9424026780846
25,2021-03-01,18 day ahead inc hosp,2021-03-19,quantile,0.95,441.87864670487613
25,2021-03-01,18 day ahead inc hosp,2021-03-19,quantile,0.975,584.2076360832609
25,2021-03-01,18 day ahead inc hosp,2021-03-19,quantile,0.99,739.7467793511305
25,2021-03-01,19 day ahead inc hosp,2021-03-20,quantile,0.01,0.5253769750845267
25,2021-03-01,19 day ahead inc hosp,2021-03-20,quantile,0.025,1.689389513623202
25,2021-03-01,19 day ahead inc hosp,2021-03-20,quantile,0.05,4.3523201523352
25,2021-03-01,19 day ahead inc hosp,2021-03-20,quantile,0.1,11.477357667020701
25,2021-03-01,19 day ahead inc hosp,2021-03-20,quantile,0.15,18.305860271669133
25,2021-03-01,19 day ahead inc hosp,2021-03-20,quantile,0.2,25.72261269901337
25,2021-03-01,19 day ahead inc hosp,2021-03-20,quantile,0.25,33.26290331110341
25,2021-03-01,19 day ahead inc hosp,2021-03-20,quantile,0.3,42.428958646011864
25,2021-03-01,19 day ahead inc hosp,2021-03-20,quantile,0.35,53.838121477716825
25,2021-03-01,19 day ahead inc hosp,2021-03-20,quantile,0.4,63.76956013435603
25,2021-03-01,19 day ahead inc hosp,2021-03-20,quantile,0.45,74.2307943888976
25,2021-03-01,19 day ahead inc hosp,2021-03-20,quantile,0.5,83.78910116172358
25,2021-03-01,19 day ahead inc hosp,2021-03-20,quantile,0.55,99.65191809472373
25,2021-03-01,19 day ahead inc hosp,2021-03-20,quantile,0.6,117.82031588380308
25,2021-03-01,19 day ahead inc hosp,2021-03-20,quantile,0.65,140.12570707969363
25,2021-03-01,19 day ahead inc hosp,2021-03-20,quantile,0.7,163.63716418900913
25,2021-03-01,19 day ahead inc hosp,2021-03-20,quantile,0.75,191.72006274705194
25,2021-03-01,19 day ahead inc hosp,2021-03-20,quantile,0.8,231.95572756413083
25,2021-03-01,19 day ahead inc hosp,2021-03-20,quantile,0.85,285.9788972942862
25,2021-03-01,19 day ahead inc hosp,2021-03-20,quantile,0.9,353.81266904571964
25,2021-03-01,19 day ahead inc hosp,2021-03-20,quantile,0.95,484.2317854776359
25,2021-03-01,19 day ahead inc hosp,2021-03-20,quantile,0.975,609.6116545909266
25,2021-03-01,19 day ahead inc hosp,2021-03-20,quantile,0.99,863.1902436126212
25,2021-03-01,20 day ahead inc hosp,2021-03-21,quantile,0.01,0.09459244757108438
25,2021-03-01,20 day ahead inc hosp,2021-03-21,quantile,0.025,0.46576271984719114
25,2021-03-01,20 day ahead inc hosp,2021-03-21,quantile,0.05,1.7584262852934789
25,2021-03-01,20 day ahead inc hosp,2021-03-21,quantile,0.1,6.0262832828778565
25,2021-03-01,20 day ahead inc hosp,2021-03-21,quantile,0.15,10.311689848990204
25,2021-03-01,20 day ahead inc hosp,2021-03-21,quantile,0.2,14.764133365249073
25,2021-03-01,20 day ahead inc hosp,2021-03-21,quantile,0.25,21.274485915391146
25,2021-03-01,20 day ahead inc hosp,2021-03-21,quantile,0.3,27.465018492146346
25,2021-03-01,20 day ahead inc hosp,2021-03-21,quantile,0.35,35.760242767409565
25,2021-03-01,20 day ahead inc hosp,2021-03-21,quantile,0.4,44.07568570010602
25,2021-03-01,20 day ahead inc hosp,2021-03-21,quantile,0.45,52.30947726350603
25,2021-03-01,20 day ahead inc hosp,2021-03-21,quantile,0.5,61.80316724909273
25,2021-03-01,20 day ahead inc hosp,2021-03-21,quantile,0.55,74.44092609780422
25,2021-03-01,20 day ahead inc hosp,2021-03-21,quantile,0.6,87.39967335591408
25,2021-03-01,20 day ahead inc hosp,2021-03-21,quantile,0.65,105.52316650602377
25,2021-03-01,20 day ahead inc hosp,2021-03-21,quantile,0.7,128.05905399889608
25,2021-03-01,20 day ahead inc hosp,2021-03-21,quantile,0.75,154.22488580910021
25,2021-03-01,20 day ahead inc hosp,2021-03-21,quantile,0.8,187.93798378308102
25,2021-03-01,20 day ahead inc hosp,2021-03-21,quantile,0.85,240.77737762832928
25,2021-03-01,20 day ahead inc hosp,2021-03-21,quantile,0.9,307.7461661271882
25,2021-03-01,20 day ahead inc hosp,2021-03-21,quantile,0.95,419.85265376485455
25,2021-03-01,20 day ahead inc hosp,2021-03-21,quantile,0.975,532.0257307513457
25,2021-03-01,20 day ahead inc hosp,2021-03-21,quantile,0.99,721.7953334256455
25,2021-03-01,21 day ahead inc hosp,2021-03-22,quantile,0.01,0.19064081783826248
25,2021-03-01,21 day ahead inc hosp,2021-03-22,quantile,0.025,0.7793431377750972
25,2021-03-01,21 day ahead inc hosp,2021-03-22,quantile,0.05,2.7896906197928684
25,2021-03-01,21 day ahead inc hosp,2021-03-22,quantile,0.1,8.731405877165159
25,2021-03-01,21 day ahead inc hosp,2021-03-22,quantile,0.15,14.614294820001057
25,2021-03-01,21 day ahead inc hosp,2021-03-22,quantile,0.2,22.748182206902953
25,2021-03-01,21 day ahead inc hosp,2021-03-22,quantile,0.25,31.39275873715645
25,2021-03-01,21 day ahead inc hosp,2021-03-22,quantile,0.3,39.47418036014354
25,2021-03-01,21 day ahead inc hosp,2021-03-22,quantile,0.35,50.08445824912004
25,2021-03-01,21 day ahead inc hosp,2021-03-22,quantile,0.4,60.04740358675264
25,2021-03-01,21 day ahead inc hosp,2021-03-22,quantile,0.45,72.77374482835799
25,2021-03-01,21 day ahead inc hosp,2021-03-22,quantile,0.5,87.80604527940964
25,2021-03-01,21 day ahead inc hosp,2021-03-22,quantile,0.55,102.4051608209461
25,2021-03-01,21 day ahead inc hosp,2021-03-22,quantile,0.6,120.04894262539125
25,2021-03-01,21 day ahead inc hosp,2021-03-22,quantile,0.65,142.94948594654554
25,2021-03-01,21 day ahead inc hosp,2021-03-22,quantile,0.7,172.03037819698625
25,2021-03-01,21 day ahead inc hosp,2021-03-22,quantile,0.75,203.2224172312441
25,2021-03-01,21 day ahead inc hosp,2021-03-22,quantile,0.8,256.0707212353233
25,2021-03-01,21 day ahead inc hosp,2021-03-22,quantile,0.85,317.33650836582916
25,2021-03-01,21 day ahead inc hosp,2021-03-22,quantile,0.9,416.3109214534017
25,2021-03-01,21 day ahead inc hosp,2021-03-22,quantile,0.95,557.5464015091916
25,2021-03-01,21 day ahead inc hosp,2021-03-22,quantile,0.975,725.3382336128465
25,2021-03-01,21 day ahead inc hosp,2021-03-22,quantile,0.99,952.2637693656819
25,2021-03-01,22 day ahead inc hosp,2021-03-23,quantile,0.01,0.09542827541728525
25,2021-03-01,22 day ahead inc hosp,2021-03-23,quantile,0.025,0.8133021148764177
25,2021-03-01,22 day ahead inc hosp,2021-03-23,quantile,0.05,3.014354567919427
25,2021-03-01,22 day ahead inc hosp,2021-03-23,quantile,0.1,9.777501784312099
25,2021-03-01,22 day ahead inc hosp,2021-03-23,quantile,0.15,16.706143321890742
25,2021-03-01,22 day ahead inc hosp,2021-03-23,quantile,0.2,24.934071622225815
25,2021-03-01,22 day ahead inc hosp,2021-03-23,quantile,0.25,33.88023106740864
25,2021-03-01,22 day ahead inc hosp,2021-03-23,quantile,0.3,43.21051748504199
25,2021-03-01,22 day ahead inc hosp,2021-03-23,quantile,0.35,54.15316924688994
25,2021-03-01,22 day ahead inc hosp,2021-03-23,quantile,0.4,65.90493332496408
25,2021-03-01,22 day ahead inc hosp,2021-03-23,quantile,0.45,79.96118229505484
25,2021-03-01,22 day ahead inc hosp,2021-03-23,quantile,0.5,99.56927671772128
25,2021-03-01,22 day ahead inc hosp,2021-03-23,quantile,0.55,118.62904994429384
25,2021-03-01,22 day ahead inc hosp,2021-03-23,quantile,0.6,137.58408694754837
25,2021-03-01,22 day ahead inc hosp,2021-03-23,quantile,0.65,165.53011637748952
25,2021-03-01,22 day ahead inc hosp,2021-03-23,quantile,0.7,201.77336284163385
25,2021-03-01,22 day ahead inc hosp,2021-03-23,quantile,0.75,235.20215225322806
25,2021-03-01,22 day ahead inc hosp,2021-03-23,quantile,0.8,297.8087186000976
25,2021-03-01,22 day ahead inc hosp,2021-03-23,quantile,0.85,374.9000492321003
25,2021-03-01,22 day ahead inc hosp,2021-03-23,quantile,0.9,483.630434407026
25,2021-03-01,22 day ahead inc hosp,2021-03-23,quantile,0.95,690.7958456668273
25,2021-03-01,22 day ahead inc hosp,2021-03-23,quantile,0.975,888.2839125403842
25,2021-03-01,22 day ahead inc hosp,2021-03-23,quantile,0.99,1082.3429303034136
25,2021-03-01,23 day ahead inc hosp,2021-03-24,quantile,0.01,0.0030072739297414275
25,2021-03-01,23 day ahead inc hosp,2021-03-24,quantile,0.025,0.22734773098058103
25,2021-03-01,23 day ahead inc hosp,2021-03-24,quantile,0.05,1.7520773508935237
25,2021-03-01,23 day ahead inc hosp,2021-03-24,quantile,0.1,5.53370203012803
25,2021-03-01,23 day ahead inc hosp,2021-03-24,quantile,0.15,10.563748669215357
25,2021-03-01,23 day ahead inc hosp,2021-03-24,quantile,0.2,17.119851815543356
25,2021-03-01,23 day ahead inc hosp,2021-03-24,quantile,0.25,25.783994019220945
25,2021-03-01,23 day ahead inc hosp,2021-03-24,quantile,0.3,33.08866340143954
25,2021-03-01,23 day ahead inc hosp,2021-03-24,quantile,0.35,42.37374507949431
25,2021-03-01,23 day ahead inc hosp,2021-03-24,quantile,0.4,54.46962004905779
25,2021-03-01,23 day ahead inc hosp,2021-03-24,quantile,0.45,68.9813493207977
25,2021-03-01,23 day ahead inc hosp,2021-03-24,quantile,0.5,83.48417879775964
25,2021-03-01,23 day ahead inc hosp,2021-03-24,quantile,0.55,105.15845311442972
25,2021-03-01,23 day ahead inc hosp,2021-03-24,quantile,0.6,122.88708092848276
25,2021-03-01,23 day ahead inc hosp,2021-03-24,quantile,0.65,154.18145206443702
25,2021-03-01,23 day ahead inc hosp,2021-03-24,quantile,0.7,186.27292979349062
25,2021-03-01,23 day ahead inc hosp,2021-03-24,quantile,0.75,227.19492758754626
25,2021-03-01,23 day ahead inc hosp,2021-03-24,quantile,0.8,282.87584060070094
25,2021-03-01,23 day ahead inc hosp,2021-03-24,quantile,0.85,353.5412729194604
25,2021-03-01,23 day ahead inc hosp,2021-03-24,quantile,0.9,461.21296500266976
25,2021-03-01,23 day ahead inc hosp,2021-03-24,quantile,0.95,688.6998706328682
25,2021-03-01,23 day ahead inc hosp,2021-03-24,quantile,0.975,886.2264983095469
25,2021-03-01,23 day ahead inc hosp,2021-03-24,quantile,0.99,1117.0119122797669
25,2021-03-01,24 day ahead inc hosp,2021-03-25,quantile,0.01,2.401524262791184e-07
25,2021-03-01,24 day ahead inc hosp,2021-03-25,quantile,0.025,0.195859158492534
25,2021-03-01,24 day ahead inc hosp,2021-03-25,quantile,0.05,1.200104801744771
25,2021-03-01,24 day ahead inc hosp,2021-03-25,quantile,0.1,4.846565235527701
25,2021-03-01,24 day ahead inc hosp,2021-03-25,quantile,0.15,9.790872235077716
25,2021-03-01,24 day ahead inc hosp,2021-03-25,quantile,0.2,17.449790227584753
25,2021-03-01,24 day ahead inc hosp,2021-03-25,quantile,0.25,25.72742559744928
25,2021-03-01,24 day ahead inc hosp,2021-03-25,quantile,0.3,32.88981188338329
25,2021-03-01,24 day ahead inc hosp,2021-03-25,quantile,0.35,43.63041994854357
25,2021-03-01,24 day ahead inc hosp,2021-03-25,quantile,0.4,56.170627463645154
25,2021-03-01,24 day ahead inc hosp,2021-03-25,quantile,0.45,68.85894248699358
25,2021-03-01,24 day ahead inc hosp,2021-03-25,quantile,0.5,84.3536386914076
25,2021-03-01,24 day ahead inc hosp,2021-03-25,quantile,0.55,106.01260253097894
25,2021-03-01,24 day ahead inc hosp,2021-03-25,quantile,0.6,129.70873920342203
25,2021-03-01,24 day ahead inc hosp,2021-03-25,quantile,0.65,158.55786285389107
25,2021-03-01,24 day ahead inc hosp,2021-03-25,quantile,0.7,196.79044646919317
25,2021-03-01,24 day ahead inc hosp,2021-03-25,quantile,0.75,247.2252931652607
25,2021-03-01,24 day ahead inc hosp,2021-03-25,quantile,0.8,309.8815142673454
25,2021-03-01,24 day ahead inc hosp,2021-03-25,quantile,0.85,390.1638279396637
25,2021-03-01,24 day ahead inc hosp,2021-03-25,quantile,0.9,500.90454413879985
25,2021-03-01,24 day ahead inc hosp,2021-03-25,quantile,0.95,752.7798278912057
25,2021-03-01,24 day ahead inc hosp,2021-03-25,quantile,0.975,1011.7945848165187
25,2021-03-01,24 day ahead inc hosp,2021-03-25,quantile,0.99,1297.6412333430635
25,2021-03-01,25 day ahead inc hosp,2021-03-26,quantile,0.01,0.0
25,2021-03-01,25 day ahead inc hosp,2021-03-26,quantile,0.025,0.04036334600074956
25,2021-03-01,25 day ahead inc hosp,2021-03-26,quantile,0.05,0.4198982604091525
25,2021-03-01,25 day ahead inc hosp,2021-03-26,quantile,0.1,3.2609683730089523
25,2021-03-01,25 day ahead inc hosp,2021-03-26,quantile,0.15,7.495898410990518
25,2021-03-01,25 day ahead inc hosp,2021-03-26,quantile,0.2,13.373977798883839
25,2021-03-01,25 day ahead inc hosp,2021-03-26,quantile,0.25,20.983951121391843
25,2021-03-01,25 day ahead inc hosp,2021-03-26,quantile,0.3,30.26576904516323
25,2021-03-01,25 day ahead inc hosp,2021-03-26,quantile,0.35,42.51794389578483
25,2021-03-01,25 day ahead inc hosp,2021-03-26,quantile,0.4,56.978467357837616
25,2021-03-01,25 day ahead inc hosp,2021-03-26,quantile,0.45,69.74386205076419
25,2021-03-01,25 day ahead inc hosp,2021-03-26,quantile,0.5,85.8535664480711
25,2021-03-01,25 day ahead inc hosp,2021-03-26,quantile,0.55,106.37455144960532
25,2021-03-01,25 day ahead inc hosp,2021-03-26,quantile,0.6,130.9886721399471
25,2021-03-01,25 day ahead inc hosp,2021-03-26,quantile,0.65,160.22416323846244
25,2021-03-01,25 day ahead inc hosp,2021-03-26,quantile,0.7,199.09798099704466
25,2021-03-01,25 day ahead inc hosp,2021-03-26,quantile,0.75,248.54740364902798
25,2021-03-01,25 day ahead inc hosp,2021-03-26,quantile,0.8,304.6345931167188
25,2021-03-01,25 day ahead inc hosp,2021-03-26,quantile,0.85,391.2691193950954
25,2021-03-01,25 day ahead inc hosp,2021-03-26,quantile,0.9,527.1613116102162
25,2021-03-01,25 day ahead inc hosp,2021-03-26,quantile,0.95,805.5626653619673
25,2021-03-01,25 day ahead inc hosp,2021-03-26,quantile,0.975,1109.6705529819255
25,2021-03-01,25 day ahead inc hosp,2021-03-26,quantile,0.99,1380.0851089675343
25,2021-03-01,26 day ahead inc hosp,2021-03-27,quantile,0.01,0.0
25,2021-03-01,26 day ahead inc hosp,2021-03-27,quantile,0.025,0.0007388223267395155
25,2021-03-01,26 day ahead inc hosp,2021-03-27,quantile,0.05,0.3455508809641892
25,2021-03-01,26 day ahead inc hosp,2021-03-27,quantile,0.1,2.382255668951144
25,2021-03-01,26 day ahead inc hosp,2021-03-27,quantile,0.15,6.418006735096992
25,2021-03-01,26 day ahead inc hosp,2021-03-27,quantile,0.2,11.294635853101775
25,2021-03-01,26 day ahead inc hosp,2021-03-27,quantile,0.25,17.593057534283236
25,2021-03-01,26 day ahead inc hosp,2021-03-27,quantile,0.3,26.247632888903862
25,2021-03-01,26 day ahead inc hosp,2021-03-27,quantile,0.35,39.219777338651504
25,2021-03-01,26 day ahead inc hosp,2021-03-27,quantile,0.4,50.15399207596687
25,2021-03-01,26 day ahead inc hosp,2021-03-27,quantile,0.45,67.27177235529892
25,2021-03-01,26 day ahead inc hosp,2021-03-27,quantile,0.5,83.77929404597157
25,2021-03-01,26 day ahead inc hosp,2021-03-27,quantile,0.55,101.44908596433254
25,2021-03-01,26 day ahead inc hosp,2021-03-27,quantile,0.6,128.98503151600164
25,2021-03-01,26 day ahead inc hosp,2021-03-27,quantile,0.65,165.208747746765
25,2021-03-01,26 day ahead inc hosp,2021-03-27,quantile,0.7,199.26445998328882
25,2021-03-01,26 day ahead inc hosp,2021-03-27,quantile,0.75,249.25379871147868
25,2021-03-01,26 day ahead inc hosp,2021-03-27,quantile,0.8,311.8268456125115
25,2021-03-01,26 day ahead inc hosp,2021-03-27,quantile,0.85,402.97525909515144
25,2021-03-01,26 day ahead inc hosp,2021-03-27,quantile,0.9,547.3235298456319
25,2021-03-01,26 day ahead inc hosp,2021-03-27,quantile,0.95,863.4880996097935
25,2021-03-01,26 day ahead inc hosp,2021-03-27,quantile,0.975,1123.9026327827742
25,2021-03-01,26 day ahead inc hosp,2021-03-27,quantile,0.99,1588.0022418496947
25,2021-03-01,27 day ahead inc hosp,2021-03-28,quantile,0.01,0.0
25,2021-03-01,27 day ahead inc hosp,2021-03-28,quantile,0.025,0.0
25,2021-03-01,27 day ahead inc hosp,2021-03-28,quantile,0.05,0.019573651300861406
25,2021-03-01,27 day ahead inc hosp,2021-03-28,quantile,0.1,0.6342372218047752
25,2021-03-01,27 day ahead inc hosp,2021-03-28,quantile,0.15,2.844095502237794
25,2021-03-01,27 day ahead inc hosp,2021-03-28,quantile,0.2,5.815979439784584
25,2021-03-01,27 day ahead inc hosp,2021-03-28,quantile,0.25,9.924584547875682
25,2021-03-01,27 day ahead inc hosp,2021-03-28,quantile,0.3,16.31559495147834
25,2021-03-01,27 day ahead inc hosp,2021-03-28,quantile,0.35,24.433259541458906
25,2021-03-01,27 day ahead inc hosp,2021-03-28,quantile,0.4,33.968042511589616
25,2021-03-01,27 day ahead inc hosp,2021-03-28,quantile,0.45,44.56885048934602
25,2021-03-01,27 day ahead inc hosp,2021-03-28,quantile,0.5,59.668721798147004
25,2021-03-01,27 day ahead inc hosp,2021-03-28,quantile,0.55,74.94974641331898
25,2021-03-01,27 day ahead inc hosp,2021-03-28,quantile,0.6,94.87004969167553
25,2021-03-01,27 day ahead inc hosp,2021-03-28,quantile,0.65,122.67858013304371
25,2021-03-01,27 day ahead inc hosp,2021-03-28,quantile,0.7,151.27112997633876
25,2021-03-01,27 day ahead inc hosp,2021-03-28,quantile,0.75,195.96959667794246
25,2021-03-01,27 day ahead inc hosp,2021-03-28,quantile,0.8,255.89536830589557
25,2021-03-01,27 day ahead inc hosp,2021-03-28,quantile,0.85,332.0604045789071
25,2021-03-01,27 day ahead inc hosp,2021-03-28,quantile,0.9,466.7665916063582
25,2021-03-01,27 day ahead inc hosp,2021-03-28,quantile,0.95,800.3618674480673
25,2021-03-01,27 day ahead inc hosp,2021-03-28,quantile,0.975,1008.5494930368775
25,2021-03-01,27 day ahead inc hosp,2021-03-28,quantile,0.99,1380.1304251287872
25,2021-03-01,28 day ahead inc hosp,2021-03-29,quantile,0.01,0.0
25,2021-03-01,28 day ahead inc hosp,2021-03-29,quantile,0.025,0.0
25,2021-03-01,28 day ahead inc hosp,2021-03-29,quantile,0.05,0.06461524313956679
25,2021-03-01,28 day ahead inc hosp,2021-03-29,quantile,0.1,1.4895285342669955
25,2021-03-01,28 day ahead inc hosp,2021-03-29,quantile,0.15,4.802716756318278
25,2021-03-01,28 day ahead inc hosp,2021-03-29,quantile,0.2,10.181423181982348
25,2021-03-01,28 day ahead inc hosp,2021-03-29,quantile,0.25,16.437862905317278
25,2021-03-01,28 day ahead inc hosp,2021-03-29,quantile,0.3,23.25666251547356
25,2021-03-01,28 day ahead inc hosp,2021-03-29,quantile,0.35,36.48661653583554
25,2021-03-01,28 day ahead inc hosp,2021-03-29,quantile,0.4,50.19295326308758
25,2021-03-01,28 day ahead inc hosp,2021-03-29,quantile,0.45,65.5165062375173
25,2021-03-01,28 day ahead inc hosp,2021-03-29,quantile,0.5,82.16281374039791
25,2021-03-01,28 day ahead inc hosp,2021-03-29,quantile,0.55,105.2630748676453
25,2021-03-01,28 day ahead inc hosp,2021-03-29,quantile,0.6,129.3814401975935
25,2021-03-01,28 day ahead inc hosp,2021-03-29,quantile,0.65,159.58050213177157
25,2021-03-01,28 day ahead inc hosp,2021-03-29,quantile,0.7,215.91730792279225
25,2021-03-01,28 day ahead inc hosp,2021-03-29,quantile,0.75,272.56168761077686
25,2021-03-01,28 day ahead inc hosp,2021-03-29,quantile,0.8,344.3510968441374
25,2021-03-01,28 day ahead inc hosp,2021-03-29,quantile,0.85,433.20664484540384
25,2021-03-01,28 day ahead inc hosp,2021-03-29,quantile,0.9,642.4440854444746
25,2021-03-01,28 day ahead inc hosp,2021-03-29,quantile,0.95,1049.0574221497336
25,2021-03-01,28 day ahead inc hosp,2021-03-29,quantile,0.975,1326.2242409073451
25,2021-03-01,28 day ahead inc hosp,2021-03-29,quantile,0.99,1724.6953071791515
25,2021-03-01,1 day ahead inc case,2021-03-02,quantile,0.01,1463.707264145168
25,2021-03-01,1 day ahead inc case,2021-03-02,quantile,0.025,1491.7453371825163
25,2021-03-01,1 day ahead inc case,2021-03-02,quantile,0.05,1528.4436299660313
25,2021-03-01,1 day ahead inc case,2021-03-02,quantile,0.1,1557.5753637594178
25,2021-03-01,1 day ahead inc case,2021-03-02,quantile,0.15,1582.7426568592887
25,2021-03-01,1 day ahead inc case,2021-03-02,quantile,0.2,1606.35967165602
25,2021-03-01,1 day ahead inc case,2021-03-02,quantile,0.25,1625.4530939892406
25,2021-03-01,1 day ahead inc case,2021-03-02,quantile,0.3,1637.2031361270128
25,2021-03-01,1 day ahead inc case,2021-03-02,quantile,0.35,1652.3844100604297
25,2021-03-01,1 day ahead inc case,2021-03-02,quantile,0.4,1670.1459599307934
25,2021-03-01,1 day ahead inc case,2021-03-02,quantile,0.45,1684.7415590480357
25,2021-03-01,1 day ahead inc case,2021-03-02,quantile,0.5,1698.51141611541
25,2021-03-01,1 day ahead inc case,2021-03-02,quantile,0.55,1710.6379309487882
25,2021-03-01,1 day ahead inc case,2021-03-02,quantile,0.6,1722.3105025761447
25,2021-03-01,1 day ahead inc case,2021-03-02,quantile,0.65,1734.2500796794923
25,2021-03-01,1 day ahead inc case,2021-03-02,quantile,0.7,1748.4138389896402
25,2021-03-01,1 day ahead inc case,2021-03-02,quantile,0.75,1768.6512636361342
25,2021-03-01,1 day ahead inc case,2021-03-02,quantile,0.8,1789.4100526321981
25,2021-03-01,1 day ahead inc case,2021-03-02,quantile,0.85,1810.5908644798928
25,2021-03-01,1 day ahead inc case,2021-03-02,quantile,0.9,1837.1276679855814
25,2021-03-01,1 day ahead inc case,2021-03-02,quantile,0.95,1873.8540903760459
25,2021-03-01,1 day ahead inc case,2021-03-02,quantile,0.975,1903.7913594400748
25,2021-03-01,1 day ahead inc case,2021-03-02,quantile,0.99,1953.0753005333604
25,2021-03-01,2 day ahead inc case,2021-03-03,quantile,0.01,1382.8070513179525
25,2021-03-01,2 day ahead inc case,2021-03-03,quantile,0.025,1428.3349703468273
25,2021-03-01,2 day ahead inc case,2021-03-03,quantile,0.05,1471.0748593276153
25,2021-03-01,2 day ahead inc case,2021-03-03,quantile,0.1,1522.9760452277646
25,2021-03-01,2 day ahead inc case,2021-03-03,quantile,0.15,1556.7945094995591
25,2021-03-01,2 day ahead inc case,2021-03-03,quantile,0.2,1589.484643077706
25,2021-03-01,2 day ahead inc case,2021-03-03,quantile,0.25,1613.527784853007
25,2021-03-01,2 day ahead inc case,2021-03-03,quantile,0.3,1633.2409425791877
25,2021-03-01,2 day ahead inc case,2021-03-03,quantile,0.35,1652.1920827595968
25,2021-03-01,2 day ahead inc case,2021-03-03,quantile,0.4,1668.2321251259548
25,2021-03-01,2 day ahead inc case,2021-03-03,quantile,0.45,1686.9718128631862
25,2021-03-01,2 day ahead inc case,2021-03-03,quantile,0.5,1702.2171517424738
25,2021-03-01,2 day ahead inc case,2021-03-03,quantile,0.55,1722.6868335255197
25,2021-03-01,2 day ahead inc case,2021-03-03,quantile,0.6,1749.2331392936135
25,2021-03-01,2 day ahead inc case,2021-03-03,quantile,0.65,1772.1017716272595
25,2021-03-01,2 day ahead inc case,2021-03-03,quantile,0.7,1793.1301331838642
25,2021-03-01,2 day ahead inc case,2021-03-03,quantile,0.75,1806.8179079006134
25,2021-03-01,2 day ahead inc case,2021-03-03,quantile,0.8,1831.0476550155493
25,2021-03-01,2 day ahead inc case,2021-03-03,quantile,0.85,1865.0805324913722
25,2021-03-01,2 day ahead inc case,2021-03-03,quantile,0.9,1896.7465179680985
25,2021-03-01,2 day ahead inc case,2021-03-03,quantile,0.95,1963.2156728763418
25,2021-03-01,2 day ahead inc case,2021-03-03,quantile,0.975,2032.813816812592
25,2021-03-01,2 day ahead inc case,2021-03-03,quantile,0.99,2109.8039283552025
25,2021-03-01,3 day ahead inc case,2021-03-04,quantile,0.01,1275.5062574967203
25,2021-03-01,3 day ahead inc case,2021-03-04,quantile,0.025,1325.3717093614637
25,2021-03-01,3 day ahead inc case,2021-03-04,quantile,0.05,1370.0046939893755
25,2021-03-01,3 day ahead inc case,2021-03-04,quantile,0.1,1447.503687840555
25,2021-03-01,3 day ahead inc case,2021-03-04,quantile,0.15,1498.9427407311193
25,2021-03-01,3 day ahead inc case,2021-03-04,quantile,0.2,1527.6198948099357
25,2021-03-01,3 day ahead inc case,2021-03-04,quantile,0.25,1564.2456892158445
25,2021-03-01,3 day ahead inc case,2021-03-04,quantile,0.3,1588.7011168584281
25,2021-03-01,3 day ahead inc case,2021-03-04,quantile,0.35,1613.3144266608901
25,2021-03-01,3 day ahead inc case,2021-03-04,quantile,0.4,1638.3009559866541
25,2021-03-01,3 day ahead inc case,2021-03-04,quantile,0.45,1664.930234601226
25,2021-03-01,3 day ahead inc case,2021-03-04,quantile,0.5,1687.607294067089
25,2021-03-01,3 day ahead inc case,2021-03-04,quantile,0.55,1711.953127101353
25,2021-03-01,3 day ahead inc case,2021-03-04,quantile,0.6,1736.6307323430906
25,2021-03-01,3 day ahead inc case,2021-03-04,quantile,0.65,1755.2632416382503
25,2021-03-01,3 day ahead inc case,2021-03-04,quantile,0.7,1775.5366332866206
25,2021-03-01,3 day ahead inc case,2021-03-04,quantile,0.75,1806.5408401081675
25,2021-03-01,3 day ahead inc case,2021-03-04,quantile,0.8,1842.6561417604435
25,2021-03-01,3 day ahead inc case,2021-03-04,quantile,0.85,1878.9073451321142
25,2021-03-01,3 day ahead inc case,2021-03-04,quantile,0.9,1941.4462253800375
25,2021-03-01,3 day ahead inc case,2021-03-04,quantile,0.95,2019.9223298972038
25,2021-03-01,3 day ahead inc case,2021-03-04,quantile,0.975,2077.4856349349648
25,2021-03-01,3 day ahead inc case,2021-03-04,quantile,0.99,2140.4563410283945
25,2021-03-01,4 day ahead inc case,2021-03-05,quantile,0.01,1190.2221927786868
25,2021-03-01,4 day ahead inc case,2021-03-05,quantile,0.025,1267.2711871242407
25,2021-03-01,4 day ahead inc case,2021-03-05,quantile,0.05,1328.8451001074272
25,2021-03-01,4 day ahead inc case,2021-03-05,quantile,0.1,1398.2217379081944
25,2021-03-01,4 day ahead inc case,2021-03-05,quantile,0.15,1445.528382764832
25,2021-03-01,4 day ahead inc case,2021-03-05,quantile,0.2,1481.4209988547623
25,2021-03-01,4 day ahead inc case,2021-03-05,quantile,0.25,1516.356143957999
25,2021-03-01,4 day ahead inc case,2021-03-05,quantile,0.3,1545.421969383646
25,2021-03-01,4 day ahead inc case,2021-03-05,quantile,0.35,1573.0842299661215
25,2021-03-01,4 day ahead inc case,2021-03-05,quantile,0.4,1600.9111589799984
25,2021-03-01,4 day ahead inc case,2021-03-05,quantile,0.45,1628.7574567871595
25,2021-03-01,4 day ahead inc case,2021-03-05,quantile,0.5,1657.7529131012584
25,2021-03-01,4 day ahead inc case,2021-03-05,quantile,0.55,1679.8069125219731
25,2021-03-01,4 day ahead inc case,2021-03-05,quantile,0.6,1706.1144768383538
25,2021-03-01,4 day ahead inc case,2021-03-05,quantile,0.65,1741.2616212768412
25,2021-03-01,4 day ahead inc case,2021-03-05,quantile,0.7,1777.6663332101825
25,2021-03-01,4 day ahead inc case,2021-03-05,quantile,0.75,1813.348709068828
25,2021-03-01,4 day ahead inc case,2021-03-05,quantile,0.8,1848.3058996936527
25,2021-03-01,4 day ahead inc case,2021-03-05,quantile,0.85,1892.6048653310552
25,2021-03-01,4 day ahead inc case,2021-03-05,quantile,0.9,1954.6310479290494
25,2021-03-01,4 day ahead inc case,2021-03-05,quantile,0.95,2041.439499211276
25,2021-03-01,4 day ahead inc case,2021-03-05,quantile,0.975,2118.4323535541776
25,2021-03-01,4 day ahead inc case,2021-03-05,quantile,0.99,2188.5729168655944
25,2021-03-01,5 day ahead inc case,2021-03-06,quantile,0.01,1128.1201608551303
25,2021-03-01,5 day ahead inc case,2021-03-06,quantile,0.025,1200.0568403939567
25,2021-03-01,5 day ahead inc case,2021-03-06,quantile,0.05,1277.2770281500523
25,2021-03-01,5 day ahead inc case,2021-03-06,quantile,0.1,1351.1423380241943
25,2021-03-01,5 day ahead inc case,2021-03-06,quantile,0.15,1392.6613212758878
25,2021-03-01,5 day ahead inc case,2021-03-06,quantile,0.2,1436.4764973443864
25,2021-03-01,5 day ahead inc case,2021-03-06,quantile,0.25,1475.337350546446
25,2021-03-01,5 day ahead inc case,2021-03-06,quantile,0.3,1514.599199780353
25,2021-03-01,5 day ahead inc case,2021-03-06,quantile,0.35,1539.2554470110456
25,2021-03-01,5 day ahead inc case,2021-03-06,quantile,0.4,1567.5699218878374
25,2021-03-01,5 day ahead inc case,2021-03-06,quantile,0.45,1602.4355640434953
25,2021-03-01,5 day ahead inc case,2021-03-06,quantile,0.5,1633.7454155381809
25,2021-03-01,5 day ahead inc case,2021-03-06,quantile,0.55,1665.0680217999077
25,2021-03-01,5 day ahead inc case,2021-03-06,quantile,0.6,1703.1822536902894
25,2021-03-01,5 day ahead inc case,2021-03-06,quantile,0.65,1728.0667146463304
25,2021-03-01,5 day ahead inc case,2021-03-06,quantile,0.7,1763.564612565393
25,2021-03-01,5 day ahead inc case,2021-03-06,quantile,0.75,1803.6756170886702
25,2021-03-01,5 day ahead inc case,2021-03-06,quantile,0.8,1846.53541952382
25,2021-03-01,5 day ahead inc case,2021-03-06,quantile,0.85,1891.9919898470134
25,2021-03-01,5 day ahead inc case,2021-03-06,quantile,0.9,1954.4769732997217
25,2021-03-01,5 day ahead inc case,2021-03-06,quantile,0.95,2047.0700139940773
25,2021-03-01,5 day ahead inc case,2021-03-06,quantile,0.975,2159.51481650003
25,2021-03-01,5 day ahead inc case,2021-03-06,quantile,0.99,2317.3519646605496
25,2021-03-01,6 day ahead inc case,2021-03-07,quantile,0.01,1050.1076256339084
25,2021-03-01,6 day ahead inc case,2021-03-07,quantile,0.025,1167.1939283952904
25,2021-03-01,6 day ahead inc case,2021-03-07,quantile,0.05,1219.857714650563
25,2021-03-01,6 day ahead inc case,2021-03-07,quantile,0.1,1299.055210638374
25,2021-03-01,6 day ahead inc case,2021-03-07,quantile,0.15,1354.813852658231
25,2021-03-01,6 day ahead inc case,2021-03-07,quantile,0.2,1400.0847570176143
25,2021-03-01,6 day ahead inc case,2021-03-07,quantile,0.25,1434.6432690138672
25,2021-03-01,6 day ahead inc case,2021-03-07,quantile,0.3,1466.1917023234407
25,2021-03-01,6 day ahead inc case,2021-03-07,quantile,0.35,1504.9781538913567
25,2021-03-01,6 day ahead inc case,2021-03-07,quantile,0.4,1530.8395614565068
25,2021-03-01,6 day ahead inc case,2021-03-07,quantile,0.45,1562.353586708247
25,2021-03-01,6 day ahead inc case,2021-03-07,quantile,0.5,1603.0184132274928
25,2021-03-01,6 day ahead inc case,2021-03-07,quantile,0.55,1637.4723375826732
25,2021-03-01,6 day ahead inc case,2021-03-07,quantile,0.6,1663.473865064269
25,2021-03-01,6 day ahead inc case,2021-03-07,quantile,0.65,1696.3877099254742
25,2021-03-01,6 day ahead inc case,2021-03-07,quantile,0.7,1735.6713447183777
25,2021-03-01,6 day ahead inc case,2021-03-07,quantile,0.75,1782.2345634409346
25,2021-03-01,6 day ahead inc case,2021-03-07,quantile,0.8,1831.6468585913406
25,2021-03-01,6 day ahead inc case,2021-03-07,quantile,0.85,1895.9418194310647
25,2021-03-01,6 day ahead inc case,2021-03-07,quantile,0.9,1981.3504903312148
25,2021-03-01,6 day ahead inc case,2021-03-07,quantile,0.95,2096.9176437248766
25,2021-03-01,6 day ahead inc case,2021-03-07,quantile,0.975,2186.98334421036
25,2021-03-01,6 day ahead inc case,2021-03-07,quantile,0.99,2328.1725381460055
25,2021-03-01,7 day ahead inc case,2021-03-08,quantile,0.01,1056.1410140772673
25,2021-03-01,7 day ahead inc case,2021-03-08,quantile,0.025,1109.3871102534224
25,2021-03-01,7 day ahead inc case,2021-03-08,quantile,0.05,1169.808324065728
25,2021-03-01,7 day ahead inc case,2021-03-08,quantile,0.1,1256.0992533147826
25,2021-03-01,7 day ahead inc case,2021-03-08,quantile,0.15,1332.591478174877
25,2021-03-01,7 day ahead inc case,2021-03-08,quantile,0.2,1374.3698747098592
25,2021-03-01,7 day ahead inc case,2021-03-08,quantile,0.25,1413.8589635908031
25,2021-03-01,7 day ahead inc case,2021-03-08,quantile,0.3,1450.566445098621
25,2021-03-01,7 day ahead inc case,2021-03-08,quantile,0.35,1486.5626905935019
25,2021-03-01,7 day ahead inc case,2021-03-08,quantile,0.4,1522.6979375027051
25,2021-03-01,7 day ahead inc case,2021-03-08,quantile,0.45,1554.9439841256506
25,2021-03-01,7 day ahead inc case,2021-03-08,quantile,0.5,1588.08814900411
25,2021-03-01,7 day ahead inc case,2021-03-08,quantile,0.55,1627.2074142885156
25,2021-03-01,7 day ahead inc case,2021-03-08,quantile,0.6,1660.195492796352
25,2021-03-01,7 day ahead inc case,2021-03-08,quantile,0.65,1695.707855456349
25,2021-03-01,7 day ahead inc case,2021-03-08,quantile,0.7,1738.5591899586514
25,2021-03-01,7 day ahead inc case,2021-03-08,quantile,0.75,1791.1005476956261
25,2021-03-01,7 day ahead inc case,2021-03-08,quantile,0.8,1843.5449043779945
25,2021-03-01,7 day ahead inc case,2021-03-08,quantile,0.85,1923.852760858017
25,2021-03-01,7 day ahead inc case,2021-03-08,quantile,0.9,1974.303131294479
25,2021-03-01,7 day ahead inc case,2021-03-08,quantile,0.95,2094.888558679285
25,2021-03-01,7 day ahead inc case,2021-03-08,quantile,0.975,2216.093906858721
25,2021-03-01,7 day ahead inc case,2021-03-08,quantile,0.99,2319.433127329569
25,2021-03-01,8 day ahead inc case,2021-03-09,quantile,0.01,942.1366187920289
25,2021-03-01,8 day ahead inc case,2021-03-09,quantile,0.025,1042.350349123382
25,2021-03-01,8 day ahead inc case,2021-03-09,quantile,0.05,1126.819007108118
25,2021-03-01,8 day ahead inc case,2021-03-09,quantile,0.1,1211.7195496466322
25,2021-03-01,8 day ahead inc case,2021-03-09,quantile,0.15,1277.4029436925623
25,2021-03-01,8 day ahead inc case,2021-03-09,quantile,0.2,1328.7936641806207
25,2021-03-01,8 day ahead inc case,2021-03-09,quantile,0.25,1376.428441907705
25,2021-03-01,8 day ahead inc case,2021-03-09,quantile,0.3,1434.3070366899144
25,2021-03-01,8 day ahead inc case,2021-03-09,quantile,0.35,1473.340600793545
25,2021-03-01,8 day ahead inc case,2021-03-09,quantile,0.4,1511.23578836718
25,2021-03-01,8 day ahead inc case,2021-03-09,quantile,0.45,1555.3897658257004
25,2021-03-01,8 day ahead inc case,2021-03-09,quantile,0.5,1587.7777176350826
25,2021-03-01,8 day ahead inc case,2021-03-09,quantile,0.55,1619.252551074041
25,2021-03-01,8 day ahead inc case,2021-03-09,quantile,0.6,1659.6304485070714
25,2021-03-01,8 day ahead inc case,2021-03-09,quantile,0.65,1704.8494071015723
25,2021-03-01,8 day ahead inc case,2021-03-09,quantile,0.7,1747.3498791913075
25,2021-03-01,8 day ahead inc case,2021-03-09,quantile,0.75,1800.1269213641667
25,2021-03-01,8 day ahead inc case,2021-03-09,quantile,0.8,1871.9269903079057
25,2021-03-01,8 day ahead inc case,2021-03-09,quantile,0.85,1935.5088892202978
25,2021-03-01,8 day ahead inc case,2021-03-09,quantile,0.9,2037.7094409284937
25,2021-03-01,8 day ahead inc case,2021-03-09,quantile,0.95,2176.4884380326284
25,2021-03-01,8 day ahead inc case,2021-03-09,quantile,0.975,2296.0052694679935
25,2021-03-01,8 day ahead inc case,2021-03-09,quantile,0.99,2473.8740482826397
25,2021-03-01,9 day ahead inc case,2021-03-10,quantile,0.01,926.9068194409401
25,2021-03-01,9 day ahead inc case,2021-03-10,quantile,0.025,1023.7539600860742
25,2021-03-01,9 day ahead inc case,2021-03-10,quantile,0.05,1135.6538436287176
25,2021-03-01,9 day ahead inc case,2021-03-10,quantile,0.1,1219.0110003585403
25,2021-03-01,9 day ahead inc case,2021-03-10,quantile,0.15,1292.6858628603547
25,2021-03-01,9 day ahead inc case,2021-03-10,quantile,0.2,1352.906027993745
25,2021-03-01,9 day ahead inc case,2021-03-10,quantile,0.25,1404.5804471581025
25,2021-03-01,9 day ahead inc case,2021-03-10,quantile,0.3,1458.6895511615417
25,2021-03-01,9 day ahead inc case,2021-03-10,quantile,0.35,1506.353070318304
25,2021-03-01,9 day ahead inc case,2021-03-10,quantile,0.4,1552.6773772765353
25,2021-03-01,9 day ahead inc case,2021-03-10,quantile,0.45,1596.1783703515098
25,2021-03-01,9 day ahead inc case,2021-03-10,quantile,0.5,1632.862796995854
25,2021-03-01,9 day ahead inc case,2021-03-10,quantile,0.55,1680.5581235491188
25,2021-03-01,9 day ahead inc case,2021-03-10,quantile,0.6,1735.1084706202978
25,2021-03-01,9 day ahead inc case,2021-03-10,quantile,0.65,1783.70094659645
25,2021-03-01,9 day ahead inc case,2021-03-10,quantile,0.7,1837.5470043651492
25,2021-03-01,9 day ahead inc case,2021-03-10,quantile,0.75,1888.2656492507801
25,2021-03-01,9 day ahead inc case,2021-03-10,quantile,0.8,1980.6398658962435
25,2021-03-01,9 day ahead inc case,2021-03-10,quantile,0.85,2053.91091418377
25,2021-03-01,9 day ahead inc case,2021-03-10,quantile,0.9,2159.524190959294
25,2021-03-01,9 day ahead inc case,2021-03-10,quantile,0.95,2332.733309842116
25,2021-03-01,9 day ahead inc case,2021-03-10,quantile,0.975,2481.441352929565
25,2021-03-01,9 day ahead inc case,2021-03-10,quantile,0.99,2623.8270733513896
25,2021-03-01,10 day ahead inc case,2021-03-11,quantile,0.01,879.5563555783492
25,2021-03-01,10 day ahead inc case,2021-03-11,quantile,0.025,959.0997868576059
25,2021-03-01,10 day ahead inc case,2021-03-11,quantile,0.05,1060.48189756359
25,2021-03-01,10 day ahead inc case,2021-03-11,quantile,0.1,1186.3227293459386
25,2021-03-01,10 day ahead inc case,2021-03-11,quantile,0.15,1248.2120155346531
25,2021-03-01,10 day ahead inc case,2021-03-11,quantile,0.2,1310.718469468026
25,2021-03-01,10 day ahead inc case,2021-03-11,quantile,0.25,1367.5964359477136
25,2021-03-01,10 day ahead inc case,2021-03-11,quantile,0.3,1410.1833164067712
25,2021-03-01,10 day ahead inc case,2021-03-11,quantile,0.35,1473.037333697829
25,2021-03-01,10 day ahead inc case,2021-03-11,quantile,0.4,1533.0572942920269
25,2021-03-01,10 day ahead inc case,2021-03-11,quantile,0.45,1583.515602392319
25,2021-03-01,10 day ahead inc case,2021-03-11,quantile,0.5,1636.6551056140156
25,2021-03-01,10 day ahead inc case,2021-03-11,quantile,0.55,1680.0914479629546
25,2021-03-01,10 day ahead inc case,2021-03-11,quantile,0.6,1732.5875900532837
25,2021-03-01,10 day ahead inc case,2021-03-11,quantile,0.65,1794.927750381512
25,2021-03-01,10 day ahead inc case,2021-03-11,quantile,0.7,1857.8655005824558
25,2021-03-01,10 day ahead inc case,2021-03-11,quantile,0.75,1914.6167646911088
25,2021-03-01,10 day ahead inc case,2021-03-11,quantile,0.8,1986.7180523257998
25,2021-03-01,10 day ahead inc case,2021-03-11,quantile,0.85,2095.9278315093443
25,2021-03-01,10 day ahead inc case,2021-03-11,quantile,0.9,2216.3496974953173
25,2021-03-01,10 day ahead inc case,2021-03-11,quantile,0.95,2382.724969992935
25,2021-03-01,10 day ahead inc case,2021-03-11,quantile,0.975,2509.854414958193
25,2021-03-01,10 day ahead inc case,2021-03-11,quantile,0.99,2813.829252662545
25,2021-03-01,11 day ahead inc case,2021-03-12,quantile,0.01,819.3756239967959
25,2021-03-01,11 day ahead inc case,2021-03-12,quantile,0.025,951.4673722211442
25,2021-03-01,11 day ahead inc case,2021-03-12,quantile,0.05,1032.5105161940212
25,2021-03-01,11 day ahead inc case,2021-03-12,quantile,0.1,1132.4338592493918
25,2021-03-01,11 day ahead inc case,2021-03-12,quantile,0.15,1211.550449736744
25,2021-03-01,11 day ahead inc case,2021-03-12,quantile,0.2,1279.006999740858
25,2021-03-01,11 day ahead inc case,2021-03-12,quantile,0.25,1335.3324610804202
25,2021-03-01,11 day ahead inc case,2021-03-12,quantile,0.3,1394.5045641519262
25,2021-03-01,11 day ahead inc case,2021-03-12,quantile,0.35,1458.1013285236465
25,2021-03-01,11 day ahead inc case,2021-03-12,quantile,0.4,1510.8911762350613
25,2021-03-01,11 day ahead inc case,2021-03-12,quantile,0.45,1563.3197132610499
25,2021-03-01,11 day ahead inc case,2021-03-12,quantile,0.5,1618.2693833528676
25,2021-03-01,11 day ahead inc case,2021-03-12,quantile,0.55,1671.5109088387662
25,2021-03-01,11 day ahead inc case,2021-03-12,quantile,0.6,1736.8335809031623
25,2021-03-01,11 day ahead inc case,2021-03-12,quantile,0.65,1795.833052205137
25,2021-03-01,11 day ahead inc case,2021-03-12,quantile,0.7,1875.668524386659
25,2021-03-01,11 day ahead inc case,2021-03-12,quantile,0.75,1937.8206157470506
25,2021-03-01,11 day ahead inc case,2021-03-12,quantile,0.8,2022.9446414905647
25,2021-03-01,11 day ahead inc case,2021-03-12,quantile,0.85,2119.009014857962
25,2021-03-01,11 day ahead inc case,2021-03-12,quantile,0.9,2274.8823748096875
25,2021-03-01,11 day ahead inc case,2021-03-12,quantile,0.95,2461.041048710988
25,2021-03-01,11 day ahead inc case,2021-03-12,quantile,0.975,2643.779719942347
25,2021-03-01,11 day ahead inc case,2021-03-12,quantile,0.99,2797.4622710335134
25,2021-03-01,12 day ahead inc case,2021-03-13,quantile,0.01,753.7655746361049
25,2021-03-01,12 day ahead inc case,2021-03-13,quantile,0.025,880.885530246309
25,2021-03-01,12 day ahead inc case,2021-03-13,quantile,0.05,978.1876934342731
25,2021-03-01,12 day ahead inc case,2021-03-13,quantile,0.1,1078.1803148939432
25,2021-03-01,12 day ahead inc case,2021-03-13,quantile,0.15,1156.0987260492352
25,2021-03-01,12 day ahead inc case,2021-03-13,quantile,0.2,1242.6873752613456
25,2021-03-01,12 day ahead inc case,2021-03-13,quantile,0.25,1295.3123877074693
25,2021-03-01,12 day ahead inc case,2021-03-13,quantile,0.3,1353.3386271243273
25,2021-03-01,12 day ahead inc case,2021-03-13,quantile,0.35,1409.141429770351
25,2021-03-01,12 day ahead inc case,2021-03-13,quantile,0.4,1472.036453228937
25,2021-03-01,12 day ahead inc case,2021-03-13,quantile,0.45,1528.841520386129
25,2021-03-01,12 day ahead inc case,2021-03-13,quantile,0.5,1583.350958090402
25,2021-03-01,12 day ahead inc case,2021-03-13,quantile,0.55,1647.0836569869164
25,2021-03-01,12 day ahead inc case,2021-03-13,quantile,0.6,1731.8094784555103
25,2021-03-01,12 day ahead inc case,2021-03-13,quantile,0.65,1785.921209731987
25,2021-03-01,12 day ahead inc case,2021-03-13,quantile,0.7,1850.5767522361175
25,2021-03-01,12 day ahead inc case,2021-03-13,quantile,0.75,1918.2591038209132
25,2021-03-01,12 day ahead inc case,2021-03-13,quantile,0.8,1989.0281348436617
25,2021-03-01,12 day ahead inc case,2021-03-13,quantile,0.85,2114.33142208996
25,2021-03-01,12 day ahead inc case,2021-03-13,quantile,0.9,2261.8582192516255
25,2021-03-01,12 day ahead inc case,2021-03-13,quantile,0.95,2488.3808300870414
25,2021-03-01,12 day ahead inc case,2021-03-13,quantile,0.975,2691.4084947325964
25,2021-03-01,12 day ahead inc case,2021-03-13,quantile,0.99,2830.170089091423
25,2021-03-01,13 day ahead inc case,2021-03-14,quantile,0.01,733.4475161513355
25,2021-03-01,13 day ahead inc case,2021-03-14,quantile,0.025,838.4595390864074
25,2021-03-01,13 day ahead inc case,2021-03-14,quantile,0.05,933.881897495966
25,2021-03-01,13 day ahead inc case,2021-03-14,quantile,0.1,1037.472843858305
25,2021-03-01,13 day ahead inc case,2021-03-14,quantile,0.15,1127.0130076356638
25,2021-03-01,13 day ahead inc case,2021-03-14,quantile,0.2,1197.381680081158
25,2021-03-01,13 day ahead inc case,2021-03-14,quantile,0.25,1267.7791412808642
25,2021-03-01,13 day ahead inc case,2021-03-14,quantile,0.3,1329.1773437408085
25,2021-03-01,13 day ahead inc case,2021-03-14,quantile,0.35,1394.3199182425
25,2021-03-01,13 day ahead inc case,2021-03-14,quantile,0.4,1443.1716574919205
25,2021-03-01,13 day ahead inc case,2021-03-14,quantile,0.45,1495.1489472025946
25,2021-03-01,13 day ahead inc case,2021-03-14,quantile,0.5,1563.7662620960878
25,2021-03-01,13 day ahead inc case,2021-03-14,quantile,0.55,1640.7914157102439
25,2021-03-01,13 day ahead inc case,2021-03-14,quantile,0.6,1713.0520985329517
25,2021-03-01,13 day ahead inc case,2021-03-14,quantile,0.65,1785.726441490409
25,2021-03-01,13 day ahead inc case,2021-03-14,quantile,0.7,1843.9080958415482
25,2021-03-01,13 day ahead inc case,2021-03-14,quantile,0.75,1938.4283864227414
25,2021-03-01,13 day ahead inc case,2021-03-14,quantile,0.8,2027.7392330415882
25,2021-03-01,13 day ahead inc case,2021-03-14,quantile,0.85,2142.898160082591
25,2021-03-01,13 day ahead inc case,2021-03-14,quantile,0.9,2329.3989302892123
25,2021-03-01,13 day ahead inc case,2021-03-14,quantile,0.95,2531.473649790113
25,2021-03-01,13 day ahead inc case,2021-03-14,quantile,0.975,2743.189055687928
25,2021-03-01,13 day ahead inc case,2021-03-14,quantile,0.99,2973.958099205094
25,2021-03-01,14 day ahead inc case,2021-03-15,quantile,0.01,702.7992671697541
25,2021-03-01,14 day ahead inc case,2021-03-15,quantile,0.025,818.4649544384499
25,2021-03-01,14 day ahead inc case,2021-03-15,quantile,0.05,883.954650008988
25,2021-03-01,14 day ahead inc case,2021-03-15,quantile,0.1,1008.3857515921208
25,2021-03-01,14 day ahead inc case,2021-03-15,quantile,0.15,1112.8607481308443
25,2021-03-01,14 day ahead inc case,2021-03-15,quantile,0.2,1188.4429613944658
25,2021-03-01,14 day ahead inc case,2021-03-15,quantile,0.25,1257.132280548372
25,2021-03-01,14 day ahead inc case,2021-03-15,quantile,0.3,1316.9540696496722
25,2021-03-01,14 day ahead inc case,2021-03-15,quantile,0.35,1378.4233325340183
25,2021-03-01,14 day ahead inc case,2021-03-15,quantile,0.4,1432.6467978680917
25,2021-03-01,14 day ahead inc case,2021-03-15,quantile,0.45,1511.7884443263436
25,2021-03-01,14 day ahead inc case,2021-03-15,quantile,0.5,1573.8054320098993
25,2021-03-01,14 day ahead inc case,2021-03-15,quantile,0.55,1627.323043783241
25,2021-03-01,14 day ahead inc case,2021-03-15,quantile,0.6,1718.1745779697728
25,2021-03-01,14 day ahead inc case,2021-03-15,quantile,0.65,1772.1057692498914
25,2021-03-01,14 day ahead inc case,2021-03-15,quantile,0.7,1852.580080612513
25,2021-03-01,14 day ahead inc case,2021-03-15,quantile,0.75,1958.1997988958015
25,2021-03-01,14 day ahead inc case,2021-03-15,quantile,0.8,2051.360567754054
25,2021-03-01,14 day ahead inc case,2021-03-15,quantile,0.85,2168.803095117129
25,2021-03-01,14 day ahead inc case,2021-03-15,quantile,0.9,2359.645900714414
25,2021-03-01,14 day ahead inc case,2021-03-15,quantile,0.95,2620.18534872735
25,2021-03-01,14 day ahead inc case,2021-03-15,quantile,0.975,2761.0299464923387
25,2021-03-01,14 day ahead inc case,2021-03-15,quantile,0.99,3028.125952294186
25,2021-03-01,15 day ahead inc case,2021-03-16,quantile,0.01,602.9352410260253
25,2021-03-01,15 day ahead inc case,2021-03-16,quantile,0.025,741.7032637372995
25,2021-03-01,15 day ahead inc case,2021-03-16,quantile,0.05,841.0781512543393
25,2021-03-01,15 day ahead inc case,2021-03-16,quantile,0.1,960.9776766423432
25,2021-03-01,15 day ahead inc case,2021-03-16,quantile,0.15,1059.8107674713992
25,2021-03-01,15 day ahead inc case,2021-03-16,quantile,0.2,1133.3740536822515
25,2021-03-01,15 day ahead inc case,2021-03-16,quantile,0.25,1194.4949934663202
25,2021-03-01,15 day ahead inc case,2021-03-16,quantile,0.3,1272.6705747041149
25,2021-03-01,15 day ahead inc case,2021-03-16,quantile,0.35,1350.4418243614507
25,2021-03-01,15 day ahead inc case,2021-03-16,quantile,0.4,1430.7380039949924
25,2021-03-01,15 day ahead inc case,2021-03-16,quantile,0.45,1510.3787730160477
25,2021-03-01,15 day ahead inc case,2021-03-16,quantile,0.5,1563.670538803457
25,2021-03-01,15 day ahead inc case,2021-03-16,quantile,0.55,1623.264214373277
25,2021-03-01,15 day ahead inc case,2021-03-16,quantile,0.6,1704.1035091405042
25,2021-03-01,15 day ahead inc case,2021-03-16,quantile,0.65,1774.6890058074107
25,2021-03-01,15 day ahead inc case,2021-03-16,quantile,0.7,1861.416292325244
25,2021-03-01,15 day ahead inc case,2021-03-16,quantile,0.75,1986.0340755335665
25,2021-03-01,15 day ahead inc case,2021-03-16,quantile,0.8,2084.3383122344057
25,2021-03-01,15 day ahead inc case,2021-03-16,quantile,0.85,2204.7135427852104
25,2021-03-01,15 day ahead inc case,2021-03-16,quantile,0.9,2474.966222749947
25,2021-03-01,15 day ahead inc case,2021-03-16,quantile,0.95,2703.7149681972087
25,2021-03-01,15 day ahead inc case,2021-03-16,quantile,0.975,2961.6944619622936
25,2021-03-01,15 day ahead inc case,2021-03-16,quantile,0.99,3221.827904075132
25,2021-03-01,16 day ahead inc case,2021-03-17,quantile,0.01,562.9381703875553
25,2021-03-01,16 day ahead inc case,2021-03-17,quantile,0.025,687.2012258588683
25,2021-03-01,16 day ahead inc case,2021-03-17,quantile,0.05,787.4813308185446
25,2021-03-01,16 day ahead inc case,2021-03-17,quantile,0.1,940.6432866509297
25,2021-03-01,16 day ahead inc case,2021-03-17,quantile,0.15,1055.2564360632923
25,2021-03-01,16 day ahead inc case,2021-03-17,quantile,0.2,1129.437389998321
25,2021-03-01,16 day ahead inc case,2021-03-17,quantile,0.25,1205.2097668275503
25,2021-03-01,16 day ahead inc case,2021-03-17,quantile,0.3,1276.9867544573553
25,2021-03-01,16 day ahead inc case,2021-03-17,quantile,0.35,1366.3901210804365
25,2021-03-01,16 day ahead inc case,2021-03-17,quantile,0.4,1439.7990644752795
25,2021-03-01,16 day ahead inc case,2021-03-17,quantile,0.45,1506.007578536494
25,2021-03-01,16 day ahead inc case,2021-03-17,quantile,0.5,1585.1416066923703
25,2021-03-01,16 day ahead inc case,2021-03-17,quantile,0.55,1660.9019677802053
25,2021-03-01,16 day ahead inc case,2021-03-17,quantile,0.6,1738.9492281321798
25,2021-03-01,16 day ahead inc case,2021-03-17,quantile,0.65,1843.1352043874367
25,2021-03-01,16 day ahead inc case,2021-03-17,quantile,0.7,1950.1338479982792
25,2021-03-01,16 day ahead inc case,2021-03-17,quantile,0.75,2044.012188420096
25,2021-03-01,16 day ahead inc case,2021-03-17,quantile,0.8,2200.050176733313
25,2021-03-01,16 day ahead inc case,2021-03-17,quantile,0.85,2365.0672069991238
25,2021-03-01,16 day ahead inc case,2021-03-17,quantile,0.9,2560.135056119717
25,2021-03-01,16 day ahead inc case,2021-03-17,quantile,0.95,2903.986375882874
25,2021-03-01,16 day ahead inc case,2021-03-17,quantile,0.975,3140.347933623958
25,2021-03-01,16 day ahead inc case,2021-03-17,quantile,0.99,3458.9061981739833
25,2021-03-01,17 day ahead inc case,2021-03-18,quantile,0.01,522.3025208079143
25,2021-03-01,17 day ahead inc case,2021-03-18,quantile,0.025,635.3230139626334
25,2021-03-01,17 day ahead inc case,2021-03-18,quantile,0.05,744.1926708586146
25,2021-03-01,17 day ahead inc case,2021-03-18,quantile,0.1,878.1779145923445
25,2021-03-01,17 day ahead inc case,2021-03-18,quantile,0.15,1003.8027953647467
25,2021-03-01,17 day ahead inc case,2021-03-18,quantile,0.2,1095.7616291253269
25,2021-03-01,17 day ahead inc case,2021-03-18,quantile,0.25,1179.1595697154853
25,2021-03-01,17 day ahead inc case,2021-03-18,quantile,0.3,1246.9991525376722
25,2021-03-01,17 day ahead inc case,2021-03-18,quantile,0.35,1321.95235339392
25,2021-03-01,17 day ahead inc case,2021-03-18,quantile,0.4,1406.1885532842173
25,2021-03-01,17 day ahead inc case,2021-03-18,quantile,0.45,1495.1001855812121
25,2021-03-01,17 day ahead inc case,2021-03-18,quantile,0.5,1573.5525545022194
25,2021-03-01,17 day ahead inc case,2021-03-18,quantile,0.55,1649.4518125126306
25,2021-03-01,17 day ahead inc case,2021-03-18,quantile,0.6,1742.001372733328
25,2021-03-01,17 day ahead inc case,2021-03-18,quantile,0.65,1840.9134879479022
25,2021-03-01,17 day ahead inc case,2021-03-18,quantile,0.7,1941.8086147627307
25,2021-03-01,17 day ahead inc case,2021-03-18,quantile,0.75,2085.0243444104276
25,2021-03-01,17 day ahead inc case,2021-03-18,quantile,0.8,2210.4912167468383
25,2021-03-01,17 day ahead inc case,2021-03-18,quantile,0.85,2388.860709854566
25,2021-03-01,17 day ahead inc case,2021-03-18,quantile,0.9,2615.198066429706
25,2021-03-01,17 day ahead inc case,2021-03-18,quantile,0.95,2999.9189125226053
25,2021-03-01,17 day ahead inc case,2021-03-18,quantile,0.975,3252.510957477875
25,2021-03-01,17 day ahead inc case,2021-03-18,quantile,0.99,3656.8682658557286
25,2021-03-01,18 day ahead inc case,2021-03-19,quantile,0.01,480.7409820482965
25,2021-03-01,18 day ahead inc case,2021-03-19,quantile,0.025,582.974270459541
25,2021-03-01,18 day ahead inc case,2021-03-19,quantile,0.05,679.3852752123272
25,2021-03-01,18 day ahead inc case,2021-03-19,quantile,0.1,827.1446417794782
25,2021-03-01,18 day ahead inc case,2021-03-19,quantile,0.15,953.7791135089158
25,2021-03-01,18 day ahead inc case,2021-03-19,quantile,0.2,1054.6045912654724
25,2021-03-01,18 day ahead inc case,2021-03-19,quantile,0.25,1135.8819770073846
25,2021-03-01,18 day ahead inc case,2021-03-19,quantile,0.3,1230.9984194958602
25,2021-03-01,18 day ahead inc case,2021-03-19,quantile,0.35,1300.244197500936
25,2021-03-01,18 day ahead inc case,2021-03-19,quantile,0.4,1385.7681178151402
25,2021-03-01,18 day ahead inc case,2021-03-19,quantile,0.45,1465.5965643589852
25,2021-03-01,18 day ahead inc case,2021-03-19,quantile,0.5,1545.7639409426968
25,2021-03-01,18 day ahead inc case,2021-03-19,quantile,0.55,1628.8280095686382
25,2021-03-01,18 day ahead inc case,2021-03-19,quantile,0.6,1745.7627769849337
25,2021-03-01,18 day ahead inc case,2021-03-19,quantile,0.65,1829.7327520910412
25,2021-03-01,18 day ahead inc case,2021-03-19,quantile,0.7,1923.030525581509
25,2021-03-01,18 day ahead inc case,2021-03-19,quantile,0.75,2058.9431437104945
25,2021-03-01,18 day ahead inc case,2021-03-19,quantile,0.8,2257.144193666572
25,2021-03-01,18 day ahead inc case,2021-03-19,quantile,0.85,2420.8810745835085
25,2021-03-01,18 day ahead inc case,2021-03-19,quantile,0.9,2675.9423932219033
25,2021-03-01,18 day ahead inc case,2021-03-19,quantile,0.95,3064.480251723193
25,2021-03-01,18 day ahead inc case,2021-03-19,quantile,0.975,3400.3211126068004
25,2021-03-01,18 day ahead inc case,2021-03-19,quantile,0.99,3691.059013928207
25,2021-03-01,19 day ahead inc case,2021-03-20,quantile,0.01,439.456169110124
25,2021-03-01,19 day ahead inc case,2021-03-20,quantile,0.025,528.1281757053031
25,2021-03-01,19 day ahead inc case,2021-03-20,quantile,0.05,634.8138495854889
25,2021-03-01,19 day ahead inc case,2021-03-20,quantile,0.1,772.8132520428323
25,2021-03-01,19 day ahead inc case,2021-03-20,quantile,0.15,894.6098491736527
25,2021-03-01,19 day ahead inc case,2021-03-20,quantile,0.2,1005.0700456120343
25,2021-03-01,19 day ahead inc case,2021-03-20,quantile,0.25,1108.0248549658654
25,2021-03-01,19 day ahead inc case,2021-03-20,quantile,0.3,1178.815405639871
25,2021-03-01,19 day ahead inc case,2021-03-20,quantile,0.35,1245.1300692495897
25,2021-03-01,19 day ahead inc case,2021-03-20,quantile,0.4,1341.3312950610875
25,2021-03-01,19 day ahead inc case,2021-03-20,quantile,0.45,1417.1796333088848
25,2021-03-01,19 day ahead inc case,2021-03-20,quantile,0.5,1515.012029698409
25,2021-03-01,19 day ahead inc case,2021-03-20,quantile,0.55,1604.2466757653392
25,2021-03-01,19 day ahead inc case,2021-03-20,quantile,0.6,1686.6967975424918
25,2021-03-01,19 day ahead inc case,2021-03-20,quantile,0.65,1794.6056128805862
25,2021-03-01,19 day ahead inc case,2021-03-20,quantile,0.7,1944.2981770810102
25,2021-03-01,19 day ahead inc case,2021-03-20,quantile,0.75,2077.0182508698385
25,2021-03-01,19 day ahead inc case,2021-03-20,quantile,0.8,2259.30742175992
25,2021-03-01,19 day ahead inc case,2021-03-20,quantile,0.85,2460.7699396928547
25,2021-03-01,19 day ahead inc case,2021-03-20,quantile,0.9,2723.9303308270387
25,2021-03-01,19 day ahead inc case,2021-03-20,quantile,0.95,3167.699352153366
25,2021-03-01,19 day ahead inc case,2021-03-20,quantile,0.975,3460.3555306799653
25,2021-03-01,19 day ahead inc case,2021-03-20,quantile,0.99,3939.6634601791206
25,2021-03-01,20 day ahead inc case,2021-03-21,quantile,0.01,395.49007327363665
25,2021-03-01,20 day ahead inc case,2021-03-21,quantile,0.025,482.3056079495995
25,2021-03-01,20 day ahead inc case,2021-03-21,quantile,0.05,606.871793286699
25,2021-03-01,20 day ahead inc case,2021-03-21,quantile,0.1,761.9623018814035
25,2021-03-01,20 day ahead inc case,2021-03-21,quantile,0.15,864.4924014385392
25,2021-03-01,20 day ahead inc case,2021-03-21,quantile,0.2,952.7120675529146
25,2021-03-01,20 day ahead inc case,2021-03-21,quantile,0.25,1036.8263698179862
25,2021-03-01,20 day ahead inc case,2021-03-21,quantile,0.3,1128.5437917058332
25,2021-03-01,20 day ahead inc case,2021-03-21,quantile,0.35,1216.9808303120374
25,2021-03-01,20 day ahead inc case,2021-03-21,quantile,0.4,1307.4049336745206
25,2021-03-01,20 day ahead inc case,2021-03-21,quantile,0.45,1391.3150635693853
25,2021-03-01,20 day ahead inc case,2021-03-21,quantile,0.5,1479.596171260406
25,2021-03-01,20 day ahead inc case,2021-03-21,quantile,0.55,1566.0918315482272
25,2021-03-01,20 day ahead inc case,2021-03-21,quantile,0.6,1683.8447511837223
25,2021-03-01,20 day ahead inc case,2021-03-21,quantile,0.65,1816.5276147152308
25,2021-03-01,20 day ahead inc case,2021-03-21,quantile,0.7,1966.4406291794805
25,2021-03-01,20 day ahead inc case,2021-03-21,quantile,0.75,2114.992524388928
25,2021-03-01,20 day ahead inc case,2021-03-21,quantile,0.8,2284.158542878758
25,2021-03-01,20 day ahead inc case,2021-03-21,quantile,0.85,2484.3482669959385
25,2021-03-01,20 day ahead inc case,2021-03-21,quantile,0.9,2821.4231540473506
25,2021-03-01,20 day ahead inc case,2021-03-21,quantile,0.95,3253.5840557647625
25,2021-03-01,20 day ahead inc case,2021-03-21,quantile,0.975,3573.8820856575585
25,2021-03-01,20 day ahead inc case,2021-03-21,quantile,0.99,3936.240431980439
25,2021-03-01,21 day ahead inc case,2021-03-22,quantile,0.01,372.12240305668695
25,2021-03-01,21 day ahead inc case,2021-03-22,quantile,0.025,461.8815284676766
25,2021-03-01,21 day ahead inc case,2021-03-22,quantile,0.05,580.0892976088044
25,2021-03-01,21 day ahead inc case,2021-03-22,quantile,0.1,721.674060388318
25,2021-03-01,21 day ahead inc case,2021-03-22,quantile,0.15,828.2641454309281
25,2021-03-01,21 day ahead inc case,2021-03-22,quantile,0.2,918.1120079414528
25,2021-03-01,21 day ahead inc case,2021-03-22,quantile,0.25,1011.2428321389079
25,2021-03-01,21 day ahead inc case,2021-03-22,quantile,0.3,1097.0550018858348
25,2021-03-01,21 day ahead inc case,2021-03-22,quantile,0.35,1223.8411843204053
25,2021-03-01,21 day ahead inc case,2021-03-22,quantile,0.4,1306.8071229667917
25,2021-03-01,21 day ahead inc case,2021-03-22,quantile,0.45,1371.714624224176
25,2021-03-01,21 day ahead inc case,2021-03-22,quantile,0.5,1477.980707821989
25,2021-03-01,21 day ahead inc case,2021-03-22,quantile,0.55,1576.5141245088976
25,2021-03-01,21 day ahead inc case,2021-03-22,quantile,0.6,1689.0904453996513
25,2021-03-01,21 day ahead inc case,2021-03-22,quantile,0.65,1809.1415754602508
25,2021-03-01,21 day ahead inc case,2021-03-22,quantile,0.7,1965.4886869783356
25,2021-03-01,21 day ahead inc case,2021-03-22,quantile,0.75,2127.3739889865005
25,2021-03-01,21 day ahead inc case,2021-03-22,quantile,0.8,2343.331967315374
25,2021-03-01,21 day ahead inc case,2021-03-22,quantile,0.85,2572.4778468265476
25,2021-03-01,21 day ahead inc case,2021-03-22,quantile,0.9,2908.491045412796
25,2021-03-01,21 day ahead inc case,2021-03-22,quantile,0.95,3385.3527060352258
25,2021-03-01,21 day ahead inc case,2021-03-22,quantile,0.975,3687.90244546722
25,2021-03-01,21 day ahead inc case,2021-03-22,quantile,0.99,4307.29625138126
25,2021-03-01,22 day ahead inc case,2021-03-23,quantile,0.01,333.03721217035434
25,2021-03-01,22 day ahead inc case,2021-03-23,quantile,0.025,400.94491087155086
25,2021-03-01,22 day ahead inc case,2021-03-23,quantile,0.05,524.0953668537895
25,2021-03-01,22 day ahead inc case,2021-03-23,quantile,0.1,666.330689401813
25,2021-03-01,22 day ahead inc case,2021-03-23,quantile,0.15,779.4054123212857
25,2021-03-01,22 day ahead inc case,2021-03-23,quantile,0.2,874.4301432717199
25,2021-03-01,22 day ahead inc case,2021-03-23,quantile,0.25,972.9080777874369
25,2021-03-01,22 day ahead inc case,2021-03-23,quantile,0.3,1085.003837693666
25,2021-03-01,22 day ahead inc case,2021-03-23,quantile,0.35,1184.190416284881
25,2021-03-01,22 day ahead inc case,2021-03-23,quantile,0.4,1277.301446425805
25,2021-03-01,22 day ahead inc case,2021-03-23,quantile,0.45,1388.9146035801334
25,2021-03-01,22 day ahead inc case,2021-03-23,quantile,0.5,1479.8525443642773
25,2021-03-01,22 day ahead inc case,2021-03-23,quantile,0.55,1585.7299342502884
25,2021-03-01,22 day ahead inc case,2021-03-23,quantile,0.6,1696.650037627216
25,2021-03-01,22 day ahead inc case,2021-03-23,quantile,0.65,1832.4100817479784
25,2021-03-01,22 day ahead inc case,2021-03-23,quantile,0.7,1999.5449973347525
25,2021-03-01,22 day ahead inc case,2021-03-23,quantile,0.75,2179.434243793845
25,2021-03-01,22 day ahead inc case,2021-03-23,quantile,0.8,2410.7416334154564
25,2021-03-01,22 day ahead inc case,2021-03-23,quantile,0.85,2638.859899475574
25,2021-03-01,22 day ahead inc case,2021-03-23,quantile,0.9,2968.493583957312
25,2021-03-01,22 day ahead inc case,2021-03-23,quantile,0.95,3497.9499824201353
25,2021-03-01,22 day ahead inc case,2021-03-23,quantile,0.975,3923.7398257093187
25,2021-03-01,22 day ahead inc case,2021-03-23,quantile,0.99,4698.101060079407
25,2021-03-01,23 day ahead inc case,2021-03-24,quantile,0.01,304.7490386045291
25,2021-03-01,23 day ahead inc case,2021-03-24,quantile,0.025,388.86401156195217
25,2021-03-01,23 day ahead inc case,2021-03-24,quantile,0.05,522.6317242214413
25,2021-03-01,23 day ahead inc case,2021-03-24,quantile,0.1,653.1566801556746
25,2021-03-01,23 day ahead inc case,2021-03-24,quantile,0.15,787.1727883144687
25,2021-03-01,23 day ahead inc case,2021-03-24,quantile,0.2,880.6195803529982
25,2021-03-01,23 day ahead inc case,2021-03-24,quantile,0.25,980.754718378595
25,2021-03-01,23 day ahead inc case,2021-03-24,quantile,0.3,1089.6864603539261
25,2021-03-01,23 day ahead inc case,2021-03-24,quantile,0.35,1205.8185482619085
25,2021-03-01,23 day ahead inc case,2021-03-24,quantile,0.4,1308.9660224158672
25,2021-03-01,23 day ahead inc case,2021-03-24,quantile,0.45,1425.3304960398386
25,2021-03-01,23 day ahead inc case,2021-03-24,quantile,0.5,1528.4311755123194
25,2021-03-01,23 day ahead inc case,2021-03-24,quantile,0.55,1643.6775588248308
25,2021-03-01,23 day ahead inc case,2021-03-24,quantile,0.6,1785.015294060836
25,2021-03-01,23 day ahead inc case,2021-03-24,quantile,0.65,1928.276335090501
25,2021-03-01,23 day ahead inc case,2021-03-24,quantile,0.7,2109.142515152636
25,2021-03-01,23 day ahead inc case,2021-03-24,quantile,0.75,2275.1011110087557
25,2021-03-01,23 day ahead inc case,2021-03-24,quantile,0.8,2531.0187625360904
25,2021-03-01,23 day ahead inc case,2021-03-24,quantile,0.85,2842.0756716926826
25,2021-03-01,23 day ahead inc case,2021-03-24,quantile,0.9,3214.068903311604
25,2021-03-01,23 day ahead inc case,2021-03-24,quantile,0.95,3771.91104280775
25,2021-03-01,23 day ahead inc case,2021-03-24,quantile,0.975,4304.5954781649425
25,2021-03-01,23 day ahead inc case,2021-03-24,quantile,0.99,5072.263271189128
25,2021-03-01,24 day ahead inc case,2021-03-25,quantile,0.01,280.7234731995518
25,2021-03-01,24 day ahead inc case,2021-03-25,quantile,0.025,360.22884505903556
25,2021-03-01,24 day ahead inc case,2021-03-25,quantile,0.05,470.9424137620806
25,2021-03-01,24 day ahead inc case,2021-03-25,quantile,0.1,611.4606649206928
25,2021-03-01,24 day ahead inc case,2021-03-25,quantile,0.15,734.5644427161765
25,2021-03-01,24 day ahead inc case,2021-03-25,quantile,0.2,856.5415828718237
25,2021-03-01,24 day ahead inc case,2021-03-25,quantile,0.25,975.1444993696186
25,2021-03-01,24 day ahead inc case,2021-03-25,quantile,0.3,1078.9010083353364
25,2021-03-01,24 day ahead inc case,2021-03-25,quantile,0.35,1176.2246843281407
25,2021-03-01,24 day ahead inc case,2021-03-25,quantile,0.4,1275.0145455334518
25,2021-03-01,24 day ahead inc case,2021-03-25,quantile,0.45,1382.4833502072718
25,2021-03-01,24 day ahead inc case,2021-03-25,quantile,0.5,1509.4332298656216
25,2021-03-01,24 day ahead inc case,2021-03-25,quantile,0.55,1625.6332475370452
25,2021-03-01,24 day ahead inc case,2021-03-25,quantile,0.6,1791.41090009408
25,2021-03-01,24 day ahead inc case,2021-03-25,quantile,0.65,1947.0918059079793
25,2021-03-01,24 day ahead inc case,2021-03-25,quantile,0.7,2085.122474598697
25,2021-03-01,24 day ahead inc case,2021-03-25,quantile,0.75,2298.0004511923757
25,2021-03-01,24 day ahead inc case,2021-03-25,quantile,0.8,2573.4319295782657
25,2021-03-01,24 day ahead inc case,2021-03-25,quantile,0.85,2825.430799425693
25,2021-03-01,24 day ahead inc case,2021-03-25,quantile,0.9,3280.5355619569145
25,2021-03-01,24 day ahead inc case,2021-03-25,quantile,0.95,3950.4927709425974
25,2021-03-01,24 day ahead inc case,2021-03-25,quantile,0.975,4412.032165300067
25,2021-03-01,24 day ahead inc case,2021-03-25,quantile,0.99,5175.019463222226
25,2021-03-01,25 day ahead inc case,2021-03-26,quantile,0.01,243.52784967616745
25,2021-03-01,25 day ahead inc case,2021-03-26,quantile,0.025,312.7929044922988
25,2021-03-01,25 day ahead inc case,2021-03-26,quantile,0.05,423.84062832823463
25,2021-03-01,25 day ahead inc case,2021-03-26,quantile,0.1,567.7274101352248
25,2021-03-01,25 day ahead inc case,2021-03-26,quantile,0.15,699.2334369282199
25,2021-03-01,25 day ahead inc case,2021-03-26,quantile,0.2,822.0252395052973
25,2021-03-01,25 day ahead inc case,2021-03-26,quantile,0.25,953.1867667718839
25,2021-03-01,25 day ahead inc case,2021-03-26,quantile,0.3,1049.3005245383426
25,2021-03-01,25 day ahead inc case,2021-03-26,quantile,0.35,1149.960323412817
25,2021-03-01,25 day ahead inc case,2021-03-26,quantile,0.4,1271.292103489761
25,2021-03-01,25 day ahead inc case,2021-03-26,quantile,0.45,1368.7586424556432
25,2021-03-01,25 day ahead inc case,2021-03-26,quantile,0.5,1470.2129830430629
25,2021-03-01,25 day ahead inc case,2021-03-26,quantile,0.55,1620.5598561242991
25,2021-03-01,25 day ahead inc case,2021-03-26,quantile,0.6,1793.4679388184425
25,2021-03-01,25 day ahead inc case,2021-03-26,quantile,0.65,1953.3167360608493
25,2021-03-01,25 day ahead inc case,2021-03-26,quantile,0.7,2149.7702022821127
25,2021-03-01,25 day ahead inc case,2021-03-26,quantile,0.75,2370.042266614183
25,2021-03-01,25 day ahead inc case,2021-03-26,quantile,0.8,2590.58113547746
25,2021-03-01,25 day ahead inc case,2021-03-26,quantile,0.85,2925.800794925852
25,2021-03-01,25 day ahead inc case,2021-03-26,quantile,0.9,3362.7231840153927
25,2021-03-01,25 day ahead inc case,2021-03-26,quantile,0.95,4075.5563728966545
25,2021-03-01,25 day ahead inc case,2021-03-26,quantile,0.975,4646.827540869489
25,2021-03-01,25 day ahead inc case,2021-03-26,quantile,0.99,5248.876696844534
25,2021-03-01,26 day ahead inc case,2021-03-27,quantile,0.01,202.01611147273334
25,2021-03-01,26 day ahead inc case,2021-03-27,quantile,0.025,293.2098116902263
25,2021-03-01,26 day ahead inc case,2021-03-27,quantile,0.05,396.83895637844614
25,2021-03-01,26 day ahead inc case,2021-03-27,quantile,0.1,531.0792694857724
25,2021-03-01,26 day ahead inc case,2021-03-27,quantile,0.15,656.8228736885031
25,2021-03-01,26 day ahead inc case,2021-03-27,quantile,0.2,784.2467981899537
25,2021-03-01,26 day ahead inc case,2021-03-27,quantile,0.25,899.8124438776925
25,2021-03-01,26 day ahead inc case,2021-03-27,quantile,0.3,1000.9238919754308
25,2021-03-01,26 day ahead inc case,2021-03-27,quantile,0.35,1126.7924111066293
25,2021-03-01,26 day ahead inc case,2021-03-27,quantile,0.4,1211.4032484464747
25,2021-03-01,26 day ahead inc case,2021-03-27,quantile,0.45,1314.2161763424776
25,2021-03-01,26 day ahead inc case,2021-03-27,quantile,0.5,1478.1096444391433
25,2021-03-01,26 day ahead inc case,2021-03-27,quantile,0.55,1616.519650371538
25,2021-03-01,26 day ahead inc case,2021-03-27,quantile,0.6,1749.0864791772144
25,2021-03-01,26 day ahead inc case,2021-03-27,quantile,0.65,1943.3568572253405
25,2021-03-01,26 day ahead inc case,2021-03-27,quantile,0.7,2131.7425982353766
25,2021-03-01,26 day ahead inc case,2021-03-27,quantile,0.75,2367.310751484195
25,2021-03-01,26 day ahead inc case,2021-03-27,quantile,0.8,2596.6619915738756
25,2021-03-01,26 day ahead inc case,2021-03-27,quantile,0.85,2915.015972247697
25,2021-03-01,26 day ahead inc case,2021-03-27,quantile,0.9,3392.4111920787186
25,2021-03-01,26 day ahead inc case,2021-03-27,quantile,0.95,4090.3362366221504
25,2021-03-01,26 day ahead inc case,2021-03-27,quantile,0.975,4711.341741754087
25,2021-03-01,26 day ahead inc case,2021-03-27,quantile,0.99,5658.036328295606
25,2021-03-01,27 day ahead inc case,2021-03-28,quantile,0.01,180.51945836884047
25,2021-03-01,27 day ahead inc case,2021-03-28,quantile,0.025,263.21119780200564
25,2021-03-01,27 day ahead inc case,2021-03-28,quantile,0.05,360.4188689537343
25,2021-03-01,27 day ahead inc case,2021-03-28,quantile,0.1,516.0880523025498
25,2021-03-01,27 day ahead inc case,2021-03-28,quantile,0.15,635.9890245400485
25,2021-03-01,27 day ahead inc case,2021-03-28,quantile,0.2,760.2649333254966
25,2021-03-01,27 day ahead inc case,2021-03-28,quantile,0.25,862.2514101256475
25,2021-03-01,27 day ahead inc case,2021-03-28,quantile,0.3,969.1425676117358
25,2021-03-01,27 day ahead inc case,2021-03-28,quantile,0.35,1075.961370004379
25,2021-03-01,27 day ahead inc case,2021-03-28,quantile,0.4,1206.0560088198945
25,2021-03-01,27 day ahead inc case,2021-03-28,quantile,0.45,1312.775253343386
25,2021-03-01,27 day ahead inc case,2021-03-28,quantile,0.5,1455.7532095076808
25,2021-03-01,27 day ahead inc case,2021-03-28,quantile,0.55,1591.2659516550348
25,2021-03-01,27 day ahead inc case,2021-03-28,quantile,0.6,1729.6780463977225
25,2021-03-01,27 day ahead inc case,2021-03-28,quantile,0.65,1955.7915471659467
25,2021-03-01,27 day ahead inc case,2021-03-28,quantile,0.7,2159.9797228398093
25,2021-03-01,27 day ahead inc case,2021-03-28,quantile,0.75,2376.454609678411
25,2021-03-01,27 day ahead inc case,2021-03-28,quantile,0.8,2608.848810229242
25,2021-03-01,27 day ahead inc case,2021-03-28,quantile,0.85,2997.637808253726
25,2021-03-01,27 day ahead inc case,2021-03-28,quantile,0.9,3554.616147678794
25,2021-03-01,27 day ahead inc case,2021-03-28,quantile,0.95,4299.982341992605
25,2021-03-01,27 day ahead inc case,2021-03-28,quantile,0.975,4960.451676349897
25,2021-03-01,27 day ahead inc case,2021-03-28,quantile,0.99,5619.3490265862865
25,2021-03-01,28 day ahead inc case,2021-03-29,quantile,0.01,157.42817072497482
25,2021-03-01,28 day ahead inc case,2021-03-29,quantile,0.025,224.58123947121157
25,2021-03-01,28 day ahead inc case,2021-03-29,quantile,0.05,331.2835633526273
25,2021-03-01,28 day ahead inc case,2021-03-29,quantile,0.1,472.31064264933696
25,2021-03-01,28 day ahead inc case,2021-03-29,quantile,0.15,604.5684817083753
25,2021-03-01,28 day ahead inc case,2021-03-29,quantile,0.2,708.9404559512365
25,2021-03-01,28 day ahead inc case,2021-03-29,quantile,0.25,853.3574828024975
25,2021-03-01,28 day ahead inc case,2021-03-29,quantile,0.3,961.1365816715138
25,2021-03-01,28 day ahead inc case,2021-03-29,quantile,0.35,1092.175543245232
25,2021-03-01,28 day ahead inc case,2021-03-29,quantile,0.4,1206.5834305305734
25,2021-03-01,28 day ahead inc case,2021-03-29,quantile,0.45,1303.7011419286323
25,2021-03-01,28 day ahead inc case,2021-03-29,quantile,0.5,1432.7297480318343
25,2021-03-01,28 day ahead inc case,2021-03-29,quantile,0.55,1543.6915972954232
25,2021-03-01,28 day ahead inc case,2021-03-29,quantile,0.6,1732.3999553480544
25,2021-03-01,28 day ahead inc case,2021-03-29,quantile,0.65,1928.8892293962954
25,2021-03-01,28 day ahead inc case,2021-03-29,quantile,0.7,2133.333387348576
25,2021-03-01,28 day ahead inc case,2021-03-29,quantile,0.75,2449.440528531287
25,2021-03-01,28 day ahead inc case,2021-03-29,quantile,0.8,2662.2519674199484
25,2021-03-01,28 day ahead inc case,2021-03-29,quantile,0.85,3036.4384507987807
25,2021-03-01,28 day ahead inc case,2021-03-29,quantile,0.9,3598.350719880083
25,2021-03-01,28 day ahead inc case,2021-03-29,quantile,0.95,4474.8480484386155
25,2021-03-01,28 day ahead inc case,2021-03-29,quantile,0.975,5136.248469473871
25,2021-03-01,28 day ahead inc case,2021-03-29,quantile,0.99,6216.978601161532
