location,forecast_date,target,target_end_date,type,quantile,value
06,2021-01-04,1 day ahead inc hosp,2021-01-05,quantile,0.01,1763.5148270543843
06,2021-01-04,1 day ahead inc hosp,2021-01-05,quantile,0.025,1830.1755178727105
06,2021-01-04,1 day ahead inc hosp,2021-01-05,quantile,0.05,1901.807092104322
06,2021-01-04,1 day ahead inc hosp,2021-01-05,quantile,0.1,2003.3596257971242
06,2021-01-04,1 day ahead inc hosp,2021-01-05,quantile,0.15,2055.432866163889
06,2021-01-04,1 day ahead inc hosp,2021-01-05,quantile,0.2,2101.2808139128915
06,2021-01-04,1 day ahead inc hosp,2021-01-05,quantile,0.25,2149.482621099299
06,2021-01-04,1 day ahead inc hosp,2021-01-05,quantile,0.3,2191.550248074343
06,2021-01-04,1 day ahead inc hosp,2021-01-05,quantile,0.35,2231.209914107122
06,2021-01-04,1 day ahead inc hosp,2021-01-05,quantile,0.4,2270.2644216374642
06,2021-01-04,1 day ahead inc hosp,2021-01-05,quantile,0.45,2304.871956098616
06,2021-01-04,1 day ahead inc hosp,2021-01-05,quantile,0.5,2349.55609080969
06,2021-01-04,1 day ahead inc hosp,2021-01-05,quantile,0.55,2388.637644697129
06,2021-01-04,1 day ahead inc hosp,2021-01-05,quantile,0.6,2421.151746815339
06,2021-01-04,1 day ahead inc hosp,2021-01-05,quantile,0.65,2469.0639507497435
06,2021-01-04,1 day ahead inc hosp,2021-01-05,quantile,0.7,2523.7883905874337
06,2021-01-04,1 day ahead inc hosp,2021-01-05,quantile,0.75,2562.559176323087
06,2021-01-04,1 day ahead inc hosp,2021-01-05,quantile,0.8,2625.187165789657
06,2021-01-04,1 day ahead inc hosp,2021-01-05,quantile,0.85,2680.3612257843047
06,2021-01-04,1 day ahead inc hosp,2021-01-05,quantile,0.9,2752.1592460454813
06,2021-01-04,1 day ahead inc hosp,2021-01-05,quantile,0.95,2898.859408910698
06,2021-01-04,1 day ahead inc hosp,2021-01-05,quantile,0.975,3033.5643502124
06,2021-01-04,1 day ahead inc hosp,2021-01-05,quantile,0.99,3145.5175538224594
06,2021-01-04,2 day ahead inc hosp,2021-01-06,quantile,0.01,1363.6217004281
06,2021-01-04,2 day ahead inc hosp,2021-01-06,quantile,0.025,1449.482763272566
06,2021-01-04,2 day ahead inc hosp,2021-01-06,quantile,0.05,1548.748785921064
06,2021-01-04,2 day ahead inc hosp,2021-01-06,quantile,0.1,1633.942372651989
06,2021-01-04,2 day ahead inc hosp,2021-01-06,quantile,0.15,1695.6567567081552
06,2021-01-04,2 day ahead inc hosp,2021-01-06,quantile,0.2,1755.286133208328
06,2021-01-04,2 day ahead inc hosp,2021-01-06,quantile,0.25,1799.476178546445
06,2021-01-04,2 day ahead inc hosp,2021-01-06,quantile,0.3,1843.2191709895453
06,2021-01-04,2 day ahead inc hosp,2021-01-06,quantile,0.35,1876.809504108119
06,2021-01-04,2 day ahead inc hosp,2021-01-06,quantile,0.4,1922.4034526217222
06,2021-01-04,2 day ahead inc hosp,2021-01-06,quantile,0.45,1966.4930268371381
06,2021-01-04,2 day ahead inc hosp,2021-01-06,quantile,0.5,2007.3215324240539
06,2021-01-04,2 day ahead inc hosp,2021-01-06,quantile,0.55,2037.5029716928964
06,2021-01-04,2 day ahead inc hosp,2021-01-06,quantile,0.6,2070.631072853852
06,2021-01-04,2 day ahead inc hosp,2021-01-06,quantile,0.65,2100.461813413272
06,2021-01-04,2 day ahead inc hosp,2021-01-06,quantile,0.7,2144.4981978168867
06,2021-01-04,2 day ahead inc hosp,2021-01-06,quantile,0.75,2191.8469216435806
06,2021-01-04,2 day ahead inc hosp,2021-01-06,quantile,0.8,2257.381982194113
06,2021-01-04,2 day ahead inc hosp,2021-01-06,quantile,0.85,2316.575930328286
06,2021-01-04,2 day ahead inc hosp,2021-01-06,quantile,0.9,2409.9563138461167
06,2021-01-04,2 day ahead inc hosp,2021-01-06,quantile,0.95,2530.574526912516
06,2021-01-04,2 day ahead inc hosp,2021-01-06,quantile,0.975,2602.9384920138823
06,2021-01-04,2 day ahead inc hosp,2021-01-06,quantile,0.99,2737.983442357377
06,2021-01-04,3 day ahead inc hosp,2021-01-07,quantile,0.01,1842.0547314098028
06,2021-01-04,3 day ahead inc hosp,2021-01-07,quantile,0.025,1914.0306694564883
06,2021-01-04,3 day ahead inc hosp,2021-01-07,quantile,0.05,1993.225390935077
06,2021-01-04,3 day ahead inc hosp,2021-01-07,quantile,0.1,2061.846450814408
06,2021-01-04,3 day ahead inc hosp,2021-01-07,quantile,0.15,2112.5842585017713
06,2021-01-04,3 day ahead inc hosp,2021-01-07,quantile,0.2,2156.748727514159
06,2021-01-04,3 day ahead inc hosp,2021-01-07,quantile,0.25,2204.669092136675
06,2021-01-04,3 day ahead inc hosp,2021-01-07,quantile,0.3,2237.74129669992
06,2021-01-04,3 day ahead inc hosp,2021-01-07,quantile,0.35,2281.247653394268
06,2021-01-04,3 day ahead inc hosp,2021-01-07,quantile,0.4,2316.009995240795
06,2021-01-04,3 day ahead inc hosp,2021-01-07,quantile,0.45,2345.7109671790704
06,2021-01-04,3 day ahead inc hosp,2021-01-07,quantile,0.5,2381.240639158587
06,2021-01-04,3 day ahead inc hosp,2021-01-07,quantile,0.55,2416.0012678150883
06,2021-01-04,3 day ahead inc hosp,2021-01-07,quantile,0.6,2453.37761814472
06,2021-01-04,3 day ahead inc hosp,2021-01-07,quantile,0.65,2484.1582154403886
06,2021-01-04,3 day ahead inc hosp,2021-01-07,quantile,0.7,2522.9470628423314
06,2021-01-04,3 day ahead inc hosp,2021-01-07,quantile,0.75,2559.1496331756566
06,2021-01-04,3 day ahead inc hosp,2021-01-07,quantile,0.8,2600.3214807153495
06,2021-01-04,3 day ahead inc hosp,2021-01-07,quantile,0.85,2676.4292075322874
06,2021-01-04,3 day ahead inc hosp,2021-01-07,quantile,0.9,2762.2174767971874
06,2021-01-04,3 day ahead inc hosp,2021-01-07,quantile,0.95,2899.2896776739667
06,2021-01-04,3 day ahead inc hosp,2021-01-07,quantile,0.975,2992.3099847613144
06,2021-01-04,3 day ahead inc hosp,2021-01-07,quantile,0.99,3108.8047673202477
06,2021-01-04,4 day ahead inc hosp,2021-01-08,quantile,0.01,1948.136046530605
06,2021-01-04,4 day ahead inc hosp,2021-01-08,quantile,0.025,2023.3734248728442
06,2021-01-04,4 day ahead inc hosp,2021-01-08,quantile,0.05,2131.103436138759
06,2021-01-04,4 day ahead inc hosp,2021-01-08,quantile,0.1,2231.3224827429895
06,2021-01-04,4 day ahead inc hosp,2021-01-08,quantile,0.15,2285.1445826142144
06,2021-01-04,4 day ahead inc hosp,2021-01-08,quantile,0.2,2335.756116449938
06,2021-01-04,4 day ahead inc hosp,2021-01-08,quantile,0.25,2373.3291559362915
06,2021-01-04,4 day ahead inc hosp,2021-01-08,quantile,0.3,2413.47994609014
06,2021-01-04,4 day ahead inc hosp,2021-01-08,quantile,0.35,2453.148354850921
06,2021-01-04,4 day ahead inc hosp,2021-01-08,quantile,0.4,2489.4155504815685
06,2021-01-04,4 day ahead inc hosp,2021-01-08,quantile,0.45,2527.2976425897355
06,2021-01-04,4 day ahead inc hosp,2021-01-08,quantile,0.5,2571.196089161468
06,2021-01-04,4 day ahead inc hosp,2021-01-08,quantile,0.55,2605.862277549306
06,2021-01-04,4 day ahead inc hosp,2021-01-08,quantile,0.6,2639.7498634701583
06,2021-01-04,4 day ahead inc hosp,2021-01-08,quantile,0.65,2680.9563453736946
06,2021-01-04,4 day ahead inc hosp,2021-01-08,quantile,0.7,2723.9104824316655
06,2021-01-04,4 day ahead inc hosp,2021-01-08,quantile,0.75,2783.521192373705
06,2021-01-04,4 day ahead inc hosp,2021-01-08,quantile,0.8,2824.769402303228
06,2021-01-04,4 day ahead inc hosp,2021-01-08,quantile,0.85,2889.437349064428
06,2021-01-04,4 day ahead inc hosp,2021-01-08,quantile,0.9,2966.1717222977722
06,2021-01-04,4 day ahead inc hosp,2021-01-08,quantile,0.95,3078.229069562912
06,2021-01-04,4 day ahead inc hosp,2021-01-08,quantile,0.975,3159.33012963492
06,2021-01-04,4 day ahead inc hosp,2021-01-08,quantile,0.99,3344.0816612148847
06,2021-01-04,5 day ahead inc hosp,2021-01-09,quantile,0.01,1750.11586376244
06,2021-01-04,5 day ahead inc hosp,2021-01-09,quantile,0.025,1783.2164217778513
06,2021-01-04,5 day ahead inc hosp,2021-01-09,quantile,0.05,1875.7703637902277
06,2021-01-04,5 day ahead inc hosp,2021-01-09,quantile,0.1,1956.5287476709902
06,2021-01-04,5 day ahead inc hosp,2021-01-09,quantile,0.15,2012.8873995627644
06,2021-01-04,5 day ahead inc hosp,2021-01-09,quantile,0.2,2056.2329804241886
06,2021-01-04,5 day ahead inc hosp,2021-01-09,quantile,0.25,2099.081925473268
06,2021-01-04,5 day ahead inc hosp,2021-01-09,quantile,0.3,2126.7074308708925
06,2021-01-04,5 day ahead inc hosp,2021-01-09,quantile,0.35,2154.369712538463
06,2021-01-04,5 day ahead inc hosp,2021-01-09,quantile,0.4,2185.710389418458
06,2021-01-04,5 day ahead inc hosp,2021-01-09,quantile,0.45,2214.359661549942
06,2021-01-04,5 day ahead inc hosp,2021-01-09,quantile,0.5,2252.9776202518915
06,2021-01-04,5 day ahead inc hosp,2021-01-09,quantile,0.55,2287.900675173535
06,2021-01-04,5 day ahead inc hosp,2021-01-09,quantile,0.6,2317.7259483668604
06,2021-01-04,5 day ahead inc hosp,2021-01-09,quantile,0.65,2349.380148098179
06,2021-01-04,5 day ahead inc hosp,2021-01-09,quantile,0.7,2378.8339139099676
06,2021-01-04,5 day ahead inc hosp,2021-01-09,quantile,0.75,2423.7833767497204
06,2021-01-04,5 day ahead inc hosp,2021-01-09,quantile,0.8,2474.005241413155
06,2021-01-04,5 day ahead inc hosp,2021-01-09,quantile,0.85,2521.3025161773694
06,2021-01-04,5 day ahead inc hosp,2021-01-09,quantile,0.9,2589.221999508733
06,2021-01-04,5 day ahead inc hosp,2021-01-09,quantile,0.95,2699.3691580546238
06,2021-01-04,5 day ahead inc hosp,2021-01-09,quantile,0.975,2781.164929579976
06,2021-01-04,5 day ahead inc hosp,2021-01-09,quantile,0.99,2867.5460311515944
06,2021-01-04,6 day ahead inc hosp,2021-01-10,quantile,0.01,1541.8259474504068
06,2021-01-04,6 day ahead inc hosp,2021-01-10,quantile,0.025,1598.6067178611877
06,2021-01-04,6 day ahead inc hosp,2021-01-10,quantile,0.05,1666.0742273183698
06,2021-01-04,6 day ahead inc hosp,2021-01-10,quantile,0.1,1757.501531811059
06,2021-01-04,6 day ahead inc hosp,2021-01-10,quantile,0.15,1832.5244700793598
06,2021-01-04,6 day ahead inc hosp,2021-01-10,quantile,0.2,1880.8304746734598
06,2021-01-04,6 day ahead inc hosp,2021-01-10,quantile,0.25,1916.7299425797253
06,2021-01-04,6 day ahead inc hosp,2021-01-10,quantile,0.3,1959.4557063878117
06,2021-01-04,6 day ahead inc hosp,2021-01-10,quantile,0.35,1991.6871753591508
06,2021-01-04,6 day ahead inc hosp,2021-01-10,quantile,0.4,2021.3498515280344
06,2021-01-04,6 day ahead inc hosp,2021-01-10,quantile,0.45,2052.8049121827526
06,2021-01-04,6 day ahead inc hosp,2021-01-10,quantile,0.5,2093.4588947032476
06,2021-01-04,6 day ahead inc hosp,2021-01-10,quantile,0.55,2128.7822536729186
06,2021-01-04,6 day ahead inc hosp,2021-01-10,quantile,0.6,2160.8197995554597
06,2021-01-04,6 day ahead inc hosp,2021-01-10,quantile,0.65,2201.4670975956983
06,2021-01-04,6 day ahead inc hosp,2021-01-10,quantile,0.7,2233.647819888037
06,2021-01-04,6 day ahead inc hosp,2021-01-10,quantile,0.75,2271.9115943596216
06,2021-01-04,6 day ahead inc hosp,2021-01-10,quantile,0.8,2319.1712147670232
06,2021-01-04,6 day ahead inc hosp,2021-01-10,quantile,0.85,2376.819323569362
06,2021-01-04,6 day ahead inc hosp,2021-01-10,quantile,0.9,2441.2658316271027
06,2021-01-04,6 day ahead inc hosp,2021-01-10,quantile,0.95,2537.634769700194
06,2021-01-04,6 day ahead inc hosp,2021-01-10,quantile,0.975,2634.0175338333597
06,2021-01-04,6 day ahead inc hosp,2021-01-10,quantile,0.99,2709.2794361199803
06,2021-01-04,7 day ahead inc hosp,2021-01-11,quantile,0.01,2137.3152999319827
06,2021-01-04,7 day ahead inc hosp,2021-01-11,quantile,0.025,2256.12741438089
06,2021-01-04,7 day ahead inc hosp,2021-01-11,quantile,0.05,2341.3745774300783
06,2021-01-04,7 day ahead inc hosp,2021-01-11,quantile,0.1,2450.0949267546985
06,2021-01-04,7 day ahead inc hosp,2021-01-11,quantile,0.15,2518.751130304744
06,2021-01-04,7 day ahead inc hosp,2021-01-11,quantile,0.2,2564.8794067108706
06,2021-01-04,7 day ahead inc hosp,2021-01-11,quantile,0.25,2611.362378618264
06,2021-01-04,7 day ahead inc hosp,2021-01-11,quantile,0.3,2649.191900858951
06,2021-01-04,7 day ahead inc hosp,2021-01-11,quantile,0.35,2685.395592261588
06,2021-01-04,7 day ahead inc hosp,2021-01-11,quantile,0.4,2732.694604963766
06,2021-01-04,7 day ahead inc hosp,2021-01-11,quantile,0.45,2765.92662358215
06,2021-01-04,7 day ahead inc hosp,2021-01-11,quantile,0.5,2800.72641701688
06,2021-01-04,7 day ahead inc hosp,2021-01-11,quantile,0.55,2847.8478257838156
06,2021-01-04,7 day ahead inc hosp,2021-01-11,quantile,0.6,2881.873584193611
06,2021-01-04,7 day ahead inc hosp,2021-01-11,quantile,0.65,2926.3280240371982
06,2021-01-04,7 day ahead inc hosp,2021-01-11,quantile,0.7,2963.6260674784075
06,2021-01-04,7 day ahead inc hosp,2021-01-11,quantile,0.75,3010.2521469198487
06,2021-01-04,7 day ahead inc hosp,2021-01-11,quantile,0.8,3061.8484053342754
06,2021-01-04,7 day ahead inc hosp,2021-01-11,quantile,0.85,3124.3787473396937
06,2021-01-04,7 day ahead inc hosp,2021-01-11,quantile,0.9,3208.152614004291
06,2021-01-04,7 day ahead inc hosp,2021-01-11,quantile,0.95,3334.2991356619677
06,2021-01-04,7 day ahead inc hosp,2021-01-11,quantile,0.975,3509.5980821002913
06,2021-01-04,7 day ahead inc hosp,2021-01-11,quantile,0.99,3636.3464202666933
06,2021-01-04,8 day ahead inc hosp,2021-01-12,quantile,0.01,1377.514519741381
06,2021-01-04,8 day ahead inc hosp,2021-01-12,quantile,0.025,1499.7300008758612
06,2021-01-04,8 day ahead inc hosp,2021-01-12,quantile,0.05,1590.0379496307748
06,2021-01-04,8 day ahead inc hosp,2021-01-12,quantile,0.1,1713.7978909728008
06,2021-01-04,8 day ahead inc hosp,2021-01-12,quantile,0.15,1808.1907447500794
06,2021-01-04,8 day ahead inc hosp,2021-01-12,quantile,0.2,1878.108272884671
06,2021-01-04,8 day ahead inc hosp,2021-01-12,quantile,0.25,1949.8732687098575
06,2021-01-04,8 day ahead inc hosp,2021-01-12,quantile,0.3,2016.5537498346291
06,2021-01-04,8 day ahead inc hosp,2021-01-12,quantile,0.35,2066.868324639514
06,2021-01-04,8 day ahead inc hosp,2021-01-12,quantile,0.4,2129.467664247908
06,2021-01-04,8 day ahead inc hosp,2021-01-12,quantile,0.45,2198.983925392256
06,2021-01-04,8 day ahead inc hosp,2021-01-12,quantile,0.5,2244.7182916267266
06,2021-01-04,8 day ahead inc hosp,2021-01-12,quantile,0.55,2323.536244256115
06,2021-01-04,8 day ahead inc hosp,2021-01-12,quantile,0.6,2392.426058865741
06,2021-01-04,8 day ahead inc hosp,2021-01-12,quantile,0.65,2444.3759483691574
06,2021-01-04,8 day ahead inc hosp,2021-01-12,quantile,0.7,2507.6995135629036
06,2021-01-04,8 day ahead inc hosp,2021-01-12,quantile,0.75,2589.5520754253207
06,2021-01-04,8 day ahead inc hosp,2021-01-12,quantile,0.8,2698.1579594478735
06,2021-01-04,8 day ahead inc hosp,2021-01-12,quantile,0.85,2808.977149780308
06,2021-01-04,8 day ahead inc hosp,2021-01-12,quantile,0.9,2966.651786426386
06,2021-01-04,8 day ahead inc hosp,2021-01-12,quantile,0.95,3260.20290395151
06,2021-01-04,8 day ahead inc hosp,2021-01-12,quantile,0.975,3537.445736486263
06,2021-01-04,8 day ahead inc hosp,2021-01-12,quantile,0.99,3748.424914205298
06,2021-01-04,9 day ahead inc hosp,2021-01-13,quantile,0.01,831.4832947112297
06,2021-01-04,9 day ahead inc hosp,2021-01-13,quantile,0.025,926.6085289439325
06,2021-01-04,9 day ahead inc hosp,2021-01-13,quantile,0.05,1082.7566304400157
06,2021-01-04,9 day ahead inc hosp,2021-01-13,quantile,0.1,1218.8163018735033
06,2021-01-04,9 day ahead inc hosp,2021-01-13,quantile,0.15,1343.147975728101
06,2021-01-04,9 day ahead inc hosp,2021-01-13,quantile,0.2,1421.7365875016067
06,2021-01-04,9 day ahead inc hosp,2021-01-13,quantile,0.25,1501.858593820222
06,2021-01-04,9 day ahead inc hosp,2021-01-13,quantile,0.3,1565.634429291875
06,2021-01-04,9 day ahead inc hosp,2021-01-13,quantile,0.35,1626.034968695733
06,2021-01-04,9 day ahead inc hosp,2021-01-13,quantile,0.4,1678.858954504879
06,2021-01-04,9 day ahead inc hosp,2021-01-13,quantile,0.45,1733.3046862123745
06,2021-01-04,9 day ahead inc hosp,2021-01-13,quantile,0.5,1796.8782183238736
06,2021-01-04,9 day ahead inc hosp,2021-01-13,quantile,0.55,1871.6127678639225
06,2021-01-04,9 day ahead inc hosp,2021-01-13,quantile,0.6,1940.177307134296
06,2021-01-04,9 day ahead inc hosp,2021-01-13,quantile,0.65,2019.1876301837992
06,2021-01-04,9 day ahead inc hosp,2021-01-13,quantile,0.7,2122.4973408433243
06,2021-01-04,9 day ahead inc hosp,2021-01-13,quantile,0.75,2204.975467993845
06,2021-01-04,9 day ahead inc hosp,2021-01-13,quantile,0.8,2302.6132088972704
06,2021-01-04,9 day ahead inc hosp,2021-01-13,quantile,0.85,2420.078716472429
06,2021-01-04,9 day ahead inc hosp,2021-01-13,quantile,0.9,2613.114160199731
06,2021-01-04,9 day ahead inc hosp,2021-01-13,quantile,0.95,2839.0737997554156
06,2021-01-04,9 day ahead inc hosp,2021-01-13,quantile,0.975,3188.7527586800975
06,2021-01-04,9 day ahead inc hosp,2021-01-13,quantile,0.99,3456.637621727573
06,2021-01-04,10 day ahead inc hosp,2021-01-14,quantile,0.01,1455.5013229110864
06,2021-01-04,10 day ahead inc hosp,2021-01-14,quantile,0.025,1606.048361257591
06,2021-01-04,10 day ahead inc hosp,2021-01-14,quantile,0.05,1739.077543203519
06,2021-01-04,10 day ahead inc hosp,2021-01-14,quantile,0.1,1894.2607130969075
06,2021-01-04,10 day ahead inc hosp,2021-01-14,quantile,0.15,2021.800930613216
06,2021-01-04,10 day ahead inc hosp,2021-01-14,quantile,0.2,2105.2140512875294
06,2021-01-04,10 day ahead inc hosp,2021-01-14,quantile,0.25,2174.8367004599036
06,2021-01-04,10 day ahead inc hosp,2021-01-14,quantile,0.3,2237.266409567562
06,2021-01-04,10 day ahead inc hosp,2021-01-14,quantile,0.35,2299.294851051874
06,2021-01-04,10 day ahead inc hosp,2021-01-14,quantile,0.4,2365.624293336114
06,2021-01-04,10 day ahead inc hosp,2021-01-14,quantile,0.45,2423.75462886467
06,2021-01-04,10 day ahead inc hosp,2021-01-14,quantile,0.5,2480.622710753383
06,2021-01-04,10 day ahead inc hosp,2021-01-14,quantile,0.55,2552.848364409359
06,2021-01-04,10 day ahead inc hosp,2021-01-14,quantile,0.6,2610.893687742704
06,2021-01-04,10 day ahead inc hosp,2021-01-14,quantile,0.65,2671.349510559282
06,2021-01-04,10 day ahead inc hosp,2021-01-14,quantile,0.7,2748.709687545896
06,2021-01-04,10 day ahead inc hosp,2021-01-14,quantile,0.75,2841.5987158053813
06,2021-01-04,10 day ahead inc hosp,2021-01-14,quantile,0.8,2940.146473939788
06,2021-01-04,10 day ahead inc hosp,2021-01-14,quantile,0.85,3051.152537526139
06,2021-01-04,10 day ahead inc hosp,2021-01-14,quantile,0.9,3178.118612322946
06,2021-01-04,10 day ahead inc hosp,2021-01-14,quantile,0.95,3470.52575550129
06,2021-01-04,10 day ahead inc hosp,2021-01-14,quantile,0.975,3761.797941381658
06,2021-01-04,10 day ahead inc hosp,2021-01-14,quantile,0.99,4031.1410650775156
06,2021-01-04,11 day ahead inc hosp,2021-01-15,quantile,0.01,1644.3587465959577
06,2021-01-04,11 day ahead inc hosp,2021-01-15,quantile,0.025,1839.8737007061386
06,2021-01-04,11 day ahead inc hosp,2021-01-15,quantile,0.05,1975.8605392029508
06,2021-01-04,11 day ahead inc hosp,2021-01-15,quantile,0.1,2115.269997448697
06,2021-01-04,11 day ahead inc hosp,2021-01-15,quantile,0.15,2259.5937076450987
06,2021-01-04,11 day ahead inc hosp,2021-01-15,quantile,0.2,2340.92458972833
06,2021-01-04,11 day ahead inc hosp,2021-01-15,quantile,0.25,2418.5214167591557
06,2021-01-04,11 day ahead inc hosp,2021-01-15,quantile,0.3,2483.5240260677774
06,2021-01-04,11 day ahead inc hosp,2021-01-15,quantile,0.35,2558.2973816584326
06,2021-01-04,11 day ahead inc hosp,2021-01-15,quantile,0.4,2618.8002421266633
06,2021-01-04,11 day ahead inc hosp,2021-01-15,quantile,0.45,2674.919743186521
06,2021-01-04,11 day ahead inc hosp,2021-01-15,quantile,0.5,2738.1292200091757
06,2021-01-04,11 day ahead inc hosp,2021-01-15,quantile,0.55,2794.823057399817
06,2021-01-04,11 day ahead inc hosp,2021-01-15,quantile,0.6,2858.4458573120028
06,2021-01-04,11 day ahead inc hosp,2021-01-15,quantile,0.65,2930.1948506881945
06,2021-01-04,11 day ahead inc hosp,2021-01-15,quantile,0.7,3018.4520324648547
06,2021-01-04,11 day ahead inc hosp,2021-01-15,quantile,0.75,3118.570856651553
06,2021-01-04,11 day ahead inc hosp,2021-01-15,quantile,0.8,3218.86809423617
06,2021-01-04,11 day ahead inc hosp,2021-01-15,quantile,0.85,3361.2847706499574
06,2021-01-04,11 day ahead inc hosp,2021-01-15,quantile,0.9,3519.162322807657
06,2021-01-04,11 day ahead inc hosp,2021-01-15,quantile,0.95,3690.952191042148
06,2021-01-04,11 day ahead inc hosp,2021-01-15,quantile,0.975,3859.905581030725
06,2021-01-04,11 day ahead inc hosp,2021-01-15,quantile,0.99,4032.467593152011
06,2021-01-04,12 day ahead inc hosp,2021-01-16,quantile,0.01,1369.3137836644155
06,2021-01-04,12 day ahead inc hosp,2021-01-16,quantile,0.025,1488.765288980335
06,2021-01-04,12 day ahead inc hosp,2021-01-16,quantile,0.05,1582.030967828853
06,2021-01-04,12 day ahead inc hosp,2021-01-16,quantile,0.1,1702.815909028613
06,2021-01-04,12 day ahead inc hosp,2021-01-16,quantile,0.15,1800.612920794751
06,2021-01-04,12 day ahead inc hosp,2021-01-16,quantile,0.2,1888.2771155856185
06,2021-01-04,12 day ahead inc hosp,2021-01-16,quantile,0.25,1952.0610120261883
06,2021-01-04,12 day ahead inc hosp,2021-01-16,quantile,0.3,2000.9128280479433
06,2021-01-04,12 day ahead inc hosp,2021-01-16,quantile,0.35,2062.6047482972654
06,2021-01-04,12 day ahead inc hosp,2021-01-16,quantile,0.4,2114.5292501603963
06,2021-01-04,12 day ahead inc hosp,2021-01-16,quantile,0.45,2180.067916434856
06,2021-01-04,12 day ahead inc hosp,2021-01-16,quantile,0.5,2239.2941621910077
06,2021-01-04,12 day ahead inc hosp,2021-01-16,quantile,0.55,2280.9137506010807
06,2021-01-04,12 day ahead inc hosp,2021-01-16,quantile,0.6,2350.297815699591
06,2021-01-04,12 day ahead inc hosp,2021-01-16,quantile,0.65,2401.7935993809856
06,2021-01-04,12 day ahead inc hosp,2021-01-16,quantile,0.7,2471.233500532396
06,2021-01-04,12 day ahead inc hosp,2021-01-16,quantile,0.75,2538.403482761823
06,2021-01-04,12 day ahead inc hosp,2021-01-16,quantile,0.8,2620.834109724572
06,2021-01-04,12 day ahead inc hosp,2021-01-16,quantile,0.85,2731.79747495707
06,2021-01-04,12 day ahead inc hosp,2021-01-16,quantile,0.9,2854.1293465411177
06,2021-01-04,12 day ahead inc hosp,2021-01-16,quantile,0.95,3027.054221413215
06,2021-01-04,12 day ahead inc hosp,2021-01-16,quantile,0.975,3211.081055898923
06,2021-01-04,12 day ahead inc hosp,2021-01-16,quantile,0.99,3451.7826830437302
06,2021-01-04,13 day ahead inc hosp,2021-01-17,quantile,0.01,1073.9479220297837
06,2021-01-04,13 day ahead inc hosp,2021-01-17,quantile,0.025,1242.939694386156
06,2021-01-04,13 day ahead inc hosp,2021-01-17,quantile,0.05,1338.3453909549564
06,2021-01-04,13 day ahead inc hosp,2021-01-17,quantile,0.1,1450.3447363153878
06,2021-01-04,13 day ahead inc hosp,2021-01-17,quantile,0.15,1533.690114392345
06,2021-01-04,13 day ahead inc hosp,2021-01-17,quantile,0.2,1614.6244125778198
06,2021-01-04,13 day ahead inc hosp,2021-01-17,quantile,0.25,1679.1903663369524
06,2021-01-04,13 day ahead inc hosp,2021-01-17,quantile,0.3,1733.6148225663735
06,2021-01-04,13 day ahead inc hosp,2021-01-17,quantile,0.35,1796.0894318440487
06,2021-01-04,13 day ahead inc hosp,2021-01-17,quantile,0.4,1864.5505080598286
06,2021-01-04,13 day ahead inc hosp,2021-01-17,quantile,0.45,1944.3498045010092
06,2021-01-04,13 day ahead inc hosp,2021-01-17,quantile,0.5,1998.133870155194
06,2021-01-04,13 day ahead inc hosp,2021-01-17,quantile,0.55,2042.2432111842268
06,2021-01-04,13 day ahead inc hosp,2021-01-17,quantile,0.6,2098.4238051117786
06,2021-01-04,13 day ahead inc hosp,2021-01-17,quantile,0.65,2162.367295571501
06,2021-01-04,13 day ahead inc hosp,2021-01-17,quantile,0.7,2227.221810019177
06,2021-01-04,13 day ahead inc hosp,2021-01-17,quantile,0.75,2305.0564817258396
06,2021-01-04,13 day ahead inc hosp,2021-01-17,quantile,0.8,2389.5644209626257
06,2021-01-04,13 day ahead inc hosp,2021-01-17,quantile,0.85,2475.592824593845
06,2021-01-04,13 day ahead inc hosp,2021-01-17,quantile,0.9,2600.5505016656857
06,2021-01-04,13 day ahead inc hosp,2021-01-17,quantile,0.95,2771.376821881433
06,2021-01-04,13 day ahead inc hosp,2021-01-17,quantile,0.975,3004.537325996013
06,2021-01-04,13 day ahead inc hosp,2021-01-17,quantile,0.99,3266.0152029423302
06,2021-01-04,14 day ahead inc hosp,2021-01-18,quantile,0.01,1908.1112785427538
06,2021-01-04,14 day ahead inc hosp,2021-01-18,quantile,0.025,2028.254804768543
06,2021-01-04,14 day ahead inc hosp,2021-01-18,quantile,0.05,2166.207608976192
06,2021-01-04,14 day ahead inc hosp,2021-01-18,quantile,0.1,2362.8572461051676
06,2021-01-04,14 day ahead inc hosp,2021-01-18,quantile,0.15,2466.894600073362
06,2021-01-04,14 day ahead inc hosp,2021-01-18,quantile,0.2,2580.3029311907458
06,2021-01-04,14 day ahead inc hosp,2021-01-18,quantile,0.25,2642.9516068881708
06,2021-01-04,14 day ahead inc hosp,2021-01-18,quantile,0.3,2721.98068817549
06,2021-01-04,14 day ahead inc hosp,2021-01-18,quantile,0.35,2800.3904796071442
06,2021-01-04,14 day ahead inc hosp,2021-01-18,quantile,0.4,2860.5948254210057
06,2021-01-04,14 day ahead inc hosp,2021-01-18,quantile,0.45,2927.69107531712
06,2021-01-04,14 day ahead inc hosp,2021-01-18,quantile,0.5,2998.4184292575014
06,2021-01-04,14 day ahead inc hosp,2021-01-18,quantile,0.55,3075.2292980812917
06,2021-01-04,14 day ahead inc hosp,2021-01-18,quantile,0.6,3153.9777797315187
06,2021-01-04,14 day ahead inc hosp,2021-01-18,quantile,0.65,3231.9818490237094
06,2021-01-04,14 day ahead inc hosp,2021-01-18,quantile,0.7,3317.630957872744
06,2021-01-04,14 day ahead inc hosp,2021-01-18,quantile,0.75,3400.1692776887835
06,2021-01-04,14 day ahead inc hosp,2021-01-18,quantile,0.8,3519.808839875066
06,2021-01-04,14 day ahead inc hosp,2021-01-18,quantile,0.85,3617.0540111126816
06,2021-01-04,14 day ahead inc hosp,2021-01-18,quantile,0.9,3782.4969869735755
06,2021-01-04,14 day ahead inc hosp,2021-01-18,quantile,0.95,4101.559084038324
06,2021-01-04,14 day ahead inc hosp,2021-01-18,quantile,0.975,4385.637870010173
06,2021-01-04,14 day ahead inc hosp,2021-01-18,quantile,0.99,4688.52626638018
06,2021-01-04,15 day ahead inc hosp,2021-01-19,quantile,0.01,999.5291140338701
06,2021-01-04,15 day ahead inc hosp,2021-01-19,quantile,0.025,1160.0821634778765
06,2021-01-04,15 day ahead inc hosp,2021-01-19,quantile,0.05,1335.4806783889978
06,2021-01-04,15 day ahead inc hosp,2021-01-19,quantile,0.1,1482.7741867573689
06,2021-01-04,15 day ahead inc hosp,2021-01-19,quantile,0.15,1593.7408064089325
06,2021-01-04,15 day ahead inc hosp,2021-01-19,quantile,0.2,1700.2717790729262
06,2021-01-04,15 day ahead inc hosp,2021-01-19,quantile,0.25,1777.7075096714793
06,2021-01-04,15 day ahead inc hosp,2021-01-19,quantile,0.3,1866.4865162946703
06,2021-01-04,15 day ahead inc hosp,2021-01-19,quantile,0.35,1943.8855974904154
06,2021-01-04,15 day ahead inc hosp,2021-01-19,quantile,0.4,2039.4208717882361
06,2021-01-04,15 day ahead inc hosp,2021-01-19,quantile,0.45,2123.2298557755294
06,2021-01-04,15 day ahead inc hosp,2021-01-19,quantile,0.5,2206.6402809761125
06,2021-01-04,15 day ahead inc hosp,2021-01-19,quantile,0.55,2294.4241114491037
06,2021-01-04,15 day ahead inc hosp,2021-01-19,quantile,0.6,2385.6769742580796
06,2021-01-04,15 day ahead inc hosp,2021-01-19,quantile,0.65,2498.8128119969997
06,2021-01-04,15 day ahead inc hosp,2021-01-19,quantile,0.7,2613.992430768703
06,2021-01-04,15 day ahead inc hosp,2021-01-19,quantile,0.75,2698.5823672559463
06,2021-01-04,15 day ahead inc hosp,2021-01-19,quantile,0.8,2859.5985919901377
06,2021-01-04,15 day ahead inc hosp,2021-01-19,quantile,0.85,3097.3962348334144
06,2021-01-04,15 day ahead inc hosp,2021-01-19,quantile,0.9,3334.993598512909
06,2021-01-04,15 day ahead inc hosp,2021-01-19,quantile,0.95,3662.7685793557976
06,2021-01-04,15 day ahead inc hosp,2021-01-19,quantile,0.975,4011.5721369678868
06,2021-01-04,15 day ahead inc hosp,2021-01-19,quantile,0.99,4375.675273959352
06,2021-01-04,16 day ahead inc hosp,2021-01-20,quantile,0.01,463.22871630964755
06,2021-01-04,16 day ahead inc hosp,2021-01-20,quantile,0.025,615.8049446356962
06,2021-01-04,16 day ahead inc hosp,2021-01-20,quantile,0.05,794.3385711690366
06,2021-01-04,16 day ahead inc hosp,2021-01-20,quantile,0.1,937.7937655636276
06,2021-01-04,16 day ahead inc hosp,2021-01-20,quantile,0.15,1051.8950688575994
06,2021-01-04,16 day ahead inc hosp,2021-01-20,quantile,0.2,1145.9034903080044
06,2021-01-04,16 day ahead inc hosp,2021-01-20,quantile,0.25,1221.409982398297
06,2021-01-04,16 day ahead inc hosp,2021-01-20,quantile,0.3,1308.3763012882723
06,2021-01-04,16 day ahead inc hosp,2021-01-20,quantile,0.35,1404.4358189063425
06,2021-01-04,16 day ahead inc hosp,2021-01-20,quantile,0.4,1472.1668980633021
06,2021-01-04,16 day ahead inc hosp,2021-01-20,quantile,0.45,1540.963807971074
06,2021-01-04,16 day ahead inc hosp,2021-01-20,quantile,0.5,1627.0225777021137
06,2021-01-04,16 day ahead inc hosp,2021-01-20,quantile,0.55,1719.9983383615877
06,2021-01-04,16 day ahead inc hosp,2021-01-20,quantile,0.6,1840.9985728937656
06,2021-01-04,16 day ahead inc hosp,2021-01-20,quantile,0.65,1928.7418801891295
06,2021-01-04,16 day ahead inc hosp,2021-01-20,quantile,0.7,2035.8747317752552
06,2021-01-04,16 day ahead inc hosp,2021-01-20,quantile,0.75,2149.1021006293154
06,2021-01-04,16 day ahead inc hosp,2021-01-20,quantile,0.8,2317.999893521038
06,2021-01-04,16 day ahead inc hosp,2021-01-20,quantile,0.85,2499.2845130255732
06,2021-01-04,16 day ahead inc hosp,2021-01-20,quantile,0.9,2805.6460551668624
06,2021-01-04,16 day ahead inc hosp,2021-01-20,quantile,0.95,3293.091187591983
06,2021-01-04,16 day ahead inc hosp,2021-01-20,quantile,0.975,3673.1757802873385
06,2021-01-04,16 day ahead inc hosp,2021-01-20,quantile,0.99,4139.959794688116
06,2021-01-04,17 day ahead inc hosp,2021-01-21,quantile,0.01,1124.9725490216667
06,2021-01-04,17 day ahead inc hosp,2021-01-21,quantile,0.025,1310.9515279303166
06,2021-01-04,17 day ahead inc hosp,2021-01-21,quantile,0.05,1517.8415609229532
06,2021-01-04,17 day ahead inc hosp,2021-01-21,quantile,0.1,1715.8155073128046
06,2021-01-04,17 day ahead inc hosp,2021-01-21,quantile,0.15,1896.4129770380841
06,2021-01-04,17 day ahead inc hosp,2021-01-21,quantile,0.2,2008.6384269172775
06,2021-01-04,17 day ahead inc hosp,2021-01-21,quantile,0.25,2118.475559347495
06,2021-01-04,17 day ahead inc hosp,2021-01-21,quantile,0.3,2218.7417231038075
06,2021-01-04,17 day ahead inc hosp,2021-01-21,quantile,0.35,2315.6654746401528
06,2021-01-04,17 day ahead inc hosp,2021-01-21,quantile,0.4,2401.582820301682
06,2021-01-04,17 day ahead inc hosp,2021-01-21,quantile,0.45,2473.991474386942
06,2021-01-04,17 day ahead inc hosp,2021-01-21,quantile,0.5,2546.6817478497724
06,2021-01-04,17 day ahead inc hosp,2021-01-21,quantile,0.55,2631.2703358021067
06,2021-01-04,17 day ahead inc hosp,2021-01-21,quantile,0.6,2722.5369776147663
06,2021-01-04,17 day ahead inc hosp,2021-01-21,quantile,0.65,2841.860917771507
06,2021-01-04,17 day ahead inc hosp,2021-01-21,quantile,0.7,2999.604347098205
06,2021-01-04,17 day ahead inc hosp,2021-01-21,quantile,0.75,3124.825127983509
06,2021-01-04,17 day ahead inc hosp,2021-01-21,quantile,0.8,3291.8042639943355
06,2021-01-04,17 day ahead inc hosp,2021-01-21,quantile,0.85,3482.4868761746125
06,2021-01-04,17 day ahead inc hosp,2021-01-21,quantile,0.9,3740.365075414885
06,2021-01-04,17 day ahead inc hosp,2021-01-21,quantile,0.95,4036.486344480833
06,2021-01-04,17 day ahead inc hosp,2021-01-21,quantile,0.975,4429.395864521267
06,2021-01-04,17 day ahead inc hosp,2021-01-21,quantile,0.99,4980.433167526877
06,2021-01-04,18 day ahead inc hosp,2021-01-22,quantile,0.01,1270.4120299506117
06,2021-01-04,18 day ahead inc hosp,2021-01-22,quantile,0.025,1584.4873072745609
06,2021-01-04,18 day ahead inc hosp,2021-01-22,quantile,0.05,1804.7565340406072
06,2021-01-04,18 day ahead inc hosp,2021-01-22,quantile,0.1,2007.262759814603
06,2021-01-04,18 day ahead inc hosp,2021-01-22,quantile,0.15,2158.857766351757
06,2021-01-04,18 day ahead inc hosp,2021-01-22,quantile,0.2,2314.6941975872533
06,2021-01-04,18 day ahead inc hosp,2021-01-22,quantile,0.25,2450.8786334678143
06,2021-01-04,18 day ahead inc hosp,2021-01-22,quantile,0.3,2558.783522241161
06,2021-01-04,18 day ahead inc hosp,2021-01-22,quantile,0.35,2650.981537829917
06,2021-01-04,18 day ahead inc hosp,2021-01-22,quantile,0.4,2738.6715855800176
06,2021-01-04,18 day ahead inc hosp,2021-01-22,quantile,0.45,2843.252238508078
06,2021-01-04,18 day ahead inc hosp,2021-01-22,quantile,0.5,2949.5314592973314
06,2021-01-04,18 day ahead inc hosp,2021-01-22,quantile,0.55,3048.1645480761863
06,2021-01-04,18 day ahead inc hosp,2021-01-22,quantile,0.6,3162.819766544709
06,2021-01-04,18 day ahead inc hosp,2021-01-22,quantile,0.65,3251.973379767789
06,2021-01-04,18 day ahead inc hosp,2021-01-22,quantile,0.7,3358.7228651387427
06,2021-01-04,18 day ahead inc hosp,2021-01-22,quantile,0.75,3492.780486603361
06,2021-01-04,18 day ahead inc hosp,2021-01-22,quantile,0.8,3669.4484033671883
06,2021-01-04,18 day ahead inc hosp,2021-01-22,quantile,0.85,3943.0607966542807
06,2021-01-04,18 day ahead inc hosp,2021-01-22,quantile,0.9,4237.667494651175
06,2021-01-04,18 day ahead inc hosp,2021-01-22,quantile,0.95,4597.105533996823
06,2021-01-04,18 day ahead inc hosp,2021-01-22,quantile,0.975,4855.746425332036
06,2021-01-04,18 day ahead inc hosp,2021-01-22,quantile,0.99,5214.738851208803
06,2021-01-04,19 day ahead inc hosp,2021-01-23,quantile,0.01,1062.3896733854372
06,2021-01-04,19 day ahead inc hosp,2021-01-23,quantile,0.025,1177.4675496031343
06,2021-01-04,19 day ahead inc hosp,2021-01-23,quantile,0.05,1295.6984914859484
06,2021-01-04,19 day ahead inc hosp,2021-01-23,quantile,0.1,1462.9628216729413
06,2021-01-04,19 day ahead inc hosp,2021-01-23,quantile,0.15,1598.0850175265864
06,2021-01-04,19 day ahead inc hosp,2021-01-23,quantile,0.2,1747.9215096451362
06,2021-01-04,19 day ahead inc hosp,2021-01-23,quantile,0.25,1836.855948476463
06,2021-01-04,19 day ahead inc hosp,2021-01-23,quantile,0.3,1908.6955533158343
06,2021-01-04,19 day ahead inc hosp,2021-01-23,quantile,0.35,1992.6808198166163
06,2021-01-04,19 day ahead inc hosp,2021-01-23,quantile,0.4,2077.702705875222
06,2021-01-04,19 day ahead inc hosp,2021-01-23,quantile,0.45,2166.5606408817835
06,2021-01-04,19 day ahead inc hosp,2021-01-23,quantile,0.5,2236.917381756607
06,2021-01-04,19 day ahead inc hosp,2021-01-23,quantile,0.55,2338.9809731519576
06,2021-01-04,19 day ahead inc hosp,2021-01-23,quantile,0.6,2428.170436665905
06,2021-01-04,19 day ahead inc hosp,2021-01-23,quantile,0.65,2507.2883256089935
06,2021-01-04,19 day ahead inc hosp,2021-01-23,quantile,0.7,2611.5957536972887
06,2021-01-04,19 day ahead inc hosp,2021-01-23,quantile,0.75,2710.8934424368526
06,2021-01-04,19 day ahead inc hosp,2021-01-23,quantile,0.8,2835.0928845532258
06,2021-01-04,19 day ahead inc hosp,2021-01-23,quantile,0.85,2981.39091025588
06,2021-01-04,19 day ahead inc hosp,2021-01-23,quantile,0.9,3169.728181294808
06,2021-01-04,19 day ahead inc hosp,2021-01-23,quantile,0.95,3539.171625058931
06,2021-01-04,19 day ahead inc hosp,2021-01-23,quantile,0.975,3794.9372437130005
06,2021-01-04,19 day ahead inc hosp,2021-01-23,quantile,0.99,4043.3979071228077
06,2021-01-04,20 day ahead inc hosp,2021-01-24,quantile,0.01,754.4577496421523
06,2021-01-04,20 day ahead inc hosp,2021-01-24,quantile,0.025,885.6910807418058
06,2021-01-04,20 day ahead inc hosp,2021-01-24,quantile,0.05,1016.685134379543
06,2021-01-04,20 day ahead inc hosp,2021-01-24,quantile,0.1,1170.4756163313637
06,2021-01-04,20 day ahead inc hosp,2021-01-24,quantile,0.15,1288.2887906378828
06,2021-01-04,20 day ahead inc hosp,2021-01-24,quantile,0.2,1395.9070066746879
06,2021-01-04,20 day ahead inc hosp,2021-01-24,quantile,0.25,1458.4232588272841
06,2021-01-04,20 day ahead inc hosp,2021-01-24,quantile,0.3,1551.197532931939
06,2021-01-04,20 day ahead inc hosp,2021-01-24,quantile,0.35,1640.077874826733
06,2021-01-04,20 day ahead inc hosp,2021-01-24,quantile,0.4,1719.578274936726
06,2021-01-04,20 day ahead inc hosp,2021-01-24,quantile,0.45,1805.81278828423
06,2021-01-04,20 day ahead inc hosp,2021-01-24,quantile,0.5,1880.02578139764
06,2021-01-04,20 day ahead inc hosp,2021-01-24,quantile,0.55,1955.2318317630143
06,2021-01-04,20 day ahead inc hosp,2021-01-24,quantile,0.6,2058.769605229041
06,2021-01-04,20 day ahead inc hosp,2021-01-24,quantile,0.65,2154.3051343860784
06,2021-01-04,20 day ahead inc hosp,2021-01-24,quantile,0.7,2248.965488970251
06,2021-01-04,20 day ahead inc hosp,2021-01-24,quantile,0.75,2376.9189332199917
06,2021-01-04,20 day ahead inc hosp,2021-01-24,quantile,0.8,2506.1963723526883
06,2021-01-04,20 day ahead inc hosp,2021-01-24,quantile,0.85,2669.264475893319
06,2021-01-04,20 day ahead inc hosp,2021-01-24,quantile,0.9,2828.0949182606455
06,2021-01-04,20 day ahead inc hosp,2021-01-24,quantile,0.95,3139.3508179938053
06,2021-01-04,20 day ahead inc hosp,2021-01-24,quantile,0.975,3421.279422144179
06,2021-01-04,20 day ahead inc hosp,2021-01-24,quantile,0.99,3766.993063840642
06,2021-01-04,21 day ahead inc hosp,2021-01-25,quantile,0.01,1638.7121125861556
06,2021-01-04,21 day ahead inc hosp,2021-01-25,quantile,0.025,1830.8786226495652
06,2021-01-04,21 day ahead inc hosp,2021-01-25,quantile,0.05,1985.2380272755904
06,2021-01-04,21 day ahead inc hosp,2021-01-25,quantile,0.1,2186.2413534254047
06,2021-01-04,21 day ahead inc hosp,2021-01-25,quantile,0.15,2336.6886365495393
06,2021-01-04,21 day ahead inc hosp,2021-01-25,quantile,0.2,2498.318185826693
06,2021-01-04,21 day ahead inc hosp,2021-01-25,quantile,0.25,2646.8380145257834
06,2021-01-04,21 day ahead inc hosp,2021-01-25,quantile,0.3,2750.5899820038244
06,2021-01-04,21 day ahead inc hosp,2021-01-25,quantile,0.35,2849.990618351237
06,2021-01-04,21 day ahead inc hosp,2021-01-25,quantile,0.4,2950.732675010479
06,2021-01-04,21 day ahead inc hosp,2021-01-25,quantile,0.45,3063.5374294538024
06,2021-01-04,21 day ahead inc hosp,2021-01-25,quantile,0.5,3164.780146126061
06,2021-01-04,21 day ahead inc hosp,2021-01-25,quantile,0.55,3272.6739052698617
06,2021-01-04,21 day ahead inc hosp,2021-01-25,quantile,0.6,3369.3071987941607
06,2021-01-04,21 day ahead inc hosp,2021-01-25,quantile,0.65,3501.957834051042
06,2021-01-04,21 day ahead inc hosp,2021-01-25,quantile,0.7,3639.390536459908
06,2021-01-04,21 day ahead inc hosp,2021-01-25,quantile,0.75,3803.7792765716054
06,2021-01-04,21 day ahead inc hosp,2021-01-25,quantile,0.8,4013.2642883983126
06,2021-01-04,21 day ahead inc hosp,2021-01-25,quantile,0.85,4223.366111627853
06,2021-01-04,21 day ahead inc hosp,2021-01-25,quantile,0.9,4537.898881789087
06,2021-01-04,21 day ahead inc hosp,2021-01-25,quantile,0.95,4969.6948497841895
06,2021-01-04,21 day ahead inc hosp,2021-01-25,quantile,0.975,5325.803372356593
06,2021-01-04,21 day ahead inc hosp,2021-01-25,quantile,0.99,5665.9991370722
06,2021-01-04,22 day ahead inc hosp,2021-01-26,quantile,0.01,687.8601010372538
06,2021-01-04,22 day ahead inc hosp,2021-01-26,quantile,0.025,926.9674531988934
06,2021-01-04,22 day ahead inc hosp,2021-01-26,quantile,0.05,1078.3540406712057
06,2021-01-04,22 day ahead inc hosp,2021-01-26,quantile,0.1,1247.805206011008
06,2021-01-04,22 day ahead inc hosp,2021-01-26,quantile,0.15,1388.5392191430149
06,2021-01-04,22 day ahead inc hosp,2021-01-26,quantile,0.2,1518.9095874933435
06,2021-01-04,22 day ahead inc hosp,2021-01-26,quantile,0.25,1640.1323663422752
06,2021-01-04,22 day ahead inc hosp,2021-01-26,quantile,0.3,1750.4923261087797
06,2021-01-04,22 day ahead inc hosp,2021-01-26,quantile,0.35,1842.8932946556176
06,2021-01-04,22 day ahead inc hosp,2021-01-26,quantile,0.4,1925.6626684282494
06,2021-01-04,22 day ahead inc hosp,2021-01-26,quantile,0.45,2028.2946137978822
06,2021-01-04,22 day ahead inc hosp,2021-01-26,quantile,0.5,2142.8337964977186
06,2021-01-04,22 day ahead inc hosp,2021-01-26,quantile,0.55,2280.7479904425813
06,2021-01-04,22 day ahead inc hosp,2021-01-26,quantile,0.6,2398.7295698660027
06,2021-01-04,22 day ahead inc hosp,2021-01-26,quantile,0.65,2538.7754649828544
06,2021-01-04,22 day ahead inc hosp,2021-01-26,quantile,0.7,2687.824183061186
06,2021-01-04,22 day ahead inc hosp,2021-01-26,quantile,0.75,2853.3681032782974
06,2021-01-04,22 day ahead inc hosp,2021-01-26,quantile,0.8,3077.3511371429695
06,2021-01-04,22 day ahead inc hosp,2021-01-26,quantile,0.85,3313.7699980780885
06,2021-01-04,22 day ahead inc hosp,2021-01-26,quantile,0.9,3749.6772546591956
06,2021-01-04,22 day ahead inc hosp,2021-01-26,quantile,0.95,4283.552823578343
06,2021-01-04,22 day ahead inc hosp,2021-01-26,quantile,0.975,4701.008644665182
06,2021-01-04,22 day ahead inc hosp,2021-01-26,quantile,0.99,5168.08271264045
06,2021-01-04,23 day ahead inc hosp,2021-01-27,quantile,0.01,281.0483845794887
06,2021-01-04,23 day ahead inc hosp,2021-01-27,quantile,0.025,406.03776794863376
06,2021-01-04,23 day ahead inc hosp,2021-01-27,quantile,0.05,550.4698894127092
06,2021-01-04,23 day ahead inc hosp,2021-01-27,quantile,0.1,714.4510271634206
06,2021-01-04,23 day ahead inc hosp,2021-01-27,quantile,0.15,844.9159424851684
06,2021-01-04,23 day ahead inc hosp,2021-01-27,quantile,0.2,945.1635922578757
06,2021-01-04,23 day ahead inc hosp,2021-01-27,quantile,0.25,1055.8860385469827
06,2021-01-04,23 day ahead inc hosp,2021-01-27,quantile,0.3,1131.8869992581165
06,2021-01-04,23 day ahead inc hosp,2021-01-27,quantile,0.35,1213.7718581950776
06,2021-01-04,23 day ahead inc hosp,2021-01-27,quantile,0.4,1323.25569833822
06,2021-01-04,23 day ahead inc hosp,2021-01-27,quantile,0.45,1404.243447849682
06,2021-01-04,23 day ahead inc hosp,2021-01-27,quantile,0.5,1512.4331850007704
06,2021-01-04,23 day ahead inc hosp,2021-01-27,quantile,0.55,1617.259725830643
06,2021-01-04,23 day ahead inc hosp,2021-01-27,quantile,0.6,1728.1181159647438
06,2021-01-04,23 day ahead inc hosp,2021-01-27,quantile,0.65,1851.233805409394
06,2021-01-04,23 day ahead inc hosp,2021-01-27,quantile,0.7,2022.1194287888848
06,2021-01-04,23 day ahead inc hosp,2021-01-27,quantile,0.75,2181.1377836687166
06,2021-01-04,23 day ahead inc hosp,2021-01-27,quantile,0.8,2411.776482305447
06,2021-01-04,23 day ahead inc hosp,2021-01-27,quantile,0.85,2735.776193598403
06,2021-01-04,23 day ahead inc hosp,2021-01-27,quantile,0.9,3146.474322379682
06,2021-01-04,23 day ahead inc hosp,2021-01-27,quantile,0.95,3666.7959723588456
06,2021-01-04,23 day ahead inc hosp,2021-01-27,quantile,0.975,4522.850996331572
06,2021-01-04,23 day ahead inc hosp,2021-01-27,quantile,0.99,5067.064104312478
06,2021-01-04,24 day ahead inc hosp,2021-01-28,quantile,0.01,856.0415715991408
06,2021-01-04,24 day ahead inc hosp,2021-01-28,quantile,0.025,1039.4142583808575
06,2021-01-04,24 day ahead inc hosp,2021-01-28,quantile,0.05,1278.0272252636396
06,2021-01-04,24 day ahead inc hosp,2021-01-28,quantile,0.1,1521.6035440586152
06,2021-01-04,24 day ahead inc hosp,2021-01-28,quantile,0.15,1721.1950049307748
06,2021-01-04,24 day ahead inc hosp,2021-01-28,quantile,0.2,1879.6506344349639
06,2021-01-04,24 day ahead inc hosp,2021-01-28,quantile,0.25,2025.2169140813905
06,2021-01-04,24 day ahead inc hosp,2021-01-28,quantile,0.3,2139.852443478375
06,2021-01-04,24 day ahead inc hosp,2021-01-28,quantile,0.35,2258.9723824065672
06,2021-01-04,24 day ahead inc hosp,2021-01-28,quantile,0.4,2416.636708788638
06,2021-01-04,24 day ahead inc hosp,2021-01-28,quantile,0.45,2521.577391938986
06,2021-01-04,24 day ahead inc hosp,2021-01-28,quantile,0.5,2609.791057725645
06,2021-01-04,24 day ahead inc hosp,2021-01-28,quantile,0.55,2719.3054674221967
06,2021-01-04,24 day ahead inc hosp,2021-01-28,quantile,0.6,2866.2070309543624
06,2021-01-04,24 day ahead inc hosp,2021-01-28,quantile,0.65,3019.756248541608
06,2021-01-04,24 day ahead inc hosp,2021-01-28,quantile,0.7,3160.9311885919565
06,2021-01-04,24 day ahead inc hosp,2021-01-28,quantile,0.75,3362.582792923985
06,2021-01-04,24 day ahead inc hosp,2021-01-28,quantile,0.8,3571.510567838468
06,2021-01-04,24 day ahead inc hosp,2021-01-28,quantile,0.85,3841.996097649533
06,2021-01-04,24 day ahead inc hosp,2021-01-28,quantile,0.9,4180.491514184635
06,2021-01-04,24 day ahead inc hosp,2021-01-28,quantile,0.95,4797.9875431812
06,2021-01-04,24 day ahead inc hosp,2021-01-28,quantile,0.975,5199.745019547165
06,2021-01-04,24 day ahead inc hosp,2021-01-28,quantile,0.99,6055.939312306483
06,2021-01-04,25 day ahead inc hosp,2021-01-29,quantile,0.01,1017.9424113460416
06,2021-01-04,25 day ahead inc hosp,2021-01-29,quantile,0.025,1267.2288540907523
06,2021-01-04,25 day ahead inc hosp,2021-01-29,quantile,0.05,1588.0150847421594
06,2021-01-04,25 day ahead inc hosp,2021-01-29,quantile,0.1,1826.125232611454
06,2021-01-04,25 day ahead inc hosp,2021-01-29,quantile,0.15,2030.313065987061
06,2021-01-04,25 day ahead inc hosp,2021-01-29,quantile,0.2,2231.800966206784
06,2021-01-04,25 day ahead inc hosp,2021-01-29,quantile,0.25,2388.367576684899
06,2021-01-04,25 day ahead inc hosp,2021-01-29,quantile,0.3,2512.6737380684826
06,2021-01-04,25 day ahead inc hosp,2021-01-29,quantile,0.35,2664.5965385777063
06,2021-01-04,25 day ahead inc hosp,2021-01-29,quantile,0.4,2795.1480517037744
06,2021-01-04,25 day ahead inc hosp,2021-01-29,quantile,0.45,2931.4504700311318
06,2021-01-04,25 day ahead inc hosp,2021-01-29,quantile,0.5,3080.6259324600524
06,2021-01-04,25 day ahead inc hosp,2021-01-29,quantile,0.55,3214.7144886468454
06,2021-01-04,25 day ahead inc hosp,2021-01-29,quantile,0.6,3354.2964093992923
06,2021-01-04,25 day ahead inc hosp,2021-01-29,quantile,0.65,3539.779176793585
06,2021-01-04,25 day ahead inc hosp,2021-01-29,quantile,0.7,3682.0997861285136
06,2021-01-04,25 day ahead inc hosp,2021-01-29,quantile,0.75,3886.9043260962985
06,2021-01-04,25 day ahead inc hosp,2021-01-29,quantile,0.8,4151.448622456598
06,2021-01-04,25 day ahead inc hosp,2021-01-29,quantile,0.85,4482.4642028569615
06,2021-01-04,25 day ahead inc hosp,2021-01-29,quantile,0.9,4854.646492234201
06,2021-01-04,25 day ahead inc hosp,2021-01-29,quantile,0.95,5493.806033193165
06,2021-01-04,25 day ahead inc hosp,2021-01-29,quantile,0.975,6028.530424787149
06,2021-01-04,25 day ahead inc hosp,2021-01-29,quantile,0.99,6534.644161090979
06,2021-01-04,26 day ahead inc hosp,2021-01-30,quantile,0.01,767.9087922045699
06,2021-01-04,26 day ahead inc hosp,2021-01-30,quantile,0.025,924.9475991085642
06,2021-01-04,26 day ahead inc hosp,2021-01-30,quantile,0.05,1062.8629150895292
06,2021-01-04,26 day ahead inc hosp,2021-01-30,quantile,0.1,1225.401525573374
06,2021-01-04,26 day ahead inc hosp,2021-01-30,quantile,0.15,1414.3704377389745
06,2021-01-04,26 day ahead inc hosp,2021-01-30,quantile,0.2,1573.0509652151586
06,2021-01-04,26 day ahead inc hosp,2021-01-30,quantile,0.25,1694.6105877007844
06,2021-01-04,26 day ahead inc hosp,2021-01-30,quantile,0.3,1810.761959022435
06,2021-01-04,26 day ahead inc hosp,2021-01-30,quantile,0.35,1931.504703865207
06,2021-01-04,26 day ahead inc hosp,2021-01-30,quantile,0.4,2031.5827482573864
06,2021-01-04,26 day ahead inc hosp,2021-01-30,quantile,0.45,2132.415283884673
06,2021-01-04,26 day ahead inc hosp,2021-01-30,quantile,0.5,2241.9402499746834
06,2021-01-04,26 day ahead inc hosp,2021-01-30,quantile,0.55,2338.141565485507
06,2021-01-04,26 day ahead inc hosp,2021-01-30,quantile,0.6,2452.844161592062
06,2021-01-04,26 day ahead inc hosp,2021-01-30,quantile,0.65,2558.190726597193
06,2021-01-04,26 day ahead inc hosp,2021-01-30,quantile,0.7,2730.930744457588
06,2021-01-04,26 day ahead inc hosp,2021-01-30,quantile,0.75,2903.2311753630624
06,2021-01-04,26 day ahead inc hosp,2021-01-30,quantile,0.8,3037.087002196292
06,2021-01-04,26 day ahead inc hosp,2021-01-30,quantile,0.85,3226.0284053339105
06,2021-01-04,26 day ahead inc hosp,2021-01-30,quantile,0.9,3538.3104322745367
06,2021-01-04,26 day ahead inc hosp,2021-01-30,quantile,0.95,3988.0560972682683
06,2021-01-04,26 day ahead inc hosp,2021-01-30,quantile,0.975,4473.626890058955
06,2021-01-04,26 day ahead inc hosp,2021-01-30,quantile,0.99,5109.657462779435
06,2021-01-04,27 day ahead inc hosp,2021-01-31,quantile,0.01,445.8393834413098
06,2021-01-04,27 day ahead inc hosp,2021-01-31,quantile,0.025,645.2040303564137
06,2021-01-04,27 day ahead inc hosp,2021-01-31,quantile,0.05,777.3243258023693
06,2021-01-04,27 day ahead inc hosp,2021-01-31,quantile,0.1,959.0654497331009
06,2021-01-04,27 day ahead inc hosp,2021-01-31,quantile,0.15,1106.6217730536723
06,2021-01-04,27 day ahead inc hosp,2021-01-31,quantile,0.2,1222.9046986022738
06,2021-01-04,27 day ahead inc hosp,2021-01-31,quantile,0.25,1315.5951354051604
06,2021-01-04,27 day ahead inc hosp,2021-01-31,quantile,0.3,1403.5265629687808
06,2021-01-04,27 day ahead inc hosp,2021-01-31,quantile,0.35,1493.6132982828522
06,2021-01-04,27 day ahead inc hosp,2021-01-31,quantile,0.4,1583.778135608176
06,2021-01-04,27 day ahead inc hosp,2021-01-31,quantile,0.45,1704.9149678946108
06,2021-01-04,27 day ahead inc hosp,2021-01-31,quantile,0.5,1797.1228471551578
06,2021-01-04,27 day ahead inc hosp,2021-01-31,quantile,0.55,1925.4554753822167
06,2021-01-04,27 day ahead inc hosp,2021-01-31,quantile,0.6,2023.1991038855297
06,2021-01-04,27 day ahead inc hosp,2021-01-31,quantile,0.65,2152.1784559788293
06,2021-01-04,27 day ahead inc hosp,2021-01-31,quantile,0.7,2267.973926327828
06,2021-01-04,27 day ahead inc hosp,2021-01-31,quantile,0.75,2425.587659225216
06,2021-01-04,27 day ahead inc hosp,2021-01-31,quantile,0.8,2621.4159383652577
06,2021-01-04,27 day ahead inc hosp,2021-01-31,quantile,0.85,2826.481251240555
06,2021-01-04,27 day ahead inc hosp,2021-01-31,quantile,0.9,3091.263347396313
06,2021-01-04,27 day ahead inc hosp,2021-01-31,quantile,0.95,3594.871516559746
06,2021-01-04,27 day ahead inc hosp,2021-01-31,quantile,0.975,4056.868369686549
06,2021-01-04,27 day ahead inc hosp,2021-01-31,quantile,0.99,4785.249649654309
06,2021-01-04,28 day ahead inc hosp,2021-02-01,quantile,0.01,1325.084785580429
06,2021-01-04,28 day ahead inc hosp,2021-02-01,quantile,0.025,1529.9655806996436
06,2021-01-04,28 day ahead inc hosp,2021-02-01,quantile,0.05,1753.1697284799236
06,2021-01-04,28 day ahead inc hosp,2021-02-01,quantile,0.1,2007.4570914808562
06,2021-01-04,28 day ahead inc hosp,2021-02-01,quantile,0.15,2221.6727945636458
06,2021-01-04,28 day ahead inc hosp,2021-02-01,quantile,0.2,2411.783816552904
06,2021-01-04,28 day ahead inc hosp,2021-02-01,quantile,0.25,2567.7123011186864
06,2021-01-04,28 day ahead inc hosp,2021-02-01,quantile,0.3,2711.0009417381325
06,2021-01-04,28 day ahead inc hosp,2021-02-01,quantile,0.35,2857.428628856878
06,2021-01-04,28 day ahead inc hosp,2021-02-01,quantile,0.4,3012.3722378391685
06,2021-01-04,28 day ahead inc hosp,2021-02-01,quantile,0.45,3149.189300128726
06,2021-01-04,28 day ahead inc hosp,2021-02-01,quantile,0.5,3284.6925008677445
06,2021-01-04,28 day ahead inc hosp,2021-02-01,quantile,0.55,3454.9558070984167
06,2021-01-04,28 day ahead inc hosp,2021-02-01,quantile,0.6,3644.169488677652
06,2021-01-04,28 day ahead inc hosp,2021-02-01,quantile,0.65,3833.0964160354197
06,2021-01-04,28 day ahead inc hosp,2021-02-01,quantile,0.7,4002.453001321343
06,2021-01-04,28 day ahead inc hosp,2021-02-01,quantile,0.75,4274.304238598876
06,2021-01-04,28 day ahead inc hosp,2021-02-01,quantile,0.8,4491.4575617793
06,2021-01-04,28 day ahead inc hosp,2021-02-01,quantile,0.85,4801.880938466757
06,2021-01-04,28 day ahead inc hosp,2021-02-01,quantile,0.9,5304.7029852783535
06,2021-01-04,28 day ahead inc hosp,2021-02-01,quantile,0.95,5879.718361955933
06,2021-01-04,28 day ahead inc hosp,2021-02-01,quantile,0.975,6517.33940685512
06,2021-01-04,28 day ahead inc hosp,2021-02-01,quantile,0.99,7206.844179561938
06,2021-01-04,1 day ahead inc case,2021-01-05,quantile,0.01,12031.931678592258
06,2021-01-04,1 day ahead inc case,2021-01-05,quantile,0.025,13435.251043155116
06,2021-01-04,1 day ahead inc case,2021-01-05,quantile,0.05,15321.800322019162
06,2021-01-04,1 day ahead inc case,2021-01-05,quantile,0.1,16963.415402529627
06,2021-01-04,1 day ahead inc case,2021-01-05,quantile,0.15,18850.922050084908
06,2021-01-04,1 day ahead inc case,2021-01-05,quantile,0.2,20365.280038399105
06,2021-01-04,1 day ahead inc case,2021-01-05,quantile,0.25,21895.264850897343
06,2021-01-04,1 day ahead inc case,2021-01-05,quantile,0.3,23084.085956559742
06,2021-01-04,1 day ahead inc case,2021-01-05,quantile,0.35,24137.803798888206
06,2021-01-04,1 day ahead inc case,2021-01-05,quantile,0.4,25540.64426516024
06,2021-01-04,1 day ahead inc case,2021-01-05,quantile,0.45,26920.23445002311
06,2021-01-04,1 day ahead inc case,2021-01-05,quantile,0.5,28030.21475914393
06,2021-01-04,1 day ahead inc case,2021-01-05,quantile,0.55,29060.2353680397
06,2021-01-04,1 day ahead inc case,2021-01-05,quantile,0.6,30304.597853952353
06,2021-01-04,1 day ahead inc case,2021-01-05,quantile,0.65,31631.160133706075
06,2021-01-04,1 day ahead inc case,2021-01-05,quantile,0.7,32986.20810436263
06,2021-01-04,1 day ahead inc case,2021-01-05,quantile,0.75,34539.907842494686
06,2021-01-04,1 day ahead inc case,2021-01-05,quantile,0.8,36768.98964736926
06,2021-01-04,1 day ahead inc case,2021-01-05,quantile,0.85,39109.253560699304
06,2021-01-04,1 day ahead inc case,2021-01-05,quantile,0.9,42479.25222064437
06,2021-01-04,1 day ahead inc case,2021-01-05,quantile,0.95,46746.18575160982
06,2021-01-04,1 day ahead inc case,2021-01-05,quantile,0.975,51272.1360014445
06,2021-01-04,1 day ahead inc case,2021-01-05,quantile,0.99,58329.726311377824
06,2021-01-04,2 day ahead inc case,2021-01-06,quantile,0.01,2748.2426732598483
06,2021-01-04,2 day ahead inc case,2021-01-06,quantile,0.025,3663.421350141008
06,2021-01-04,2 day ahead inc case,2021-01-06,quantile,0.05,4319.140378970595
06,2021-01-04,2 day ahead inc case,2021-01-06,quantile,0.1,5249.683516472005
06,2021-01-04,2 day ahead inc case,2021-01-06,quantile,0.15,5926.403685792696
06,2021-01-04,2 day ahead inc case,2021-01-06,quantile,0.2,6484.175522828648
06,2021-01-04,2 day ahead inc case,2021-01-06,quantile,0.25,6981.795434270205
06,2021-01-04,2 day ahead inc case,2021-01-06,quantile,0.3,7653.750343314628
06,2021-01-04,2 day ahead inc case,2021-01-06,quantile,0.35,8169.8962297844755
06,2021-01-04,2 day ahead inc case,2021-01-06,quantile,0.4,8755.174489419898
06,2021-01-04,2 day ahead inc case,2021-01-06,quantile,0.45,9359.714943765126
06,2021-01-04,2 day ahead inc case,2021-01-06,quantile,0.5,9990.640419697427
06,2021-01-04,2 day ahead inc case,2021-01-06,quantile,0.55,10661.913970743115
06,2021-01-04,2 day ahead inc case,2021-01-06,quantile,0.6,11182.28158679735
06,2021-01-04,2 day ahead inc case,2021-01-06,quantile,0.65,11881.22104701023
06,2021-01-04,2 day ahead inc case,2021-01-06,quantile,0.7,12562.822149103453
06,2021-01-04,2 day ahead inc case,2021-01-06,quantile,0.75,13371.430790351122
06,2021-01-04,2 day ahead inc case,2021-01-06,quantile,0.8,14499.263081782037
06,2021-01-04,2 day ahead inc case,2021-01-06,quantile,0.85,15783.665421580241
06,2021-01-04,2 day ahead inc case,2021-01-06,quantile,0.9,17312.075722113106
06,2021-01-04,2 day ahead inc case,2021-01-06,quantile,0.95,19409.313773281734
06,2021-01-04,2 day ahead inc case,2021-01-06,quantile,0.975,21586.17131342413
06,2021-01-04,2 day ahead inc case,2021-01-06,quantile,0.99,24979.839576506398
06,2021-01-04,3 day ahead inc case,2021-01-07,quantile,0.01,30024.60970844861
06,2021-01-04,3 day ahead inc case,2021-01-07,quantile,0.025,34006.884578353
06,2021-01-04,3 day ahead inc case,2021-01-07,quantile,0.05,38365.26742173292
06,2021-01-04,3 day ahead inc case,2021-01-07,quantile,0.1,43531.08408156073
06,2021-01-04,3 day ahead inc case,2021-01-07,quantile,0.15,47471.33793702367
06,2021-01-04,3 day ahead inc case,2021-01-07,quantile,0.2,50360.29924399323
06,2021-01-04,3 day ahead inc case,2021-01-07,quantile,0.25,53269.9085986643
06,2021-01-04,3 day ahead inc case,2021-01-07,quantile,0.3,55834.49856258254
06,2021-01-04,3 day ahead inc case,2021-01-07,quantile,0.35,58029.99396255971
06,2021-01-04,3 day ahead inc case,2021-01-07,quantile,0.4,59848.07012550973
06,2021-01-04,3 day ahead inc case,2021-01-07,quantile,0.45,61948.25070495029
06,2021-01-04,3 day ahead inc case,2021-01-07,quantile,0.5,63699.15401415699
06,2021-01-04,3 day ahead inc case,2021-01-07,quantile,0.55,66058.33730976399
06,2021-01-04,3 day ahead inc case,2021-01-07,quantile,0.6,68653.52388491416
06,2021-01-04,3 day ahead inc case,2021-01-07,quantile,0.65,71109.3778477267
06,2021-01-04,3 day ahead inc case,2021-01-07,quantile,0.7,74648.21611981602
06,2021-01-04,3 day ahead inc case,2021-01-07,quantile,0.75,77616.26559514765
06,2021-01-04,3 day ahead inc case,2021-01-07,quantile,0.8,81164.88290479845
06,2021-01-04,3 day ahead inc case,2021-01-07,quantile,0.85,84662.52110646009
06,2021-01-04,3 day ahead inc case,2021-01-07,quantile,0.9,89133.57261211479
06,2021-01-04,3 day ahead inc case,2021-01-07,quantile,0.95,99482.00457355406
06,2021-01-04,3 day ahead inc case,2021-01-07,quantile,0.975,106823.08789829037
06,2021-01-04,3 day ahead inc case,2021-01-07,quantile,0.99,116045.94698577771
06,2021-01-04,4 day ahead inc case,2021-01-08,quantile,0.01,23962.25303277652
06,2021-01-04,4 day ahead inc case,2021-01-08,quantile,0.025,27455.906778731634
06,2021-01-04,4 day ahead inc case,2021-01-08,quantile,0.05,31126.13688246982
06,2021-01-04,4 day ahead inc case,2021-01-08,quantile,0.1,35861.72854037414
06,2021-01-04,4 day ahead inc case,2021-01-08,quantile,0.15,38554.481862702145
06,2021-01-04,4 day ahead inc case,2021-01-08,quantile,0.2,41854.871311199444
06,2021-01-04,4 day ahead inc case,2021-01-08,quantile,0.25,44283.17871013156
06,2021-01-04,4 day ahead inc case,2021-01-08,quantile,0.3,46165.85766395845
06,2021-01-04,4 day ahead inc case,2021-01-08,quantile,0.35,48152.78030288918
06,2021-01-04,4 day ahead inc case,2021-01-08,quantile,0.4,50154.56571802681
06,2021-01-04,4 day ahead inc case,2021-01-08,quantile,0.45,52219.70169456267
06,2021-01-04,4 day ahead inc case,2021-01-08,quantile,0.5,53894.10879978679
06,2021-01-04,4 day ahead inc case,2021-01-08,quantile,0.55,55727.81458420628
06,2021-01-04,4 day ahead inc case,2021-01-08,quantile,0.6,57727.072796759894
06,2021-01-04,4 day ahead inc case,2021-01-08,quantile,0.65,60280.084369838434
06,2021-01-04,4 day ahead inc case,2021-01-08,quantile,0.7,62225.64817171594
06,2021-01-04,4 day ahead inc case,2021-01-08,quantile,0.75,64759.04299630149
06,2021-01-04,4 day ahead inc case,2021-01-08,quantile,0.8,68214.05813047764
06,2021-01-04,4 day ahead inc case,2021-01-08,quantile,0.85,72040.63700785745
06,2021-01-04,4 day ahead inc case,2021-01-08,quantile,0.9,76804.60579647298
06,2021-01-04,4 day ahead inc case,2021-01-08,quantile,0.95,83708.14432765117
06,2021-01-04,4 day ahead inc case,2021-01-08,quantile,0.975,91072.64230399046
06,2021-01-04,4 day ahead inc case,2021-01-08,quantile,0.99,98481.11883240857
06,2021-01-04,5 day ahead inc case,2021-01-09,quantile,0.01,23780.540677500307
06,2021-01-04,5 day ahead inc case,2021-01-09,quantile,0.025,25171.425628896435
06,2021-01-04,5 day ahead inc case,2021-01-09,quantile,0.05,27789.433992108792
06,2021-01-04,5 day ahead inc case,2021-01-09,quantile,0.1,31317.263678914962
06,2021-01-04,5 day ahead inc case,2021-01-09,quantile,0.15,33318.77361035774
06,2021-01-04,5 day ahead inc case,2021-01-09,quantile,0.2,35125.14810067077
06,2021-01-04,5 day ahead inc case,2021-01-09,quantile,0.25,37074.36740760485
06,2021-01-04,5 day ahead inc case,2021-01-09,quantile,0.3,38658.672254750956
06,2021-01-04,5 day ahead inc case,2021-01-09,quantile,0.35,40155.11962000755
06,2021-01-04,5 day ahead inc case,2021-01-09,quantile,0.4,42025.33442754182
06,2021-01-04,5 day ahead inc case,2021-01-09,quantile,0.45,43669.055309706455
06,2021-01-04,5 day ahead inc case,2021-01-09,quantile,0.5,45348.18941557747
06,2021-01-04,5 day ahead inc case,2021-01-09,quantile,0.55,47038.42049503862
06,2021-01-04,5 day ahead inc case,2021-01-09,quantile,0.6,48821.18564525421
06,2021-01-04,5 day ahead inc case,2021-01-09,quantile,0.65,51104.340255108524
06,2021-01-04,5 day ahead inc case,2021-01-09,quantile,0.7,53808.346051859786
06,2021-01-04,5 day ahead inc case,2021-01-09,quantile,0.75,56602.91114021948
06,2021-01-04,5 day ahead inc case,2021-01-09,quantile,0.8,58890.76149353097
06,2021-01-04,5 day ahead inc case,2021-01-09,quantile,0.85,62587.28826237393
06,2021-01-04,5 day ahead inc case,2021-01-09,quantile,0.9,66667.30658049784
06,2021-01-04,5 day ahead inc case,2021-01-09,quantile,0.95,73305.68344397582
06,2021-01-04,5 day ahead inc case,2021-01-09,quantile,0.975,81981.72009386621
06,2021-01-04,5 day ahead inc case,2021-01-09,quantile,0.99,95507.22821372443
06,2021-01-04,6 day ahead inc case,2021-01-10,quantile,0.01,6275.315192968966
06,2021-01-04,6 day ahead inc case,2021-01-10,quantile,0.025,7181.234608624448
06,2021-01-04,6 day ahead inc case,2021-01-10,quantile,0.05,8118.709987055677
06,2021-01-04,6 day ahead inc case,2021-01-10,quantile,0.1,9602.412620833855
06,2021-01-04,6 day ahead inc case,2021-01-10,quantile,0.15,10714.893278105521
06,2021-01-04,6 day ahead inc case,2021-01-10,quantile,0.2,11530.394734433412
06,2021-01-04,6 day ahead inc case,2021-01-10,quantile,0.25,12279.533262408328
06,2021-01-04,6 day ahead inc case,2021-01-10,quantile,0.3,13003.459260258476
06,2021-01-04,6 day ahead inc case,2021-01-10,quantile,0.35,13582.284156306749
06,2021-01-04,6 day ahead inc case,2021-01-10,quantile,0.4,14507.50891760506
06,2021-01-04,6 day ahead inc case,2021-01-10,quantile,0.45,15415.447014216687
06,2021-01-04,6 day ahead inc case,2021-01-10,quantile,0.5,16084.341856216042
06,2021-01-04,6 day ahead inc case,2021-01-10,quantile,0.55,16770.530350928897
06,2021-01-04,6 day ahead inc case,2021-01-10,quantile,0.6,17530.7321099678
06,2021-01-04,6 day ahead inc case,2021-01-10,quantile,0.65,18427.271570018373
06,2021-01-04,6 day ahead inc case,2021-01-10,quantile,0.7,19260.020189718824
06,2021-01-04,6 day ahead inc case,2021-01-10,quantile,0.75,20480.657465262222
06,2021-01-04,6 day ahead inc case,2021-01-10,quantile,0.8,21889.50781638143
06,2021-01-04,6 day ahead inc case,2021-01-10,quantile,0.85,23195.179725542337
06,2021-01-04,6 day ahead inc case,2021-01-10,quantile,0.9,25398.281739160506
06,2021-01-04,6 day ahead inc case,2021-01-10,quantile,0.95,29441.384516288763
06,2021-01-04,6 day ahead inc case,2021-01-10,quantile,0.975,32787.36809498216
06,2021-01-04,6 day ahead inc case,2021-01-10,quantile,0.99,39208.281819098986
06,2021-01-04,7 day ahead inc case,2021-01-11,quantile,0.01,19538.867995366683
06,2021-01-04,7 day ahead inc case,2021-01-11,quantile,0.025,23738.353292116735
06,2021-01-04,7 day ahead inc case,2021-01-11,quantile,0.05,26279.90199380669
06,2021-01-04,7 day ahead inc case,2021-01-11,quantile,0.1,29587.410347006356
06,2021-01-04,7 day ahead inc case,2021-01-11,quantile,0.15,31584.545466573425
06,2021-01-04,7 day ahead inc case,2021-01-11,quantile,0.2,33645.033958284665
06,2021-01-04,7 day ahead inc case,2021-01-11,quantile,0.25,35891.666965066455
06,2021-01-04,7 day ahead inc case,2021-01-11,quantile,0.3,37507.64317311561
06,2021-01-04,7 day ahead inc case,2021-01-11,quantile,0.35,39310.45718863982
06,2021-01-04,7 day ahead inc case,2021-01-11,quantile,0.4,40880.233025375266
06,2021-01-04,7 day ahead inc case,2021-01-11,quantile,0.45,42285.73530011006
06,2021-01-04,7 day ahead inc case,2021-01-11,quantile,0.5,44230.219254545824
06,2021-01-04,7 day ahead inc case,2021-01-11,quantile,0.55,46134.47260170426
06,2021-01-04,7 day ahead inc case,2021-01-11,quantile,0.6,47485.13518207899
06,2021-01-04,7 day ahead inc case,2021-01-11,quantile,0.65,49641.99327786993
06,2021-01-04,7 day ahead inc case,2021-01-11,quantile,0.7,51198.127690639754
06,2021-01-04,7 day ahead inc case,2021-01-11,quantile,0.75,53318.428836523846
06,2021-01-04,7 day ahead inc case,2021-01-11,quantile,0.8,55469.161907845526
06,2021-01-04,7 day ahead inc case,2021-01-11,quantile,0.85,59596.80222698783
06,2021-01-04,7 day ahead inc case,2021-01-11,quantile,0.9,63842.19065098728
06,2021-01-04,7 day ahead inc case,2021-01-11,quantile,0.95,70907.77936159869
06,2021-01-04,7 day ahead inc case,2021-01-11,quantile,0.975,75890.67238305706
06,2021-01-04,7 day ahead inc case,2021-01-11,quantile,0.99,86913.77554436636
06,2021-01-04,8 day ahead inc case,2021-01-12,quantile,0.01,6185.411714012982
06,2021-01-04,8 day ahead inc case,2021-01-12,quantile,0.025,7665.337046623875
06,2021-01-04,8 day ahead inc case,2021-01-12,quantile,0.05,9279.917324641954
06,2021-01-04,8 day ahead inc case,2021-01-12,quantile,0.1,11980.80713010258
06,2021-01-04,8 day ahead inc case,2021-01-12,quantile,0.15,14667.779554879247
06,2021-01-04,8 day ahead inc case,2021-01-12,quantile,0.2,16368.96371003674
06,2021-01-04,8 day ahead inc case,2021-01-12,quantile,0.25,17754.22374424272
06,2021-01-04,8 day ahead inc case,2021-01-12,quantile,0.3,19353.155268588103
06,2021-01-04,8 day ahead inc case,2021-01-12,quantile,0.35,20920.90346013229
06,2021-01-04,8 day ahead inc case,2021-01-12,quantile,0.4,22552.227481292473
06,2021-01-04,8 day ahead inc case,2021-01-12,quantile,0.45,24083.240369208044
06,2021-01-04,8 day ahead inc case,2021-01-12,quantile,0.5,25787.599354645303
06,2021-01-04,8 day ahead inc case,2021-01-12,quantile,0.55,27303.5955223467
06,2021-01-04,8 day ahead inc case,2021-01-12,quantile,0.6,29324.442003840377
06,2021-01-04,8 day ahead inc case,2021-01-12,quantile,0.65,30943.47053249857
06,2021-01-04,8 day ahead inc case,2021-01-12,quantile,0.7,33550.602527905445
06,2021-01-04,8 day ahead inc case,2021-01-12,quantile,0.75,36647.38063284849
06,2021-01-04,8 day ahead inc case,2021-01-12,quantile,0.8,39716.92281175876
06,2021-01-04,8 day ahead inc case,2021-01-12,quantile,0.85,43693.62925857233
06,2021-01-04,8 day ahead inc case,2021-01-12,quantile,0.9,49386.883438334255
06,2021-01-04,8 day ahead inc case,2021-01-12,quantile,0.95,58341.62963996504
06,2021-01-04,8 day ahead inc case,2021-01-12,quantile,0.975,68349.3691248867
06,2021-01-04,8 day ahead inc case,2021-01-12,quantile,0.99,74086.5076609088
06,2021-01-04,9 day ahead inc case,2021-01-13,quantile,0.01,807.7897357876816
06,2021-01-04,9 day ahead inc case,2021-01-13,quantile,0.025,1142.0549798912837
06,2021-01-04,9 day ahead inc case,2021-01-13,quantile,0.05,1594.5635354282433
06,2021-01-04,9 day ahead inc case,2021-01-13,quantile,0.1,2311.260867256644
06,2021-01-04,9 day ahead inc case,2021-01-13,quantile,0.15,2986.8949557280544
06,2021-01-04,9 day ahead inc case,2021-01-13,quantile,0.2,3487.2839056176326
06,2021-01-04,9 day ahead inc case,2021-01-13,quantile,0.25,4067.930916407382
06,2021-01-04,9 day ahead inc case,2021-01-13,quantile,0.3,4589.071635963174
06,2021-01-04,9 day ahead inc case,2021-01-13,quantile,0.35,5212.2689219154145
06,2021-01-04,9 day ahead inc case,2021-01-13,quantile,0.4,5812.058471688537
06,2021-01-04,9 day ahead inc case,2021-01-13,quantile,0.45,6578.217087032291
06,2021-01-04,9 day ahead inc case,2021-01-13,quantile,0.5,7257.722807775722
06,2021-01-04,9 day ahead inc case,2021-01-13,quantile,0.55,7978.716063885001
06,2021-01-04,9 day ahead inc case,2021-01-13,quantile,0.6,8831.453374727836
06,2021-01-04,9 day ahead inc case,2021-01-13,quantile,0.65,9687.108602183465
06,2021-01-04,9 day ahead inc case,2021-01-13,quantile,0.7,10678.752706423851
06,2021-01-04,9 day ahead inc case,2021-01-13,quantile,0.75,11756.752022976778
06,2021-01-04,9 day ahead inc case,2021-01-13,quantile,0.8,13160.244858851016
06,2021-01-04,9 day ahead inc case,2021-01-13,quantile,0.85,14678.060087863396
06,2021-01-04,9 day ahead inc case,2021-01-13,quantile,0.9,17554.59728796496
06,2021-01-04,9 day ahead inc case,2021-01-13,quantile,0.95,21943.3084533239
06,2021-01-04,9 day ahead inc case,2021-01-13,quantile,0.975,25947.38180097869
06,2021-01-04,9 day ahead inc case,2021-01-13,quantile,0.99,29985.519255522613
06,2021-01-04,10 day ahead inc case,2021-01-14,quantile,0.01,21384.035149725692
06,2021-01-04,10 day ahead inc case,2021-01-14,quantile,0.025,26348.555537040153
06,2021-01-04,10 day ahead inc case,2021-01-14,quantile,0.05,31585.99212721571
06,2021-01-04,10 day ahead inc case,2021-01-14,quantile,0.1,38628.2057829868
06,2021-01-04,10 day ahead inc case,2021-01-14,quantile,0.15,43923.750005695416
06,2021-01-04,10 day ahead inc case,2021-01-14,quantile,0.2,49033.04029847599
06,2021-01-04,10 day ahead inc case,2021-01-14,quantile,0.25,52066.99318057137
06,2021-01-04,10 day ahead inc case,2021-01-14,quantile,0.3,55103.039050606705
06,2021-01-04,10 day ahead inc case,2021-01-14,quantile,0.35,58845.65762788792
06,2021-01-04,10 day ahead inc case,2021-01-14,quantile,0.4,62398.00196615781
06,2021-01-04,10 day ahead inc case,2021-01-14,quantile,0.45,65596.79276412644
06,2021-01-04,10 day ahead inc case,2021-01-14,quantile,0.5,69091.26446205402
06,2021-01-04,10 day ahead inc case,2021-01-14,quantile,0.55,72600.40686262032
06,2021-01-04,10 day ahead inc case,2021-01-14,quantile,0.6,76170.69950530524
06,2021-01-04,10 day ahead inc case,2021-01-14,quantile,0.65,80062.65458672219
06,2021-01-04,10 day ahead inc case,2021-01-14,quantile,0.7,83742.03841615595
06,2021-01-04,10 day ahead inc case,2021-01-14,quantile,0.75,89064.99012279506
06,2021-01-04,10 day ahead inc case,2021-01-14,quantile,0.8,96586.54809502502
06,2021-01-04,10 day ahead inc case,2021-01-14,quantile,0.85,103445.62771859582
06,2021-01-04,10 day ahead inc case,2021-01-14,quantile,0.9,112267.6988173025
06,2021-01-04,10 day ahead inc case,2021-01-14,quantile,0.95,128532.14212148669
06,2021-01-04,10 day ahead inc case,2021-01-14,quantile,0.975,143852.67120683743
06,2021-01-04,10 day ahead inc case,2021-01-14,quantile,0.99,157962.76026058174
06,2021-01-04,11 day ahead inc case,2021-01-15,quantile,0.01,20388.25724566445
06,2021-01-04,11 day ahead inc case,2021-01-15,quantile,0.025,24437.249624015694
06,2021-01-04,11 day ahead inc case,2021-01-15,quantile,0.05,27883.08552244423
06,2021-01-04,11 day ahead inc case,2021-01-15,quantile,0.1,32996.06692542653
06,2021-01-04,11 day ahead inc case,2021-01-15,quantile,0.15,36971.19192972396
06,2021-01-04,11 day ahead inc case,2021-01-15,quantile,0.2,40974.752446711136
06,2021-01-04,11 day ahead inc case,2021-01-15,quantile,0.25,44184.981794476116
06,2021-01-04,11 day ahead inc case,2021-01-15,quantile,0.3,47722.295385892154
06,2021-01-04,11 day ahead inc case,2021-01-15,quantile,0.35,51378.11883471178
06,2021-01-04,11 day ahead inc case,2021-01-15,quantile,0.4,53711.811075488
06,2021-01-04,11 day ahead inc case,2021-01-15,quantile,0.45,56555.98329176077
06,2021-01-04,11 day ahead inc case,2021-01-15,quantile,0.5,59222.39808405729
06,2021-01-04,11 day ahead inc case,2021-01-15,quantile,0.55,63024.223443385425
06,2021-01-04,11 day ahead inc case,2021-01-15,quantile,0.6,65917.37586221738
06,2021-01-04,11 day ahead inc case,2021-01-15,quantile,0.65,70347.51971670188
06,2021-01-04,11 day ahead inc case,2021-01-15,quantile,0.7,73680.68282663949
06,2021-01-04,11 day ahead inc case,2021-01-15,quantile,0.75,78218.82834403488
06,2021-01-04,11 day ahead inc case,2021-01-15,quantile,0.8,83502.14792826168
06,2021-01-04,11 day ahead inc case,2021-01-15,quantile,0.85,90432.98925294286
06,2021-01-04,11 day ahead inc case,2021-01-15,quantile,0.9,99054.87908513784
06,2021-01-04,11 day ahead inc case,2021-01-15,quantile,0.95,114753.13473798131
06,2021-01-04,11 day ahead inc case,2021-01-15,quantile,0.975,124772.93204385584
06,2021-01-04,11 day ahead inc case,2021-01-15,quantile,0.99,137854.36819458933
06,2021-01-04,12 day ahead inc case,2021-01-16,quantile,0.01,14045.835535747385
06,2021-01-04,12 day ahead inc case,2021-01-16,quantile,0.025,16761.380053776054
06,2021-01-04,12 day ahead inc case,2021-01-16,quantile,0.05,20238.940329572604
06,2021-01-04,12 day ahead inc case,2021-01-16,quantile,0.1,23706.411555280476
06,2021-01-04,12 day ahead inc case,2021-01-16,quantile,0.15,26747.344005786552
06,2021-01-04,12 day ahead inc case,2021-01-16,quantile,0.2,30021.6282049169
06,2021-01-04,12 day ahead inc case,2021-01-16,quantile,0.25,32264.10611446049
06,2021-01-04,12 day ahead inc case,2021-01-16,quantile,0.3,34574.6261066778
06,2021-01-04,12 day ahead inc case,2021-01-16,quantile,0.35,37588.47642300804
06,2021-01-04,12 day ahead inc case,2021-01-16,quantile,0.4,39774.98235358258
06,2021-01-04,12 day ahead inc case,2021-01-16,quantile,0.45,42210.99208759634
06,2021-01-04,12 day ahead inc case,2021-01-16,quantile,0.5,45136.328726978514
06,2021-01-04,12 day ahead inc case,2021-01-16,quantile,0.55,47592.60522833483
06,2021-01-04,12 day ahead inc case,2021-01-16,quantile,0.6,50303.34917612134
06,2021-01-04,12 day ahead inc case,2021-01-16,quantile,0.65,52565.33096230386
06,2021-01-04,12 day ahead inc case,2021-01-16,quantile,0.7,56147.4681571983
06,2021-01-04,12 day ahead inc case,2021-01-16,quantile,0.75,59883.76675839821
06,2021-01-04,12 day ahead inc case,2021-01-16,quantile,0.8,64102.63981095535
06,2021-01-04,12 day ahead inc case,2021-01-16,quantile,0.85,69517.31591217713
06,2021-01-04,12 day ahead inc case,2021-01-16,quantile,0.9,77621.31545789883
06,2021-01-04,12 day ahead inc case,2021-01-16,quantile,0.95,87060.31226492808
06,2021-01-04,12 day ahead inc case,2021-01-16,quantile,0.975,98210.99695130659
06,2021-01-04,12 day ahead inc case,2021-01-16,quantile,0.99,114209.90769532337
06,2021-01-04,13 day ahead inc case,2021-01-17,quantile,0.01,2020.6308580504
06,2021-01-04,13 day ahead inc case,2021-01-17,quantile,0.025,3285.482329132574
06,2021-01-04,13 day ahead inc case,2021-01-17,quantile,0.05,4227.225193197997
06,2021-01-04,13 day ahead inc case,2021-01-17,quantile,0.1,5927.118594622618
06,2021-01-04,13 day ahead inc case,2021-01-17,quantile,0.15,6997.0101529547655
06,2021-01-04,13 day ahead inc case,2021-01-17,quantile,0.2,8041.306965257959
06,2021-01-04,13 day ahead inc case,2021-01-17,quantile,0.25,9058.18083692318
06,2021-01-04,13 day ahead inc case,2021-01-17,quantile,0.3,9838.889464167178
06,2021-01-04,13 day ahead inc case,2021-01-17,quantile,0.35,10798.967892734901
06,2021-01-04,13 day ahead inc case,2021-01-17,quantile,0.4,11854.216892629778
06,2021-01-04,13 day ahead inc case,2021-01-17,quantile,0.45,12787.25578378139
06,2021-01-04,13 day ahead inc case,2021-01-17,quantile,0.5,13857.407758142092
06,2021-01-04,13 day ahead inc case,2021-01-17,quantile,0.55,14932.5717696928
06,2021-01-04,13 day ahead inc case,2021-01-17,quantile,0.6,16189.026353133067
06,2021-01-04,13 day ahead inc case,2021-01-17,quantile,0.65,17395.453184628208
06,2021-01-04,13 day ahead inc case,2021-01-17,quantile,0.7,18925.878989379715
06,2021-01-04,13 day ahead inc case,2021-01-17,quantile,0.75,20416.588892839267
06,2021-01-04,13 day ahead inc case,2021-01-17,quantile,0.8,22608.106466510253
06,2021-01-04,13 day ahead inc case,2021-01-17,quantile,0.85,25429.19656165753
06,2021-01-04,13 day ahead inc case,2021-01-17,quantile,0.9,27800.000362763345
06,2021-01-04,13 day ahead inc case,2021-01-17,quantile,0.95,34489.024620785196
06,2021-01-04,13 day ahead inc case,2021-01-17,quantile,0.975,40334.26589969344
06,2021-01-04,13 day ahead inc case,2021-01-17,quantile,0.99,47569.66787107521
06,2021-01-04,14 day ahead inc case,2021-01-18,quantile,0.01,13211.795333024518
06,2021-01-04,14 day ahead inc case,2021-01-18,quantile,0.025,17444.713364814346
06,2021-01-04,14 day ahead inc case,2021-01-18,quantile,0.05,21085.114212408913
06,2021-01-04,14 day ahead inc case,2021-01-18,quantile,0.1,25198.692143386394
06,2021-01-04,14 day ahead inc case,2021-01-18,quantile,0.15,29089.848899559616
06,2021-01-04,14 day ahead inc case,2021-01-18,quantile,0.2,31835.270491174186
06,2021-01-04,14 day ahead inc case,2021-01-18,quantile,0.25,34012.164566779604
06,2021-01-04,14 day ahead inc case,2021-01-18,quantile,0.3,36639.4090547329
06,2021-01-04,14 day ahead inc case,2021-01-18,quantile,0.35,38954.748572044715
06,2021-01-04,14 day ahead inc case,2021-01-18,quantile,0.4,41528.06315573625
06,2021-01-04,14 day ahead inc case,2021-01-18,quantile,0.45,43804.15770893234
06,2021-01-04,14 day ahead inc case,2021-01-18,quantile,0.5,46840.59501786678
06,2021-01-04,14 day ahead inc case,2021-01-18,quantile,0.55,49839.700580720746
06,2021-01-04,14 day ahead inc case,2021-01-18,quantile,0.6,52765.67926834855
06,2021-01-04,14 day ahead inc case,2021-01-18,quantile,0.65,55609.93165624752
06,2021-01-04,14 day ahead inc case,2021-01-18,quantile,0.7,59197.76747211611
06,2021-01-04,14 day ahead inc case,2021-01-18,quantile,0.75,63599.57208891592
06,2021-01-04,14 day ahead inc case,2021-01-18,quantile,0.8,68153.94603248443
06,2021-01-04,14 day ahead inc case,2021-01-18,quantile,0.85,73361.85187909986
06,2021-01-04,14 day ahead inc case,2021-01-18,quantile,0.9,80250.6554179939
06,2021-01-04,14 day ahead inc case,2021-01-18,quantile,0.95,89141.6905349288
06,2021-01-04,14 day ahead inc case,2021-01-18,quantile,0.975,98716.5230396536
06,2021-01-04,14 day ahead inc case,2021-01-18,quantile,0.99,108901.46412955906
06,2021-01-04,15 day ahead inc case,2021-01-19,quantile,0.01,2903.4470063434633
06,2021-01-04,15 day ahead inc case,2021-01-19,quantile,0.025,4039.721149655589
06,2021-01-04,15 day ahead inc case,2021-01-19,quantile,0.05,5428.898415092791
06,2021-01-04,15 day ahead inc case,2021-01-19,quantile,0.1,7941.970921913832
06,2021-01-04,15 day ahead inc case,2021-01-19,quantile,0.15,10659.985565827248
06,2021-01-04,15 day ahead inc case,2021-01-19,quantile,0.2,12792.714261081039
06,2021-01-04,15 day ahead inc case,2021-01-19,quantile,0.25,14707.657717930384
06,2021-01-04,15 day ahead inc case,2021-01-19,quantile,0.3,16630.646475476206
06,2021-01-04,15 day ahead inc case,2021-01-19,quantile,0.35,18631.13490170739
06,2021-01-04,15 day ahead inc case,2021-01-19,quantile,0.4,20920.25430701881
06,2021-01-04,15 day ahead inc case,2021-01-19,quantile,0.45,22865.668039597396
06,2021-01-04,15 day ahead inc case,2021-01-19,quantile,0.5,25109.41062296302
06,2021-01-04,15 day ahead inc case,2021-01-19,quantile,0.55,28213.563930971122
06,2021-01-04,15 day ahead inc case,2021-01-19,quantile,0.6,31061.71137833682
06,2021-01-04,15 day ahead inc case,2021-01-19,quantile,0.65,33720.44754985439
06,2021-01-04,15 day ahead inc case,2021-01-19,quantile,0.7,35990.85849847016
06,2021-01-04,15 day ahead inc case,2021-01-19,quantile,0.75,38909.04533094307
06,2021-01-04,15 day ahead inc case,2021-01-19,quantile,0.8,42359.10043471904
06,2021-01-04,15 day ahead inc case,2021-01-19,quantile,0.85,47507.91258305872
06,2021-01-04,15 day ahead inc case,2021-01-19,quantile,0.9,56135.20651376297
06,2021-01-04,15 day ahead inc case,2021-01-19,quantile,0.95,69908.7419969953
06,2021-01-04,15 day ahead inc case,2021-01-19,quantile,0.975,85644.086422941
06,2021-01-04,15 day ahead inc case,2021-01-19,quantile,0.99,100822.51725188052
06,2021-01-04,16 day ahead inc case,2021-01-20,quantile,0.01,106.92490704028164
06,2021-01-04,16 day ahead inc case,2021-01-20,quantile,0.025,303.2138047498063
06,2021-01-04,16 day ahead inc case,2021-01-20,quantile,0.05,579.791548737766
06,2021-01-04,16 day ahead inc case,2021-01-20,quantile,0.1,1096.4959888703693
06,2021-01-04,16 day ahead inc case,2021-01-20,quantile,0.15,1582.2500916341596
06,2021-01-04,16 day ahead inc case,2021-01-20,quantile,0.2,2237.255088761821
06,2021-01-04,16 day ahead inc case,2021-01-20,quantile,0.25,2775.6987378508034
06,2021-01-04,16 day ahead inc case,2021-01-20,quantile,0.3,3388.411004989818
06,2021-01-04,16 day ahead inc case,2021-01-20,quantile,0.35,4020.4268731075845
06,2021-01-04,16 day ahead inc case,2021-01-20,quantile,0.4,4651.701233706291
06,2021-01-04,16 day ahead inc case,2021-01-20,quantile,0.45,5459.034200001154
06,2021-01-04,16 day ahead inc case,2021-01-20,quantile,0.5,6317.79847293078
06,2021-01-04,16 day ahead inc case,2021-01-20,quantile,0.55,7291.186265113451
06,2021-01-04,16 day ahead inc case,2021-01-20,quantile,0.6,8036.472643063754
06,2021-01-04,16 day ahead inc case,2021-01-20,quantile,0.65,9431.120318555611
06,2021-01-04,16 day ahead inc case,2021-01-20,quantile,0.7,10891.488006142668
06,2021-01-04,16 day ahead inc case,2021-01-20,quantile,0.75,12645.507141047949
06,2021-01-04,16 day ahead inc case,2021-01-20,quantile,0.8,14278.325187437818
06,2021-01-04,16 day ahead inc case,2021-01-20,quantile,0.85,16953.145859418346
06,2021-01-04,16 day ahead inc case,2021-01-20,quantile,0.9,21120.312472569574
06,2021-01-04,16 day ahead inc case,2021-01-20,quantile,0.95,28865.43662225828
06,2021-01-04,16 day ahead inc case,2021-01-20,quantile,0.975,35258.12455468217
06,2021-01-04,16 day ahead inc case,2021-01-20,quantile,0.99,42356.73709124884
06,2021-01-04,17 day ahead inc case,2021-01-21,quantile,0.01,12397.297323066114
06,2021-01-04,17 day ahead inc case,2021-01-21,quantile,0.025,17457.44230767042
06,2021-01-04,17 day ahead inc case,2021-01-21,quantile,0.05,24760.872115340015
06,2021-01-04,17 day ahead inc case,2021-01-21,quantile,0.1,30419.776521216605
06,2021-01-04,17 day ahead inc case,2021-01-21,quantile,0.15,36397.86664987429
06,2021-01-04,17 day ahead inc case,2021-01-21,quantile,0.2,41923.8959654796
06,2021-01-04,17 day ahead inc case,2021-01-21,quantile,0.25,45989.42436781898
06,2021-01-04,17 day ahead inc case,2021-01-21,quantile,0.3,51282.40587122284
06,2021-01-04,17 day ahead inc case,2021-01-21,quantile,0.35,54971.646659828904
06,2021-01-04,17 day ahead inc case,2021-01-21,quantile,0.4,59523.33910986242
06,2021-01-04,17 day ahead inc case,2021-01-21,quantile,0.45,64316.70176665657
06,2021-01-04,17 day ahead inc case,2021-01-21,quantile,0.5,69183.380520971
06,2021-01-04,17 day ahead inc case,2021-01-21,quantile,0.55,74538.79011223759
06,2021-01-04,17 day ahead inc case,2021-01-21,quantile,0.6,80538.00457345182
06,2021-01-04,17 day ahead inc case,2021-01-21,quantile,0.65,86016.99299643513
06,2021-01-04,17 day ahead inc case,2021-01-21,quantile,0.7,90886.97932033599
06,2021-01-04,17 day ahead inc case,2021-01-21,quantile,0.75,99600.60000182221
06,2021-01-04,17 day ahead inc case,2021-01-21,quantile,0.8,108974.83484215391
06,2021-01-04,17 day ahead inc case,2021-01-21,quantile,0.85,120022.40764678156
06,2021-01-04,17 day ahead inc case,2021-01-21,quantile,0.9,137644.51479526714
06,2021-01-04,17 day ahead inc case,2021-01-21,quantile,0.95,158947.10295371086
06,2021-01-04,17 day ahead inc case,2021-01-21,quantile,0.975,183114.64574029116
06,2021-01-04,17 day ahead inc case,2021-01-21,quantile,0.99,227677.99718340187
06,2021-01-04,18 day ahead inc case,2021-01-22,quantile,0.01,12783.592364282225
06,2021-01-04,18 day ahead inc case,2021-01-22,quantile,0.025,15579.80372930519
06,2021-01-04,18 day ahead inc case,2021-01-22,quantile,0.05,20925.030072107482
06,2021-01-04,18 day ahead inc case,2021-01-22,quantile,0.1,26905.62807432398
06,2021-01-04,18 day ahead inc case,2021-01-22,quantile,0.15,31360.691499517285
06,2021-01-04,18 day ahead inc case,2021-01-22,quantile,0.2,35728.28890719765
06,2021-01-04,18 day ahead inc case,2021-01-22,quantile,0.25,40298.59210751567
06,2021-01-04,18 day ahead inc case,2021-01-22,quantile,0.3,44780.71518233428
06,2021-01-04,18 day ahead inc case,2021-01-22,quantile,0.35,48405.37508485327
06,2021-01-04,18 day ahead inc case,2021-01-22,quantile,0.4,52283.81108269565
06,2021-01-04,18 day ahead inc case,2021-01-22,quantile,0.45,56993.07170282834
06,2021-01-04,18 day ahead inc case,2021-01-22,quantile,0.5,60978.11950446434
06,2021-01-04,18 day ahead inc case,2021-01-22,quantile,0.55,65077.99991823653
06,2021-01-04,18 day ahead inc case,2021-01-22,quantile,0.6,69104.67204315713
06,2021-01-04,18 day ahead inc case,2021-01-22,quantile,0.65,73056.57039003559
06,2021-01-04,18 day ahead inc case,2021-01-22,quantile,0.7,78735.329893604
06,2021-01-04,18 day ahead inc case,2021-01-22,quantile,0.75,85845.9933529423
06,2021-01-04,18 day ahead inc case,2021-01-22,quantile,0.8,93934.38834991069
06,2021-01-04,18 day ahead inc case,2021-01-22,quantile,0.85,101571.65775029657
06,2021-01-04,18 day ahead inc case,2021-01-22,quantile,0.9,114729.0687869359
06,2021-01-04,18 day ahead inc case,2021-01-22,quantile,0.95,137071.0556232336
06,2021-01-04,18 day ahead inc case,2021-01-22,quantile,0.975,155578.79114082086
06,2021-01-04,18 day ahead inc case,2021-01-22,quantile,0.99,183922.10766128855
06,2021-01-04,19 day ahead inc case,2021-01-23,quantile,0.01,9013.456915621471
06,2021-01-04,19 day ahead inc case,2021-01-23,quantile,0.025,11557.991756275493
06,2021-01-04,19 day ahead inc case,2021-01-23,quantile,0.05,13263.066824227904
06,2021-01-04,19 day ahead inc case,2021-01-23,quantile,0.1,18679.47411490479
06,2021-01-04,19 day ahead inc case,2021-01-23,quantile,0.15,22644.60878070259
06,2021-01-04,19 day ahead inc case,2021-01-23,quantile,0.2,25964.207561893552
06,2021-01-04,19 day ahead inc case,2021-01-23,quantile,0.25,28951.034323914886
06,2021-01-04,19 day ahead inc case,2021-01-23,quantile,0.3,31969.325821660837
06,2021-01-04,19 day ahead inc case,2021-01-23,quantile,0.35,34324.61949530371
06,2021-01-04,19 day ahead inc case,2021-01-23,quantile,0.4,37069.67494602806
06,2021-01-04,19 day ahead inc case,2021-01-23,quantile,0.45,40183.174357441545
06,2021-01-04,19 day ahead inc case,2021-01-23,quantile,0.5,43683.52096478285
06,2021-01-04,19 day ahead inc case,2021-01-23,quantile,0.55,47117.42026392418
06,2021-01-04,19 day ahead inc case,2021-01-23,quantile,0.6,50725.92383476227
06,2021-01-04,19 day ahead inc case,2021-01-23,quantile,0.65,55441.26437774044
06,2021-01-04,19 day ahead inc case,2021-01-23,quantile,0.7,59772.06000034366
06,2021-01-04,19 day ahead inc case,2021-01-23,quantile,0.75,64629.904338310924
06,2021-01-04,19 day ahead inc case,2021-01-23,quantile,0.8,72223.04833050774
06,2021-01-04,19 day ahead inc case,2021-01-23,quantile,0.85,79227.35700281213
06,2021-01-04,19 day ahead inc case,2021-01-23,quantile,0.9,90016.93646884848
06,2021-01-04,19 day ahead inc case,2021-01-23,quantile,0.95,106060.5556568903
06,2021-01-04,19 day ahead inc case,2021-01-23,quantile,0.975,125183.98381256842
06,2021-01-04,19 day ahead inc case,2021-01-23,quantile,0.99,149557.57345124718
06,2021-01-04,20 day ahead inc case,2021-01-24,quantile,0.01,794.1674876646462
06,2021-01-04,20 day ahead inc case,2021-01-24,quantile,0.025,1599.2567489146004
06,2021-01-04,20 day ahead inc case,2021-01-24,quantile,0.05,2232.1552578872297
06,2021-01-04,20 day ahead inc case,2021-01-24,quantile,0.1,3516.2509964824603
06,2021-01-04,20 day ahead inc case,2021-01-24,quantile,0.15,4811.1670126371855
06,2021-01-04,20 day ahead inc case,2021-01-24,quantile,0.2,5840.403978595356
06,2021-01-04,20 day ahead inc case,2021-01-24,quantile,0.25,6978.646612589183
06,2021-01-04,20 day ahead inc case,2021-01-24,quantile,0.3,8045.160006627168
06,2021-01-04,20 day ahead inc case,2021-01-24,quantile,0.35,9195.130011175414
06,2021-01-04,20 day ahead inc case,2021-01-24,quantile,0.4,10436.408275756774
06,2021-01-04,20 day ahead inc case,2021-01-24,quantile,0.45,12041.828991077762
06,2021-01-04,20 day ahead inc case,2021-01-24,quantile,0.5,13509.830999270473
06,2021-01-04,20 day ahead inc case,2021-01-24,quantile,0.55,14841.28738219802
06,2021-01-04,20 day ahead inc case,2021-01-24,quantile,0.6,16903.826121009268
06,2021-01-04,20 day ahead inc case,2021-01-24,quantile,0.65,18640.13501657635
06,2021-01-04,20 day ahead inc case,2021-01-24,quantile,0.7,20689.007544795266
06,2021-01-04,20 day ahead inc case,2021-01-24,quantile,0.75,22654.04384391852
06,2021-01-04,20 day ahead inc case,2021-01-24,quantile,0.8,25190.312476003473
06,2021-01-04,20 day ahead inc case,2021-01-24,quantile,0.85,28355.818526064344
06,2021-01-04,20 day ahead inc case,2021-01-24,quantile,0.9,34412.6354894411
06,2021-01-04,20 day ahead inc case,2021-01-24,quantile,0.95,41421.551305778296
06,2021-01-04,20 day ahead inc case,2021-01-24,quantile,0.975,53233.09719787237
06,2021-01-04,20 day ahead inc case,2021-01-24,quantile,0.99,64716.150795551155
06,2021-01-04,21 day ahead inc case,2021-01-25,quantile,0.01,7269.197213382242
06,2021-01-04,21 day ahead inc case,2021-01-25,quantile,0.025,10879.987213063689
06,2021-01-04,21 day ahead inc case,2021-01-25,quantile,0.05,15730.290906321614
06,2021-01-04,21 day ahead inc case,2021-01-25,quantile,0.1,20969.684396746798
06,2021-01-04,21 day ahead inc case,2021-01-25,quantile,0.15,24609.70027866736
06,2021-01-04,21 day ahead inc case,2021-01-25,quantile,0.2,27337.71546135447
06,2021-01-04,21 day ahead inc case,2021-01-25,quantile,0.25,29862.916026670817
06,2021-01-04,21 day ahead inc case,2021-01-25,quantile,0.3,32938.982815338924
06,2021-01-04,21 day ahead inc case,2021-01-25,quantile,0.35,36595.01401306537
06,2021-01-04,21 day ahead inc case,2021-01-25,quantile,0.4,39875.72730857114
06,2021-01-04,21 day ahead inc case,2021-01-25,quantile,0.45,43846.768052018
06,2021-01-04,21 day ahead inc case,2021-01-25,quantile,0.5,48502.747826182735
06,2021-01-04,21 day ahead inc case,2021-01-25,quantile,0.55,51971.498193780375
06,2021-01-04,21 day ahead inc case,2021-01-25,quantile,0.6,56459.31602043734
06,2021-01-04,21 day ahead inc case,2021-01-25,quantile,0.65,61007.2677404858
06,2021-01-04,21 day ahead inc case,2021-01-25,quantile,0.7,65921.10335144716
06,2021-01-04,21 day ahead inc case,2021-01-25,quantile,0.75,72048.5127581067
06,2021-01-04,21 day ahead inc case,2021-01-25,quantile,0.8,79025.73034793076
06,2021-01-04,21 day ahead inc case,2021-01-25,quantile,0.85,88727.9172736445
06,2021-01-04,21 day ahead inc case,2021-01-25,quantile,0.9,101991.36256262693
06,2021-01-04,21 day ahead inc case,2021-01-25,quantile,0.95,120654.93766547737
06,2021-01-04,21 day ahead inc case,2021-01-25,quantile,0.975,133017.96584311497
06,2021-01-04,21 day ahead inc case,2021-01-25,quantile,0.99,172391.61096996008
06,2021-01-04,22 day ahead inc case,2021-01-26,quantile,0.01,1292.9699015180615
06,2021-01-04,22 day ahead inc case,2021-01-26,quantile,0.025,2146.876286911634
06,2021-01-04,22 day ahead inc case,2021-01-26,quantile,0.05,3523.1292409613675
06,2021-01-04,22 day ahead inc case,2021-01-26,quantile,0.1,5901.319338831809
06,2021-01-04,22 day ahead inc case,2021-01-26,quantile,0.15,7981.109214354133
06,2021-01-04,22 day ahead inc case,2021-01-26,quantile,0.2,10116.025342559979
06,2021-01-04,22 day ahead inc case,2021-01-26,quantile,0.25,12622.422882504508
06,2021-01-04,22 day ahead inc case,2021-01-26,quantile,0.3,14922.92027945844
06,2021-01-04,22 day ahead inc case,2021-01-26,quantile,0.35,16923.32904871212
06,2021-01-04,22 day ahead inc case,2021-01-26,quantile,0.4,18964.712465884422
06,2021-01-04,22 day ahead inc case,2021-01-26,quantile,0.45,21439.086764447246
06,2021-01-04,22 day ahead inc case,2021-01-26,quantile,0.5,24266.549483694125
06,2021-01-04,22 day ahead inc case,2021-01-26,quantile,0.55,27244.19576688206
06,2021-01-04,22 day ahead inc case,2021-01-26,quantile,0.6,31223.48493486553
06,2021-01-04,22 day ahead inc case,2021-01-26,quantile,0.65,35735.77237905213
06,2021-01-04,22 day ahead inc case,2021-01-26,quantile,0.7,39843.09377223153
06,2021-01-04,22 day ahead inc case,2021-01-26,quantile,0.75,44677.383678534585
06,2021-01-04,22 day ahead inc case,2021-01-26,quantile,0.8,49348.98619839233
06,2021-01-04,22 day ahead inc case,2021-01-26,quantile,0.85,56784.42216662223
06,2021-01-04,22 day ahead inc case,2021-01-26,quantile,0.9,65959.35832936001
06,2021-01-04,22 day ahead inc case,2021-01-26,quantile,0.95,83538.07510979773
06,2021-01-04,22 day ahead inc case,2021-01-26,quantile,0.975,115204.4305592585
06,2021-01-04,22 day ahead inc case,2021-01-26,quantile,0.99,135362.94040836114
06,2021-01-04,23 day ahead inc case,2021-01-27,quantile,0.01,5.473137105240223
06,2021-01-04,23 day ahead inc case,2021-01-27,quantile,0.025,67.98280352863692
06,2021-01-04,23 day ahead inc case,2021-01-27,quantile,0.05,175.92412596883594
06,2021-01-04,23 day ahead inc case,2021-01-27,quantile,0.1,536.3648848792475
06,2021-01-04,23 day ahead inc case,2021-01-27,quantile,0.15,991.896430408202
06,2021-01-04,23 day ahead inc case,2021-01-27,quantile,0.2,1422.3319314225735
06,2021-01-04,23 day ahead inc case,2021-01-27,quantile,0.25,1942.9545295179337
06,2021-01-04,23 day ahead inc case,2021-01-27,quantile,0.3,2533.7218499104947
06,2021-01-04,23 day ahead inc case,2021-01-27,quantile,0.35,3233.726122125888
06,2021-01-04,23 day ahead inc case,2021-01-27,quantile,0.4,3901.7575618317537
06,2021-01-04,23 day ahead inc case,2021-01-27,quantile,0.45,4981.369446003754
06,2021-01-04,23 day ahead inc case,2021-01-27,quantile,0.5,6021.536157964618
06,2021-01-04,23 day ahead inc case,2021-01-27,quantile,0.55,7055.058780718809
06,2021-01-04,23 day ahead inc case,2021-01-27,quantile,0.6,8367.206142742532
06,2021-01-04,23 day ahead inc case,2021-01-27,quantile,0.65,9914.352206893624
06,2021-01-04,23 day ahead inc case,2021-01-27,quantile,0.7,11976.257058402407
06,2021-01-04,23 day ahead inc case,2021-01-27,quantile,0.75,13834.580210635893
06,2021-01-04,23 day ahead inc case,2021-01-27,quantile,0.8,16753.115290627375
06,2021-01-04,23 day ahead inc case,2021-01-27,quantile,0.85,20224.545448923658
06,2021-01-04,23 day ahead inc case,2021-01-27,quantile,0.9,24940.76058924388
06,2021-01-04,23 day ahead inc case,2021-01-27,quantile,0.95,35094.23715940122
06,2021-01-04,23 day ahead inc case,2021-01-27,quantile,0.975,46816.37768304538
06,2021-01-04,23 day ahead inc case,2021-01-27,quantile,0.99,60631.96502087621
06,2021-01-04,24 day ahead inc case,2021-01-28,quantile,0.01,8725.066596091698
06,2021-01-04,24 day ahead inc case,2021-01-28,quantile,0.025,12594.246873411927
06,2021-01-04,24 day ahead inc case,2021-01-28,quantile,0.05,19300.624879487423
06,2021-01-04,24 day ahead inc case,2021-01-28,quantile,0.1,26766.930598932602
06,2021-01-04,24 day ahead inc case,2021-01-28,quantile,0.15,33042.189753427534
06,2021-01-04,24 day ahead inc case,2021-01-28,quantile,0.2,38748.959624877505
06,2021-01-04,24 day ahead inc case,2021-01-28,quantile,0.25,43144.190194669296
06,2021-01-04,24 day ahead inc case,2021-01-28,quantile,0.3,48651.89207224616
06,2021-01-04,24 day ahead inc case,2021-01-28,quantile,0.35,53455.39489866249
06,2021-01-04,24 day ahead inc case,2021-01-28,quantile,0.4,59048.85319960589
06,2021-01-04,24 day ahead inc case,2021-01-28,quantile,0.45,64638.76743368171
06,2021-01-04,24 day ahead inc case,2021-01-28,quantile,0.5,70050.7198617479
06,2021-01-04,24 day ahead inc case,2021-01-28,quantile,0.55,75727.32612621592
06,2021-01-04,24 day ahead inc case,2021-01-28,quantile,0.6,81658.51799961596
06,2021-01-04,24 day ahead inc case,2021-01-28,quantile,0.65,88190.33396714767
06,2021-01-04,24 day ahead inc case,2021-01-28,quantile,0.7,96606.8589556046
06,2021-01-04,24 day ahead inc case,2021-01-28,quantile,0.75,108670.40480351688
06,2021-01-04,24 day ahead inc case,2021-01-28,quantile,0.8,123096.93483863802
06,2021-01-04,24 day ahead inc case,2021-01-28,quantile,0.85,139002.71909512556
06,2021-01-04,24 day ahead inc case,2021-01-28,quantile,0.9,158002.70262055285
06,2021-01-04,24 day ahead inc case,2021-01-28,quantile,0.95,188997.39398799549
06,2021-01-04,24 day ahead inc case,2021-01-28,quantile,0.975,219914.81893361523
06,2021-01-04,24 day ahead inc case,2021-01-28,quantile,0.99,267818.9414627161
06,2021-01-04,25 day ahead inc case,2021-01-29,quantile,0.01,7984.966178028876
06,2021-01-04,25 day ahead inc case,2021-01-29,quantile,0.025,11814.153488345375
06,2021-01-04,25 day ahead inc case,2021-01-29,quantile,0.05,16590.801660293764
06,2021-01-04,25 day ahead inc case,2021-01-29,quantile,0.1,22312.09032643342
06,2021-01-04,25 day ahead inc case,2021-01-29,quantile,0.15,27564.24037613909
06,2021-01-04,25 day ahead inc case,2021-01-29,quantile,0.2,32474.385490036464
06,2021-01-04,25 day ahead inc case,2021-01-29,quantile,0.25,37834.896237272136
06,2021-01-04,25 day ahead inc case,2021-01-29,quantile,0.3,43655.027952409575
06,2021-01-04,25 day ahead inc case,2021-01-29,quantile,0.35,47986.231956271105
06,2021-01-04,25 day ahead inc case,2021-01-29,quantile,0.4,52749.13276050998
06,2021-01-04,25 day ahead inc case,2021-01-29,quantile,0.45,57613.27997186404
06,2021-01-04,25 day ahead inc case,2021-01-29,quantile,0.5,62607.89821860303
06,2021-01-04,25 day ahead inc case,2021-01-29,quantile,0.55,66620.46722918744
06,2021-01-04,25 day ahead inc case,2021-01-29,quantile,0.6,72527.27951104118
06,2021-01-04,25 day ahead inc case,2021-01-29,quantile,0.65,79001.700664981
06,2021-01-04,25 day ahead inc case,2021-01-29,quantile,0.7,86786.04949178011
06,2021-01-04,25 day ahead inc case,2021-01-29,quantile,0.75,96279.7109423108
06,2021-01-04,25 day ahead inc case,2021-01-29,quantile,0.8,105786.12622863897
06,2021-01-04,25 day ahead inc case,2021-01-29,quantile,0.85,119221.9230053041
06,2021-01-04,25 day ahead inc case,2021-01-29,quantile,0.9,136747.18994754824
06,2021-01-04,25 day ahead inc case,2021-01-29,quantile,0.95,167343.0115304551
06,2021-01-04,25 day ahead inc case,2021-01-29,quantile,0.975,196968.89446873803
06,2021-01-04,25 day ahead inc case,2021-01-29,quantile,0.99,231538.41743474538
06,2021-01-04,26 day ahead inc case,2021-01-30,quantile,0.01,5745.240172463202
06,2021-01-04,26 day ahead inc case,2021-01-30,quantile,0.025,8537.455117267931
06,2021-01-04,26 day ahead inc case,2021-01-30,quantile,0.05,10433.991223575053
06,2021-01-04,26 day ahead inc case,2021-01-30,quantile,0.1,15123.319652394908
06,2021-01-04,26 day ahead inc case,2021-01-30,quantile,0.15,19339.171281347593
06,2021-01-04,26 day ahead inc case,2021-01-30,quantile,0.2,22174.990908556167
06,2021-01-04,26 day ahead inc case,2021-01-30,quantile,0.25,25160.168558433717
06,2021-01-04,26 day ahead inc case,2021-01-30,quantile,0.3,28520.485049302613
06,2021-01-04,26 day ahead inc case,2021-01-30,quantile,0.35,31972.13965509186
06,2021-01-04,26 day ahead inc case,2021-01-30,quantile,0.4,34780.750364329426
06,2021-01-04,26 day ahead inc case,2021-01-30,quantile,0.45,37794.55511537412
06,2021-01-04,26 day ahead inc case,2021-01-30,quantile,0.5,42079.433837738914
06,2021-01-04,26 day ahead inc case,2021-01-30,quantile,0.55,46952.885711470626
06,2021-01-04,26 day ahead inc case,2021-01-30,quantile,0.6,51778.53261816451
06,2021-01-04,26 day ahead inc case,2021-01-30,quantile,0.65,57947.92570366862
06,2021-01-04,26 day ahead inc case,2021-01-30,quantile,0.7,63329.77139290147
06,2021-01-04,26 day ahead inc case,2021-01-30,quantile,0.75,71072.8906277889
06,2021-01-04,26 day ahead inc case,2021-01-30,quantile,0.8,80380.74994547118
06,2021-01-04,26 day ahead inc case,2021-01-30,quantile,0.85,89328.11476553303
06,2021-01-04,26 day ahead inc case,2021-01-30,quantile,0.9,103710.27317921282
06,2021-01-04,26 day ahead inc case,2021-01-30,quantile,0.95,127302.65792861184
06,2021-01-04,26 day ahead inc case,2021-01-30,quantile,0.975,150340.8247072618
06,2021-01-04,26 day ahead inc case,2021-01-30,quantile,0.99,193146.75850288817
06,2021-01-04,27 day ahead inc case,2021-01-31,quantile,0.01,230.339023716487
06,2021-01-04,27 day ahead inc case,2021-01-31,quantile,0.025,691.6182522534813
06,2021-01-04,27 day ahead inc case,2021-01-31,quantile,0.05,1177.278932762424
06,2021-01-04,27 day ahead inc case,2021-01-31,quantile,0.1,2179.3712551651665
06,2021-01-04,27 day ahead inc case,2021-01-31,quantile,0.15,3518.8504815947463
06,2021-01-04,27 day ahead inc case,2021-01-31,quantile,0.2,4655.345411033801
06,2021-01-04,27 day ahead inc case,2021-01-31,quantile,0.25,5760.812743265973
06,2021-01-04,27 day ahead inc case,2021-01-31,quantile,0.3,6909.274895875648
06,2021-01-04,27 day ahead inc case,2021-01-31,quantile,0.35,8089.732736211259
06,2021-01-04,27 day ahead inc case,2021-01-31,quantile,0.4,9535.052104432507
06,2021-01-04,27 day ahead inc case,2021-01-31,quantile,0.45,11031.18000075845
06,2021-01-04,27 day ahead inc case,2021-01-31,quantile,0.5,12109.066146855192
06,2021-01-04,27 day ahead inc case,2021-01-31,quantile,0.55,14230.886106170954
06,2021-01-04,27 day ahead inc case,2021-01-31,quantile,0.6,16271.515301201283
06,2021-01-04,27 day ahead inc case,2021-01-31,quantile,0.65,18734.867371826076
06,2021-01-04,27 day ahead inc case,2021-01-31,quantile,0.7,21287.11084560864
06,2021-01-04,27 day ahead inc case,2021-01-31,quantile,0.75,24853.71215406674
06,2021-01-04,27 day ahead inc case,2021-01-31,quantile,0.8,29393.843261299662
06,2021-01-04,27 day ahead inc case,2021-01-31,quantile,0.85,33789.43548692324
06,2021-01-04,27 day ahead inc case,2021-01-31,quantile,0.9,40708.765225154144
06,2021-01-04,27 day ahead inc case,2021-01-31,quantile,0.95,52992.77232993338
06,2021-01-04,27 day ahead inc case,2021-01-31,quantile,0.975,63930.7548506523
06,2021-01-04,27 day ahead inc case,2021-01-31,quantile,0.99,99381.35417225723
06,2021-01-04,28 day ahead inc case,2021-02-01,quantile,0.01,5614.191289614531
06,2021-01-04,28 day ahead inc case,2021-02-01,quantile,0.025,7461.106359271447
06,2021-01-04,28 day ahead inc case,2021-02-01,quantile,0.05,10312.523030217733
06,2021-01-04,28 day ahead inc case,2021-02-01,quantile,0.1,15758.547678831985
06,2021-01-04,28 day ahead inc case,2021-02-01,quantile,0.15,19741.69950809402
06,2021-01-04,28 day ahead inc case,2021-02-01,quantile,0.2,23047.315849542425
06,2021-01-04,28 day ahead inc case,2021-02-01,quantile,0.25,26934.819201285864
06,2021-01-04,28 day ahead inc case,2021-02-01,quantile,0.3,30970.933706364303
06,2021-01-04,28 day ahead inc case,2021-02-01,quantile,0.35,34493.78724580113
06,2021-01-04,28 day ahead inc case,2021-02-01,quantile,0.4,38781.81000675463
06,2021-01-04,28 day ahead inc case,2021-02-01,quantile,0.45,42672.724708056325
06,2021-01-04,28 day ahead inc case,2021-02-01,quantile,0.5,46798.946895028756
06,2021-01-04,28 day ahead inc case,2021-02-01,quantile,0.55,52262.107458072824
06,2021-01-04,28 day ahead inc case,2021-02-01,quantile,0.6,57321.33580959043
06,2021-01-04,28 day ahead inc case,2021-02-01,quantile,0.65,64778.51418679206
06,2021-01-04,28 day ahead inc case,2021-02-01,quantile,0.7,72616.45077718016
06,2021-01-04,28 day ahead inc case,2021-02-01,quantile,0.75,81362.7691168387
06,2021-01-04,28 day ahead inc case,2021-02-01,quantile,0.8,90844.78148306986
06,2021-01-04,28 day ahead inc case,2021-02-01,quantile,0.85,103018.98871411405
06,2021-01-04,28 day ahead inc case,2021-02-01,quantile,0.9,118991.87544337184
06,2021-01-04,28 day ahead inc case,2021-02-01,quantile,0.95,143807.2768373785
06,2021-01-04,28 day ahead inc case,2021-02-01,quantile,0.975,175400.6389685021
06,2021-01-04,28 day ahead inc case,2021-02-01,quantile,0.99,206924.797802598
